-28 -5 -1
-28 -5 0
-28 -5 1
-28 -4 -3
-28 -4 -2
-28 -4 -1
-28 -4 0
-28 -4 1
-28 -4 2
-28 -4 3
-28 -3 -4
-28 -3 -3
-28 -3 -2
-28 -3 -1
-28 -3 0
-28 -3 1
-28 -3 2
-28 -3 3
-28 -3 4
-28 -2 -4
-28 -2 -3
-28 -2 -2
-28 -2 -1
-28 -2 0
-28 -2 1
-28 -2 2
-28 -2 3
-28 -2 4
-28 -1 -5
-28 -1 -4
-28 -1 -3
-28 -1 -2
-28 -1 -1
-28 -1 0
-28 -1 1
-28 -1 2
-28 -1 3
-28 -1 4
-28 -1 5
-28 0 -5
-28 0 -4
-28 0 -3
-28 0 -2
-28 0 -1
-28 0 0
-28 0 1
-28 0 2
-28 0 3
-28 0 4
-28 0 5
-28 1 -5
-28 1 -4
-28 1 -3
-28 1 -2
-28 1 -1
-28 1 0
-28 1 1
-28 1 2
-28 1 3
-28 1 4
-28 1 5
-28 2 -4
-28 2 -3
-28 2 -2
-28 2 -1
-28 2 0
-28 2 1
-28 2 2
-28 2 3
-28 2 4
-28 3 -4
-28 3 -3
-28 3 -2
-28 3 -1
-28 3 0
-28 3 1
-28 3 2
-28 3 3
-28 3 4
-28 4 -3
-28 4 -2
-28 4 -1
-28 4 0
-28 4 1
-28 4 2
-28 4 3
-28 5 -1
-28 5 0
-28 5 1
-27 -9 -1
-27 -9 0
-27 -9 1
-27 -8 -4
-27 -8 -3
-27 -8 -2
-27 -8 -1
-27 -8 0
-27 -8 1
-27 -8 2
-27 -8 3
-27 -8 4
-27 -7 -5
-27 -7 -4
-27 -7 -3
-27 -7 -2
-27 -7 -1
-27 -7 0
-27 -7 1
-27 -7 2
-27 -7 3
-27 -7 4
-27 -7 5
-27 -6 -6
-27 -6 -5
-27 -6 -4
-27 -6 -3
-27 -6 -2
-27 -6 -1
-27 -6 0
-27 -6 1
-27 -6 2
-27 -6 3
-27 -6 4
-27 -6 5
-27 -6 6
-27 -5 -7
-27 -5 -6
-27 -5 -5
-27 -5 -4
-27 -5 -3
-27 -5 -2
-27 -5 2
-27 -5 3
-27 -5 4
-27 -5 5
-27 -5 6
-27 -5 7
-27 -4 -8
-27 -4 -7
-27 -4 -6
-27 -4 -5
-27 -4 -4
-27 -4 4
-27 -4 5
-27 -4 6
-27 -4 7
-27 -4 8
-27 -3 -8
-27 -3 -7
-27 -3 -6
-27 -3 -5
-27 -3 5
-27 -3 6
-27 -3 7
-27 -3 8
-27 -2 -8
-27 -2 -7
-27 -2 -6
-27 -2 -5
-27 -2 5
-27 -2 6
-27 -2 7
-27 -2 8
-27 -1 -9
-27 -1 -8
-27 -1 -7
-27 -1 -6
-27 -1 6
-27 -1 7
-27 -1 8
-27 -1 9
-27 0 -9
-27 0 -8
-27 0 -7
-27 0 -6
-27 0 6
-27 0 7
-27 0 8
-27 0 9
-27 1 -9
-27 1 -8
-27 1 -7
-27 1 -6
-27 1 6
-27 1 7
-27 1 8
-27 1 9
-27 2 -8
-27 2 -7
-27 2 -6
-27 2 -5
-27 2 5
-27 2 6
-27 2 7
-27 2 8
-27 3 -8
-27 3 -7
-27 3 -6
-27 3 -5
-27 3 5
-27 3 6
-27 3 7
-27 3 8
-27 4 -8
-27 4 -7
-27 4 -6
-27 4 -5
-27 4 -4
-27 4 4
-27 4 5
-27 4 6
-27 4 7
-27 4 8
-27 5 -7
-27 5 -6
-27 5 -5
-27 5 -4
-27 5 -3
-27 5 -2
-27 5 2
-27 5 3
-27 5 4
-27 5 5
-27 5 6
-27 5 7
-27 6 -6
-27 6 -5
-27 6 -4
-27 6 -3
-27 6 -2
-27 6 -1
-27 6 0
-27 6 1
-27 6 2
-27 6 3
-27 6 4
-27 6 5
-27 6 6
-27 7 -5
-27 7 -4
-27 7 -3
-27 7 -2
-27 7 -1
-27 7 0
-27 7 1
-27 7 2
-27 7 3
-27 7 4
-27 7 5
-27 8 -4
-27 8 -3
-27 8 -2
-27 8 -1
-27 8 0
-27 8 1
-27 8 2
-27 8 3
-27 8 4
-27 9 -1
-27 9 0
-27 9 1
-26 -11 -3
-26 -11 -2
-26 -11 -1
-26 -11 0
-26 -11 1
-26 -11 2
-26 -11 3
-26 -10 -6
-26 -10 -5
-26 -10 -4
-26 -10 -3
-26 -10 -2
-26 -10 -1
-26 -10 0
-26 -10 1
-26 -10 2
-26 -10 3
-26 -10 4
-26 -10 5
-26 -10 6
-26 -9 -7
-26 -9 -6
-26 -9 -5
-26 -9 -4
-26 -9 -3
-26 -9 -2
-26 -9 2
-26 -9 3
-26 -9 4
-26 -9 5
-26 -9 6
-26 -9 7
-26 -8 -8
-26 -8 -7
-26 -8 -6
-26 -8 -5
-26 -8 5
-26 -8 6
-26 -8 7
-26 -8 8
-26 -7 -9
-26 -7 -8
-26 -7 -7
-26 -7 -6
-26 -7 6
-26 -7 7
-26 -7 8
-26 -7 9
-26 -6 -10
-26 -6 -9
-26 -6 -8
-26 -6 -7
-26 -6 7
-26 -6 8
-26 -6 9
-26 -6 10
-26 -5 -10
-26 -5 -9
-26 -5 -8
-26 -5 8
-26 -5 9
-26 -5 10
-26 -4 -10
-26 -4 -9
-26 -4 9
-26 -4 10
-26 -3 -11
-26 -3 -10
-26 -3 -9
-26 -3 9
-26 -3 10
-26 -3 11
-26 -2 -11
-26 -2 -10
-26 -2 -9
-26 -2 9
-26 -2 10
-26 -2 11
-26 -1 -11
-26 -1 -10
-26 -1 10
-26 -1 11
-26 0 -11
-26 0 -10
-26 0 10
-26 0 11
-26 1 -11
-26 1 -10
-26 1 10
-26 1 11
-26 2 -11
-26 2 -10
-26 2 -9
-26 2 9
-26 2 10
-26 2 11
-26 3 -11
-26 3 -10
-26 3 -9
-26 3 9
-26 3 10
-26 3 11
-26 4 -10
-26 4 -9
-26 4 9
-26 4 10
-26 5 -10
-26 5 -9
-26 5 -8
-26 5 8
-26 5 9
-26 5 10
-26 6 -10
-26 6 -9
-26 6 -8
-26 6 -7
-26 6 7
-26 6 8
-26 6 9
-26 6 10
-26 7 -9
-26 7 -8
-26 7 -7
-26 7 -6
-26 7 6
-26 7 7
-26 7 8
-26 7 9
-26 8 -8
-26 8 -7
-26 8 -6
-26 8 -5
-26 8 5
-26 8 6
-26 8 7
-26 8 8
-26 9 -7
-26 9 -6
-26 9 -5
-26 9 -4
-26 9 -3
-26 9 -2
-26 9 2
-26 9 3
-26 9 4
-26 9 5
-26 9 6
-26 9 7
-26 10 -6
-26 10 -5
-26 10 -4
-26 10 -3
-26 10 -2
-26 10 -1
-26 10 0
-26 10 1
-26 10 2
-26 10 3
-26 10 4
-26 10 5
-26 10 6
-26 11 -3
-26 11 -2
-26 11 -1
-26 11 0
-26 11 1
-26 11 2
-26 11 3
-25 -13 -4
-25 -13 -3
-25 -13 -2
-25 -13 -1
-25 -13 0
-25 -13 1
-25 -13 2
-25 -13 3
-25 -13 4
-25 -12 -6
-25 -12 -5
-25 -12 -4
-25 -12 -3
-25 -12 -2
-25 -12 -1
-25 -12 0
-25 -12 1
-25 -12 2
-25 -12 3
-25 -12 4
-25 -12 5
-25 -12 6
-25 -11 -8
-25 -11 -7
-25 -11 -6
-25 -11 -5
-25 -11 -4
-25 -11 4
-25 -11 5
-25 -11 6
-25 -11 7
-25 -11 8
-25 -10 -9
-25 -10 -8
-25 -10 -7
-25 -10 7
-25 -10 8
-25 -10 9
-25 -9 -10
-25 -9 -9
-25 -9 -8
-25 -9 8
-25 -9 9
-25 -9 10
-25 -8 -11
-25 -8 -10
-25 -8 -9
-25 -8 9
-25 -8 10
-25 -8 11
-25 -7 -11
-25 -7 -10
-25 -7 10
-25 -7 11
-25 -6 -12
-25 -6 -11
-25 -6 11
-25 -6 12
-25 -5 -12
-25 -5 -11
-25 -5 11
-25 -5 12
-25 -4 -13
-25 -4 -12
-25 -4 -11
-25 -4 11
-25 -4 12
-25 -4 13
-25 -3 -13
-25 -3 -12
-25 -3 12
-25 -3 13
-25 -2 -13
-25 -2 -12
-25 -2 12
-25 -2 13
-25 -1 -13
-25 -1 -12
-25 -1 12
-25 -1 13
-25 0 -13
-25 0 -12
-25 0 12
-25 0 13
-25 1 -13
-25 1 -12
-25 1 12
-25 1 13
-25 2 -13
-25 2 -12
-25 2 12
-25 2 13
-25 3 -13
-25 3 -12
-25 3 12
-25 3 13
-25 4 -13
-25 4 -12
-25 4 -11
-25 4 11
-25 4 12
-25 4 13
-25 5 -12
-25 5 -11
-25 5 11
-25 5 12
-25 6 -12
-25 6 -11
-25 6 11
-25 6 12
-25 7 -11
-25 7 -10
-25 7 10
-25 7 11
-25 8 -11
-25 8 -10
-25 8 -9
-25 8 9
-25 8 10
-25 8 11
-25 9 -10
-25 9 -9
-25 9 -8
-25 9 8
-25 9 9
-25 9 10
-25 10 -9
-25 10 -8
-25 10 -7
-25 10 7
-25 10 8
-25 10 9
-25 11 -8
-25 11 -7
-25 11 -6
-25 11 -5
-25 11 -4
-25 11 4
-25 11 5
-25 11 6
-25 11 7
-25 11 8
-25 12 -6
-25 12 -5
-25 12 -4
-25 12 -3
-25 12 -2
-25 12 -1
-25 12 0
-25 12 1
-25 12 2
-25 12 3
-25 12 4
-25 12 5
-25 12 6
-25 13 -4
-25 13 -3
-25 13 -2
-25 13 -1
-25 13 0
-25 13 1
-25 13 2
-25 13 3
-25 13 4
-24 -15 -3
-24 -15 -2
-24 -15 -1
-24 -15 0
-24 -15 1
-24 -15 2
-24 -15 3
-24 -14 -6
-24 -14 -5
-24 -14 -4
-24 -14 -3
-24 -14 -2
-24 -14 -1
-24 -14 0
-24 -14 1
-24 -14 2
-24 -14 3
-24 -14 4
-24 -14 5
-24 -14 6
-24 -13 -8
-24 -13 -7
-24 -13 -6
-24 -13 -5
-24 -13 5
-24 -13 6
-24 -13 7
-24 -13 8
-24 -12 -9
-24 -12 -8
-24 -12 -7
-24 -12 7
-24 -12 8
-24 -12 9
-24 -11 -10
-24 -11 -9
-24 -11 9
-24 -11 10
-24 -10 -11
-24 -10 -10
-24 -10 10
-24 -10 11
-24 -9 -12
-24 -9 -11
-24 -9 11
-24 -9 12
-24 -8 -13
-24 -8 -12
-24 -8 12
-24 -8 13
-24 -7 -13
-24 -7 -12
-24 -7 12
-24 -7 13
-24 -6 -14
-24 -6 -13
-24 -6 13
-24 -6 14
-24 -5 -14
-24 -5 -13
-24 -5 13
-24 -5 14
-24 -4 -14
-24 -4 14
-24 -3 -15
-24 -3 -14
-24 -3 14
-24 -3 15
-24 -2 -15
-24 -2 -14
-24 -2 14
-24 -2 15
-24 -1 -15
-24 -1 -14
-24 -1 14
-24 -1 15
-24 0 -15
-24 0 -14
-24 0 14
-24 0 15
-24 1 -15
-24 1 -14
-24 1 14
-24 1 15
-24 2 -15
-24 2 -14
-24 2 14
-24 2 15
-24 3 -15
-24 3 -14
-24 3 14
-24 3 15
-24 4 -14
-24 4 14
-24 5 -14
-24 5 -13
-24 5 13
-24 5 14
-24 6 -14
-24 6 -13
-24 6 13
-24 6 14
-24 7 -13
-24 7 -12
-24 7 12
-24 7 13
-24 8 -13
-24 8 -12
-24 8 12
-24 8 13
-24 9 -12
-24 9 -11
-24 9 11
-24 9 12
-24 10 -11
-24 10 -10
-24 10 10
-24 10 11
-24 11 -10
-24 11 -9
-24 11 9
-24 11 10
-24 12 -9
-24 12 -8
-24 12 -7
-24 12 7
-24 12 8
-24 12 9
-24 13 -8
-24 13 -7
-24 13 -6
-24 13 -5
-24 13 5
-24 13 6
-24 13 7
-24 13 8
-24 14 -6
-24 14 -5
-24 14 -4
-24 14 -3
-24 14 -2
-24 14 -1
-24 14 0
-24 14 1
-24 14 2
-24 14 3
-24 14 4
-24 14 5
-24 14 6
-24 15 -3
-24 15 -2
-24 15 -1
-24 15 0
-24 15 1
-24 15 2
-24 15 3
-23 -16 -5
-23 -16 -4
-23 -16 -3
-23 -16 -2
-23 -16 -1
-23 -16 0
-23 -16 1
-23 -16 2
-23 -16 3
-23 -16 4
-23 -16 5
-23 -15 -7
-23 -15 -6
-23 -15 -5
-23 -15 -4
-23 -15 4
-23 -15 5
-23 -15 6
-23 -15 7
-23 -14 -9
-23 -14 -8
-23 -14 -7
-23 -14 7
-23 -14 8
-23 -14 9
-23 -13 -10
-23 -13 -9
-23 -13 9
-23 -13 10
-23 -12 -11
-23 -12 -10
-23 -12 10
-23 -12 11
-23 -11 -12
-23 -11 -11
-23 -11 11
-23 -11 12
-23 -10 -13
-23 -10 -12
-23 -10 12
-23 -10 13
-23 -9 -14
-23 -9 -13
-23 -9 13
-23 -9 14
-23 -8 -14
-23 -8 14
-23 -7 -15
-23 -7 -14
-23 -7 14
-23 -7 15
-23 -6 -15
-23 -6 15
-23 -5 -16
-23 -5 -15
-23 -5 15
-23 -5 16
-23 -4 -16
-23 -4 -15
-23 -4 15
-23 -4 16
-23 -3 -16
-23 -3 16
-23 -2 -16
-23 -2 16
-23 -1 -16
-23 -1 16
-23 0 -16
-23 0 16
-23 1 -16
-23 1 16
-23 2 -16
-23 2 16
-23 3 -16
-23 3 16
-23 4 -16
-23 4 -15
-23 4 15
-23 4 16
-23 5 -16
-23 5 -15
-23 5 15
-23 5 16
-23 6 -15
-23 6 15
-23 7 -15
-23 7 -14
-23 7 14
-23 7 15
-23 8 -14
-23 8 14
-23 9 -14
-23 9 -13
-23 9 13
-23 9 14
-23 10 -13
-23 10 -12
-23 10 12
-23 10 13
-23 11 -12
-23 11 -11
-23 11 11
-23 11 12
-23 12 -11
-23 12 -10
-23 12 10
-23 12 11
-23 13 -10
-23 13 -9
-23 13 9
-23 13 10
-23 14 -9
-23 14 -8
-23 14 -7
-23 14 7
-23 14 8
-23 14 9
-23 15 -7
-23 15 -6
-23 15 -5
-23 15 -4
-23 15 4
-23 15 5
-23 15 6
-23 15 7
-23 16 -5
-23 16 -4
-23 16 -3
-23 16 -2
-23 16 -1
-23 16 0
-23 16 1
-23 16 2
-23 16 3
-23 16 4
-23 16 5
-22 -18 -2
-22 -18 -1
-22 -18 0
-22 -18 1
-22 -18 2
-22 -17 -6
-22 -17 -5
-22 -17 -4
-22 -17 -3
-22 -17 -2
-22 -17 -1
-22 -17 0
-22 -17 1
-22 -17 2
-22 -17 3
-22 -17 4
-22 -17 5
-22 -17 6
-22 -16 -8
-22 -16 -7
-22 -16 -6
-22 -16 6
-22 -16 7
-22 -16 8
-22 -15 -10
-22 -15 -9
-22 -15 -8
-22 -15 8
-22 -15 9
-22 -15 10
-22 -14 -11
-22 -14 -10
-22 -14 10
-22 -14 11
-22 -13 -12
-22 -13 -11
-22 -13 11
-22 -13 12
-22 -12 -13
-22 -12 -12
-22 -12 12
-22 -12 13
-22 -11 -14
-22 -11 -13
-22 -11 13
-22 -11 14
-22 -10 -15
-22 -10 -14
-22 -10 14
-22 -10 15
-22 -9 -15
-22 -9 15
-22 -8 -16
-22 -8 -15
-22 -8 15
-22 -8 16
-22 -7 -16
-22 -7 16
-22 -6 -17
-22 -6 -16
-22 -6 16
-22 -6 17
-22 -5 -17
-22 -5 17
-22 -4 -17
-22 -4 17
-22 -3 -17
-22 -3 17
-22 -2 -18
-22 -2 -17
-22 -2 17
-22 -2 18
-22 -1 -18
-22 -1 -17
-22 -1 17
-22 -1 18
-22 0 -18
-22 0 -17
-22 0 17
-22 0 18
-22 1 -18
-22 1 -17
-22 1 17
-22 1 18
-22 2 -18
-22 2 -17
-22 2 17
-22 2 18
-22 3 -17
-22 3 17
-22 4 -17
-22 4 17
-22 5 -17
-22 5 17
-22 6 -17
-22 6 -16
-22 6 16
-22 6 17
-22 7 -16
-22 7 16
-22 8 -16
-22 8 -15
-22 8 15
-22 8 16
-22 9 -15
-22 9 15
-22 10 -15
-22 10 -14
-22 10 14
-22 10 15
-22 11 -14
-22 11 -13
-22 11 13
-22 11 14
-22 12 -13
-22 12 -12
-22 12 12
-22 12 13
-22 13 -12
-22 13 -11
-22 13 11
-22 13 12
-22 14 -11
-22 14 -10
-22 14 10
-22 14 11
-22 15 -10
-22 15 -9
-22 15 -8
-22 15 8
-22 15 9
-22 15 10
-22 16 -8
-22 16 -7
-22 16 -6
-22 16 6
-22 16 7
-22 16 8
-22 17 -6
-22 17 -5
-22 17 -4
-22 17 -3
-22 17 -2
-22 17 -1
-22 17 0
-22 17 1
-22 17 2
-22 17 3
-22 17 4
-22 17 5
-22 17 6
-22 18 -2
-22 18 -1
-22 18 0
-22 18 1
-22 18 2
-21 -19 -3
-21 -19 -2
-21 -19 -1
-21 -19 0
-21 -19 1
-21 -19 2
-21 -19 3
-21 -18 -6
-21 -18 -5
-21 -18 -4
-21 -18 -3
-21 -18 3
-21 -18 4
-21 -18 5
-21 -18 6
-21 -17 -9
-21 -17 -8
-21 -17 -7
-21 -17 7
-21 -17 8
-21 -17 9
-21 -16 -10
-21 -16 -9
-21 -16 9
-21 -16 10
-21 -15 -12
-21 -15 -11
-21 -15 11
-21 -15 12
-21 -14 -13
-21 -14 -12
-21 -14 12
-21 -14 13
-21 -13 -14
-21 -13 -13
-21 -13 13
-21 -13 14
-21 -12 -15
-21 -12 -14
-21 -12 14
-21 -12 15
-21 -11 -15
-21 -11 15
-21 -10 -16
-21 -10 16
-21 -9 -17
-21 -9 -16
-21 -9 16
-21 -9 17
-21 -8 -17
-21 -8 17
-21 -7 -17
-21 -7 17
-21 -6 -18
-21 -6 18
-21 -5 -18
-21 -5 18
-21 -4 -18
-21 -4 18
-21 -3 -19
-21 -3 -18
-21 -3 18
-21 -3 19
-21 -2 -19
-21 -2 19
-21 -1 -19
-21 -1 19
-21 0 -19
-21 0 19
-21 1 -19
-21 1 19
-21 2 -19
-21 2 19
-21 3 -19
-21 3 -18
-21 3 18
-21 3 19
-21 4 -18
-21 4 18
-21 5 -18
-21 5 18
-21 6 -18
-21 6 18
-21 7 -17
-21 7 17
-21 8 -17
-21 8 17
-21 9 -17
-21 9 -16
-21 9 16
-21 9 17
-21 10 -16
-21 10 16
-21 11 -15
-21 11 15
-21 12 -15
-21 12 -14
-21 12 14
-21 12 15
-21 13 -14
-21 13 -13
-21 13 13
-21 13 14
-21 14 -13
-21 14 -12
-21 14 12
-21 14 13
-21 15 -12
-21 15 -11
-21 15 11
-21 15 12
-21 16 -10
-21 16 -9
-21 16 9
-21 16 10
-21 17 -9
-21 17 -8
-21 17 -7
-21 17 7
-21 17 8
-21 17 9
-21 18 -6
-21 18 -5
-21 18 -4
-21 18 -3
-21 18 3
-21 18 4
-21 18 5
-21 18 6
-21 19 -3
-21 19 -2
-21 19 -1
-21 19 0
-21 19 1
-21 19 2
-21 19 3
-20 -20 -3
-20 -20 -2
-20 -20 -1
-20 -20 0
-20 -20 1
-20 -20 2
-20 -20 3
-20 -19 -7
-20 -19 -6
-20 -19 -5
-20 -19 -4
-20 -19 4
-20 -19 5
-20 -19 6
-20 -19 7
-20 -18 -9
-20 -18 -8
-20 -18 -7
-20 -18 7
-20 -18 8
-20 -18 9
-20 -17 -11
-20 -17 -10
-20 -17 10
-20 -17 11
-20 -16 -12
-20 -16 -11
-20 -16 11
-20 -16 12
-20 -15 -13
-20 -15 13
-20 -14 -14
-20 -14 14
-20 -13 -15
-20 -13 15
-20 -12 -16
-20 -12 16
-20 -11 -17
-20 -11 -16
-20 -11 16
-20 -11 17
-20 -10 -17
-20 -10 17
-20 -9 -18
-20 -9 18
-20 -8 -18
-20 -8 18
-20 -7 -19
-20 -7 -18
-20 -7 18
-20 -7 19
-20 -6 -19
-20 -6 19
-20 -5 -19
-20 -5 19
-20 -4 -19
-20 -4 19
-20 -3 -20
-20 -3 20
-20 -2 -20
-20 -2 20
-20 -1 -20
-20 -1 20
-20 0 -20
-20 0 20
-20 1 -20
-20 1 20
-20 2 -20
-20 2 20
-20 3 -20
-20 3 20
-20 4 -19
-20 4 19
-20 5 -19
-20 5 19
-20 6 -19
-20 6 19
-20 7 -19
-20 7 -18
-20 7 18
-20 7 19
-20 8 -18
-20 8 18
-20 9 -18
-20 9 18
-20 10 -17
-20 10 17
-20 11 -17
-20 11 -16
-20 11 16
-20 11 17
-20 12 -16
-20 12 16
-20 13 -15
-20 13 15
-20 14 -14
-20 14 14
-20 15 -13
-20 15 13
-20 16 -12
-20 16 -11
-20 16 11
-20 16 12
-20 17 -11
-20 17 -10
-20 17 10
-20 17 11
-20 18 -9
-20 18 -8
-20 18 -7
-20 18 7
-20 18 8
-20 18 9
-20 19 -7
-20 19 -6
-20 19 -5
-20 19 -4
-20 19 4
-20 19 5
-20 19 6
-20 19 7
-20 20 -3
-20 20 -2
-20 20 -1
-20 20 0
-20 20 1
-20 20 2
-20 20 3
-19 -21 -3
-19 -21 -2
-19 -21 -1
-19 -21 0
-19 -21 1
-19 -21 2
-19 -21 3
-19 -20 -7
-19 -20 -6
-19 -20 -5
-19 -20 -4
-19 -20 4
-19 -20 5
-19 -20 6
-19 -20 7
-19 -19 -9
-19 -19 -8
-19 -19 8
-19 -19 9
-19 -18 -11
-19 -18 -10
-19 -18 10
-19 -18 11
-19 -17 -12
-19 -17 12
-19 -16 -13
-19 -16 13
-19 -15 -15
-19 -15 -14
-19 -15 14
-19 -15 15
-19 -14 -15
-19 -14 15
-19 -13 -16
-19 -13 16
-19 -12 -17
-19 -12 17
-19 -11 -18
-19 -11 18
-19 -10 -18
-19 -10 18
-19 -9 -19
-19 -9 19
-19 -8 -19
-19 -8 19
-19 -7 -20
-19 -7 20
-19 -6 -20
-19 -6 20
-19 -5 -20
-19 -5 20
-19 -4 -20
-19 -4 20
-19 -3 -21
-19 -3 21
-19 -2 -21
-19 -2 21
-19 -1 -21
-19 -1 21
-19 0 -21
-19 0 21
-19 1 -21
-19 1 21
-19 2 -21
-19 2 21
-19 3 -21
-19 3 21
-19 4 -20
-19 4 20
-19 5 -20
-19 5 20
-19 6 -20
-19 6 20
-19 7 -20
-19 7 20
-19 8 -19
-19 8 19
-19 9 -19
-19 9 19
-19 10 -18
-19 10 18
-19 11 -18
-19 11 18
-19 12 -17
-19 12 17
-19 13 -16
-19 13 16
-19 14 -15
-19 14 15
-19 15 -15
-19 15 -14
-19 15 14
-19 15 15
-19 16 -13
-19 16 13
-19 17 -12
-19 17 12
-19 18 -11
-19 18 -10
-19 18 10
-19 18 11
-19 19 -9
-19 19 -8
-19 19 8
-19 19 9
-19 20 -7
-19 20 -6
-19 20 -5
-19 20 -4
-19 20 4
-19 20 5
-19 20 6
-19 20 7
-19 21 -3
-19 21 -2
-19 21 -1
-19 21 0
-19 21 1
-19 21 2
-19 21 3
-18 -22 -2
-18 -22 -1
-18 -22 0
-18 -22 1
-18 -22 2
-18 -21 -6
-18 -21 -5
-18 -21 -4
-18 -21 -3
-18 -21 3
-18 -21 4
-18 -21 5
-18 -21 6
-18 -20 -9
-18 -20 -8
-18 -20 -7
-18 -20 7
-18 -20 8
-18 -20 9
-18 -19 -11
-18 -19 -10
-18 -19 10
-18 -19 11
-18 -18 -12
-18 -18 12
-18 -17 -14
-18 -17 -13
-18 -17 13
-18 -17 14
-18 -16 -15
-18 -16 -14
-18 -16 14
-18 -16 15
-18 -15 -16
-18 -15 16
-18 -14 -17
-18 -14 -16
-18 -14 16
-18 -14 17
-18 -13 -17
-18 -13 17
-18 -12 -18
-18 -12 18
-18 -11 -19
-18 -11 19
-18 -10 -19
-18 -10 19
-18 -9 -20
-18 -9 20
-18 -8 -20
-18 -8 20
-18 -7 -20
-18 -7 20
-18 -6 -21
-18 -6 21
-18 -5 -21
-18 -5 21
-18 -4 -21
-18 -4 21
-18 -3 -21
-18 -3 21
-18 -2 -22
-18 -2 22
-18 -1 -22
-18 -1 22
-18 0 -22
-18 0 22
-18 1 -22
-18 1 22
-18 2 -22
-18 2 22
-18 3 -21
-18 3 21
-18 4 -21
-18 4 21
-18 5 -21
-18 5 21
-18 6 -21
-18 6 21
-18 7 -20
-18 7 20
-18 8 -20
-18 8 20
-18 9 -20
-18 9 20
-18 10 -19
-18 10 19
-18 11 -19
-18 11 19
-18 12 -18
-18 12 18
-18 13 -17
-18 13 17
-18 14 -17
-18 14 -16
-18 14 16
-18 14 17
-18 15 -16
-18 15 16
-18 16 -15
-18 16 -14
-18 16 14
-18 16 15
-18 17 -14
-18 17 -13
-18 17 13
-18 17 14
-18 18 -12
-18 18 12
-18 19 -11
-18 19 -10
-18 19 10
-18 19 11
-18 20 -9
-18 20 -8
-18 20 -7
-18 20 7
-18 20 8
-18 20 9
-18 21 -6
-18 21 -5
-18 21 -4
-18 21 -3
-18 21 3
-18 21 4
-18 21 5
-18 21 6
-18 22 -2
-18 22 -1
-18 22 0
-18 22 1
-18 22 2
-17 -22 -6
-17 -22 -5
-17 -22 -4
-17 -22 -3
-17 -22 -2
-17 -22 -1
-17 -22 0
-17 -22 1
-17 -22 2
-17 -22 3
-17 -22 4
-17 -22 5
-17 -22 6
-17 -21 -9
-17 -21 -8
-17 -21 -7
-17 -21 7
-17 -21 8
-17 -21 9
-17 -20 -11
-17 -20 -10
-17 -20 10
-17 -20 11
-17 -19 -12
-17 -19 12
-17 -18 -14
-17 -18 -13
-17 -18 13
-17 -18 14
-17 -17 -15
-17 -17 15
-17 -16 -16
-17 -16 16
-17 -15 -17
-17 -15 17
-17 -14 -18
-17 -14 18
-17 -13 -18
-17 -13 18
-17 -12 -19
-17 -12 19
-17 -11 -20
-17 -11 20
-17 -10 -20
-17 -10 20
-17 -9 -21
-17 -9 21
-17 -8 -21
-17 -8 21
-17 -7 -21
-17 -7 21
-17 -6 -22
-17 -6 22
-17 -5 -22
-17 -5 22
-17 -4 -22
-17 -4 22
-17 -3 -22
-17 -3 22
-17 -2 -22
-17 -2 22
-17 -1 -22
-17 -1 22
-17 0 -22
-17 0 22
-17 1 -22
-17 1 22
-17 2 -22
-17 2 22
-17 3 -22
-17 3 22
-17 4 -22
-17 4 22
-17 5 -22
-17 5 22
-17 6 -22
-17 6 22
-17 7 -21
-17 7 21
-17 8 -21
-17 8 21
-17 9 -21
-17 9 21
-17 10 -20
-17 10 20
-17 11 -20
-17 11 20
-17 12 -19
-17 12 19
-17 13 -18
-17 13 18
-17 14 -18
-17 14 18
-17 15 -17
-17 15 17
-17 16 -16
-17 16 16
-17 17 -15
-17 17 15
-17 18 -14
-17 18 -13
-17 18 13
-17 18 14
-17 19 -12
-17 19 12
-17 20 -11
-17 20 -10
-17 20 10
-17 20 11
-17 21 -9
-17 21 -8
-17 21 -7
-17 21 7
-17 21 8
-17 21 9
-17 22 -6
-17 22 -5
-17 22 -4
-17 22 -3
-17 22 -2
-17 22 -1
-17 22 0
-17 22 1
-17 22 2
-17 22 3
-17 22 4
-17 22 5
-17 22 6
-16 -23 -5
-16 -23 -4
-16 -23 -3
-16 -23 -2
-16 -23 -1
-16 -23 0
-16 -23 1
-16 -23 2
-16 -23 3
-16 -23 4
-16 -23 5
-16 -22 -8
-16 -22 -7
-16 -22 -6
-16 -22 6
-16 -22 7
-16 -22 8
-16 -21 -10
-16 -21 -9
-16 -21 9
-16 -21 10
-16 -20 -12
-16 -20 -11
-16 -20 11
-16 -20 12
-16 -19 -13
-16 -19 13
-16 -18 -15
-16 -18 -14
-16 -18 14
-16 -18 15
-16 -17 -16
-16 -17 16
-16 -16 -17
-16 -16 17
-16 -15 -18
-16 -15 18
-16 -14 -18
-16 -14 18
-16 -13 -19
-16 -13 19
-16 -12 -20
-16 -12 20
-16 -11 -20
-16 -11 20
-16 -10 -21
-16 -10 21
-16 -9 -21
-16 -9 21
-16 -8 -22
-16 -8 22
-16 -7 -22
-16 -7 22
-16 -6 -22
-16 -6 22
-16 -5 -23
-16 -5 23
-16 -4 -23
-16 -4 23
-16 -3 -23
-16 -3 23
-16 -2 -23
-16 -2 23
-16 -1 -23
-16 -1 23
-16 0 -23
-16 0 23
-16 1 -23
-16 1 23
-16 2 -23
-16 2 23
-16 3 -23
-16 3 23
-16 4 -23
-16 4 23
-16 5 -23
-16 5 23
-16 6 -22
-16 6 22
-16 7 -22
-16 7 22
-16 8 -22
-16 8 22
-16 9 -21
-16 9 21
-16 10 -21
-16 10 21
-16 11 -20
-16 11 20
-16 12 -20
-16 12 20
-16 13 -19
-16 13 19
-16 14 -18
-16 14 18
-16 15 -18
-16 15 18
-16 16 -17
-16 16 17
-16 17 -16
-16 17 16
-16 18 -15
-16 18 -14
-16 18 14
-16 18 15
-16 19 -13
-16 19 13
-16 20 -12
-16 20 -11
-16 20 11
-16 20 12
-16 21 -10
-16 21 -9
-16 21 9
-16 21 10
-16 22 -8
-16 22 -7
-16 22 -6
-16 22 6
-16 22 7
-16 22 8
-16 23 -5
-16 23 -4
-16 23 -3
-16 23 -2
-16 23 -1
-16 23 0
-16 23 1
-16 23 2
-16 23 3
-16 23 4
-16 23 5
-15 -24 -3
-15 -24 -2
-15 -24 -1
-15 -24 0
-15 -24 1
-15 -24 2
-15 -24 3
-15 -23 -7
-15 -23 -6
-15 -23 -5
-15 -23 -4
-15 -23 4
-15 -23 5
-15 -23 6
-15 -23 7
-15 -22 -10
-15 -22 -9
-15 -22 -8
-15 -22 8
-15 -22 9
-15 -22 10
-15 -21 -12
-15 -21 -11
-15 -21 11
-15 -21 12
-15 -20 -13
-15 -20 13
-15 -19 -15
-15 -19 -14
-15 -19 14
-15 -19 15
-15 -18 -16
-15 -18 16
-15 -17 -17
-15 -17 17
-15 -16 -18
-15 -16 18
-15 -15 -19
-15 -15 19
-15 -14 -19
-15 -14 19
-15 -13 -20
-15 -13 20
-15 -12 -21
-15 -12 21
-15 -11 -21
-15 -11 21
-15 -10 -22
-15 -10 22
-15 -9 -22
-15 -9 22
-15 -8 -22
-15 -8 22
-15 -7 -23
-15 -7 23
-15 -6 -23
-15 -6 23
-15 -5 -23
-15 -5 23
-15 -4 -23
-15 -4 23
-15 -3 -24
-15 -3 24
-15 -2 -24
-15 -2 24
-15 -1 -24
-15 -1 24
-15 0 -24
-15 0 24
-15 1 -24
-15 1 24
-15 2 -24
-15 2 24
-15 3 -24
-15 3 24
-15 4 -23
-15 4 23
-15 5 -23
-15 5 23
-15 6 -23
-15 6 23
-15 7 -23
-15 7 23
-15 8 -22
-15 8 22
-15 9 -22
-15 9 22
-15 10 -22
-15 10 22
-15 11 -21
-15 11 21
-15 12 -21
-15 12 21
-15 13 -20
-15 13 20
-15 14 -19
-15 14 19
-15 15 -19
-15 15 19
-15 16 -18
-15 16 18
-15 17 -17
-15 17 17
-15 18 -16
-15 18 16
-15 19 -15
-15 19 -14
-15 19 14
-15 19 15
-15 20 -13
-15 20 13
-15 21 -12
-15 21 -11
-15 21 11
-15 21 12
-15 22 -10
-15 22 -9
-15 22 -8
-15 22 8
-15 22 9
-15 22 10
-15 23 -7
-15 23 -6
-15 23 -5
-15 23 -4
-15 23 4
-15 23 5
-15 23 6
-15 23 7
-15 24 -3
-15 24 -2
-15 24 -1
-15 24 0
-15 24 1
-15 24 2
-15 24 3
-14 -24 -6
-14 -24 -5
-14 -24 -4
-14 -24 -3
-14 -24 -2
-14 -24 -1
-14 -24 0
-14 -24 1
-14 -24 2
-14 -24 3
-14 -24 4
-14 -24 5
-14 -24 6
-14 -23 -9
-14 -23 -8
-14 -23 -7
-14 -23 7
-14 -23 8
-14 -23 9
-14 -22 -11
-14 -22 -10
-14 -22 10
-14 -22 11
-14 -21 -13
-14 -21 -12
-14 -21 12
-14 -21 13
-14 -20 -14
-14 -20 14
-14 -19 -15
-14 -19 15
-14 -18 -17
-14 -18 -16
-14 -18 16
-14 -18 17
-14 -17 -18
-14 -17 18
-14 -16 -18
-14 -16 18
-14 -15 -19
-14 -15 19
-14 -14 -20
-14 -14 20
-14 -13 -21
-14 -13 21
-14 -12 -21
-14 -12 21
-14 -11 -22
-14 -11 22
-14 -10 -22
-14 -10 22
-14 -9 -23
-14 -9 23
-14 -8 -23
-14 -8 23
-14 -7 -23
-14 -7 23
-14 -6 -24
-14 -6 24
-14 -5 -24
-14 -5 24
-14 -4 -24
-14 -4 24
-14 -3 -24
-14 -3 24
-14 -2 -24
-14 -2 24
-14 -1 -24
-14 -1 24
-14 0 -24
-14 0 24
-14 1 -24
-14 1 24
-14 2 -24
-14 2 24
-14 3 -24
-14 3 24
-14 4 -24
-14 4 24
-14 5 -24
-14 5 24
-14 6 -24
-14 6 24
-14 7 -23
-14 7 23
-14 8 -23
-14 8 23
-14 9 -23
-14 9 23
-14 10 -22
-14 10 22
-14 11 -22
-14 11 22
-14 12 -21
-14 12 21
-14 13 -21
-14 13 21
-14 14 -20
-14 14 20
-14 15 -19
-14 15 19
-14 16 -18
-14 16 18
-14 17 -18
-14 17 18
-14 18 -17
-14 18 -16
-14 18 16
-14 18 17
-14 19 -15
-14 19 15
-14 20 -14
-14 20 14
-14 21 -13
-14 21 -12
-14 21 12
-14 21 13
-14 22 -11
-14 22 -10
-14 22 10
-14 22 11
-14 23 -9
-14 23 -8
-14 23 -7
-14 23 7
-14 23 8
-14 23 9
-14 24 -6
-14 24 -5
-14 24 -4
-14 24 -3
-14 24 -2
-14 24 -1
-14 24 0
-14 24 1
-14 24 2
-14 24 3
-14 24 4
-14 24 5
-14 24 6
-13 -25 -4
-13 -25 -3
-13 -25 -2
-13 -25 -1
-13 -25 0
-13 -25 1
-13 -25 2
-13 -25 3
-13 -25 4
-13 -24 -8
-13 -24 -7
-13 -24 -6
-13 -24 -5
-13 -24 5
-13 -24 6
-13 -24 7
-13 -24 8
-13 -23 -10
-13 -23 -9
-13 -23 9
-13 -23 10
-13 -22 -12
-13 -22 -11
-13 -22 11
-13 -22 12
-13 -21 -14
-13 -21 -13
-13 -21 13
-13 -21 14
-13 -20 -15
-13 -20 15
-13 -19 -16
-13 -19 16
-13 -18 -17
-13 -18 17
-13 -17 -18
-13 -17 18
-13 -16 -19
-13 -16 19
-13 -15 -20
-13 -15 20
-13 -14 -21
-13 -14 21
-13 -13 -21
-13 -13 21
-13 -12 -22
-13 -12 22
-13 -11 -22
-13 -11 22
-13 -10 -23
-13 -10 23
-13 -9 -23
-13 -9 23
-13 -8 -24
-13 -8 24
-13 -7 -24
-13 -7 24
-13 -6 -24
-13 -6 24
-13 -5 -24
-13 -5 24
-13 -4 -25
-13 -4 25
-13 -3 -25
-13 -3 25
-13 -2 -25
-13 -2 25
-13 -1 -25
-13 -1 25
-13 0 -25
-13 0 25
-13 1 -25
-13 1 25
-13 2 -25
-13 2 25
-13 3 -25
-13 3 25
-13 4 -25
-13 4 25
-13 5 -24
-13 5 24
-13 6 -24
-13 6 24
-13 7 -24
-13 7 24
-13 8 -24
-13 8 24
-13 9 -23
-13 9 23
-13 10 -23
-13 10 23
-13 11 -22
-13 11 22
-13 12 -22
-13 12 22
-13 13 -21
-13 13 21
-13 14 -21
-13 14 21
-13 15 -20
-13 15 20
-13 16 -19
-13 16 19
-13 17 -18
-13 17 18
-13 18 -17
-13 18 17
-13 19 -16
-13 19 16
-13 20 -15
-13 20 15
-13 21 -14
-13 21 -13
-13 21 13
-13 21 14
-13 22 -12
-13 22 -11
-13 22 11
-13 22 12
-13 23 -10
-13 23 -9
-13 23 9
-13 23 10
-13 24 -8
-13 24 -7
-13 24 -6
-13 24 -5
-13 24 5
-13 24 6
-13 24 7
-13 24 8
-13 25 -4
-13 25 -3
-13 25 -2
-13 25 -1
-13 25 0
-13 25 1
-13 25 2
-13 25 3
-13 25 4
-12 -25 -6
-12 -25 -5
-12 -25 -4
-12 -25 -3
-12 -25 -2
-12 -25 -1
-12 -25 0
-12 -25 1
-12 -25 2
-12 -25 3
-12 -25 4
-12 -25 5
-12 -25 6
-12 -24 -9
-12 -24 -8
-12 -24 -7
-12 -24 7
-12 -24 8
-12 -24 9
-12 -23 -11
-12 -23 -10
-12 -23 10
-12 -23 11
-12 -22 -13
-12 -22 -12
-12 -22 12
-12 -22 13
-12 -21 -15
-12 -21 -14
-12 -21 14
-12 -21 15
-12 -20 -16
-12 -20 16
-12 -19 -17
-12 -19 17
-12 -18 -18
-12 -18 18
-12 -17 -19
-12 -17 19
-12 -16 -20
-12 -16 20
-12 -15 -21
-12 -15 21
-12 -14 -21
-12 -14 21
-12 -13 -22
-12 -13 22
-12 -12 -22
-12 -12 22
-12 -11 -23
-12 -11 23
-12 -10 -23
-12 -10 23
-12 -9 -24
-12 -9 24
-12 -8 -24
-12 -8 24
-12 -7 -24
-12 -7 24
-12 -6 -25
-12 -6 25
-12 -5 -25
-12 -5 25
-12 -4 -25
-12 -4 25
-12 -3 -25
-12 -3 25
-12 -2 -25
-12 -2 25
-12 -1 -25
-12 -1 25
-12 0 -25
-12 0 25
-12 1 -25
-12 1 25
-12 2 -25
-12 2 25
-12 3 -25
-12 3 25
-12 4 -25
-12 4 25
-12 5 -25
-12 5 25
-12 6 -25
-12 6 25
-12 7 -24
-12 7 24
-12 8 -24
-12 8 24
-12 9 -24
-12 9 24
-12 10 -23
-12 10 23
-12 11 -23
-12 11 23
-12 12 -22
-12 12 22
-12 13 -22
-12 13 22
-12 14 -21
-12 14 21
-12 15 -21
-12 15 21
-12 16 -20
-12 16 20
-12 17 -19
-12 17 19
-12 18 -18
-12 18 18
-12 19 -17
-12 19 17
-12 20 -16
-12 20 16
-12 21 -15
-12 21 -14
-12 21 14
-12 21 15
-12 22 -13
-12 22 -12
-12 22 12
-12 22 13
-12 23 -11
-12 23 -10
-12 23 10
-12 23 11
-12 24 -9
-12 24 -8
-12 24 -7
-12 24 7
-12 24 8
-12 24 9
-12 25 -6
-12 25 -5
-12 25 -4
-12 25 -3
-12 25 -2
-12 25 -1
-12 25 0
-12 25 1
-12 25 2
-12 25 3
-12 25 4
-12 25 5
-12 25 6
-11 -26 -3
-11 -26 -2
-11 -26 -1
-11 -26 0
-11 -26 1
-11 -26 2
-11 -26 3
-11 -25 -8
-11 -25 -7
-11 -25 -6
-11 -25 -5
-11 -25 -4
-11 -25 4
-11 -25 5
-11 -25 6
-11 -25 7
-11 -25 8
-11 -24 -10
-11 -24 -9
-11 -24 9
-11 -24 10
-11 -23 -12
-11 -23 -11
-11 -23 11
-11 -23 12
-11 -22 -14
-11 -22 -13
-11 -22 13
-11 -22 14
-11 -21 -15
-11 -21 15
-11 -20 -17
-11 -20 -16
-11 -20 16
-11 -20 17
-11 -19 -18
-11 -19 18
-11 -18 -19
-11 -18 19
-11 -17 -20
-11 -17 20
-11 -16 -20
-11 -16 20
-11 -15 -21
-11 -15 21
-11 -14 -22
-11 -14 22
-11 -13 -22
-11 -13 22
-11 -12 -23
-11 -12 23
-11 -11 -23
-11 -11 23
-11 -10 -24
-11 -10 24
-11 -9 -24
-11 -9 24
-11 -8 -25
-11 -8 25
-11 -7 -25
-11 -7 25
-11 -6 -25
-11 -6 25
-11 -5 -25
-11 -5 25
-11 -4 -25
-11 -4 25
-11 -3 -26
-11 -3 26
-11 -2 -26
-11 -2 26
-11 -1 -26
-11 -1 26
-11 0 -26
-11 0 26
-11 1 -26
-11 1 26
-11 2 -26
-11 2 26
-11 3 -26
-11 3 26
-11 4 -25
-11 4 25
-11 5 -25
-11 5 25
-11 6 -25
-11 6 25
-11 7 -25
-11 7 25
-11 8 -25
-11 8 25
-11 9 -24
-11 9 24
-11 10 -24
-11 10 24
-11 11 -23
-11 11 23
-11 12 -23
-11 12 23
-11 13 -22
-11 13 22
-11 14 -22
-11 14 22
-11 15 -21
-11 15 21
-11 16 -20
-11 16 20
-11 17 -20
-11 17 20
-11 18 -19
-11 18 19
-11 19 -18
-11 19 18
-11 20 -17
-11 20 -16
-11 20 16
-11 20 17
-11 21 -15
-11 21 15
-11 22 -14
-11 22 -13
-11 22 13
-11 22 14
-11 23 -12
-11 23 -11
-11 23 11
-11 23 12
-11 24 -10
-11 24 -9
-11 24 9
-11 24 10
-11 25 -8
-11 25 -7
-11 25 -6
-11 25 -5
-11 25 -4
-11 25 4
-11 25 5
-11 25 6
-11 25 7
-11 25 8
-11 26 -3
-11 26 -2
-11 26 -1
-11 26 0
-11 26 1
-11 26 2
-11 26 3
-10 -26 -6
-10 -26 -5
-10 -26 -4
-10 -26 -3
-10 -26 -2
-10 -26 -1
-10 -26 0
-10 -26 1
-10 -26 2
-10 -26 3
-10 -26 4
-10 -26 5
-10 -26 6
-10 -25 -9
-10 -25 -8
-10 -25 -7
-10 -25 7
-10 -25 8
-10 -25 9
-10 -24 -11
-10 -24 -10
-10 -24 10
-10 -24 11
-10 -23 -13
-10 -23 -12
-10 -23 12
-10 -23 13
-10 -22 -15
-10 -22 -14
-10 -22 14
-10 -22 15
-10 -21 -16
-10 -21 16
-10 -20 -17
-10 -20 17
-10 -19 -18
-10 -19 18
-10 -18 -19
-10 -18 19
-10 -17 -20
-10 -17 20
-10 -16 -21
-10 -16 21
-10 -15 -22
-10 -15 22
-10 -14 -22
-10 -14 22
-10 -13 -23
-10 -13 23
-10 -12 -23
-10 -12 23
-10 -11 -24
-10 -11 24
-10 -10 -24
-10 -10 24
-10 -9 -25
-10 -9 25
-10 -8 -25
-10 -8 25
-10 -7 -25
-10 -7 25
-10 -6 -26
-10 -6 26
-10 -5 -26
-10 -5 26
-10 -4 -26
-10 -4 26
-10 -3 -26
-10 -3 26
-10 -2 -26
-10 -2 26
-10 -1 -26
-10 -1 26
-10 0 -26
-10 0 26
-10 1 -26
-10 1 26
-10 2 -26
-10 2 26
-10 3 -26
-10 3 26
-10 4 -26
-10 4 26
-10 5 -26
-10 5 26
-10 6 -26
-10 6 26
-10 7 -25
-10 7 25
-10 8 -25
-10 8 25
-10 9 -25
-10 9 25
-10 10 -24
-10 10 24
-10 11 -24
-10 11 24
-10 12 -23
-10 12 23
-10 13 -23
-10 13 23
-10 14 -22
-10 14 22
-10 15 -22
-10 15 22
-10 16 -21
-10 16 21
-10 17 -20
-10 17 20
-10 18 -19
-10 18 19
-10 19 -18
-10 19 18
-10 20 -17
-10 20 17
-10 21 -16
-10 21 16
-10 22 -15
-10 22 -14
-10 22 14
-10 22 15
-10 23 -13
-10 23 -12
-10 23 12
-10 23 13
-10 24 -11
-10 24 -10
-10 24 10
-10 24 11
-10 25 -9
-10 25 -8
-10 25 -7
-10 25 7
-10 25 8
-10 25 9
-10 26 -6
-10 26 -5
-10 26 -4
-10 26 -3
-10 26 -2
-10 26 -1
-10 26 0
-10 26 1
-10 26 2
-10 26 3
-10 26 4
-10 26 5
-10 26 6
-9 -27 -1
-9 -27 0
-9 -27 1
-9 -26 -7
-9 -26 -6
-9 -26 -5
-9 -26 -4
-9 -26 -3
-9 -26 -2
-9 -26 2
-9 -26 3
-9 -26 4
-9 -26 5
-9 -26 6
-9 -26 7
-9 -25 -10
-9 -25 -9
-9 -25 -8
-9 -25 8
-9 -25 9
-9 -25 10
-9 -24 -12
-9 -24 -11
-9 -24 11
-9 -24 12
-9 -23 -14
-9 -23 -13
-9 -23 13
-9 -23 14
-9 -22 -15
-9 -22 15
-9 -21 -17
-9 -21 -16
-9 -21 16
-9 -21 17
-9 -20 -18
-9 -20 18
-9 -19 -19
-9 -19 19
-9 -18 -20
-9 -18 20
-9 -17 -21
-9 -17 21
-9 -16 -21
-9 -16 21
-9 -15 -22
-9 -15 22
-9 -14 -23
-9 -14 23
-9 -13 -23
-9 -13 23
-9 -12 -24
-9 -12 24
-9 -11 -24
-9 -11 24
-9 -10 -25
-9 -10 25
-9 -9 -25
-9 -9 25
-9 -8 -25
-9 -8 25
-9 -7 -26
-9 -7 26
-9 -6 -26
-9 -6 26
-9 -5 -26
-9 -5 26
-9 -4 -26
-9 -4 26
-9 -3 -26
-9 -3 26
-9 -2 -26
-9 -2 26
-9 -1 -27
-9 -1 27
-9 0 -27
-9 0 27
-9 1 -27
-9 1 27
-9 2 -26
-9 2 26
-9 3 -26
-9 3 26
-9 4 -26
-9 4 26
-9 5 -26
-9 5 26
-9 6 -26
-9 6 26
-9 7 -26
-9 7 26
-9 8 -25
-9 8 25
-9 9 -25
-9 9 25
-9 10 -25
-9 10 25
-9 11 -24
-9 11 24
-9 12 -24
-9 12 24
-9 13 -23
-9 13 23
-9 14 -23
-9 14 23
-9 15 -22
-9 15 22
-9 16 -21
-9 16 21
-9 17 -21
-9 17 21
-9 18 -20
-9 18 20
-9 19 -19
-9 19 19
-9 20 -18
-9 20 18
-9 21 -17
-9 21 -16
-9 21 16
-9 21 17
-9 22 -15
-9 22 15
-9 23 -14
-9 23 -13
-9 23 13
-9 23 14
-9 24 -12
-9 24 -11
-9 24 11
-9 24 12
-9 25 -10
-9 25 -9
-9 25 -8
-9 25 8
-9 25 9
-9 25 10
-9 26 -7
-9 26 -6
-9 26 -5
-9 26 -4
-9 26 -3
-9 26 -2
-9 26 2
-9 26 3
-9 26 4
-9 26 5
-9 26 6
-9 26 7
-9 27 -1
-9 27 0
-9 27 1
-8 -27 -4
-8 -27 -3
-8 -27 -2
-8 -27 -1
-8 -27 0
-8 -27 1
-8 -27 2
-8 -27 3
-8 -27 4
-8 -26 -8
-8 -26 -7
-8 -26 -6
-8 -26 -5
-8 -26 5
-8 -26 6
-8 -26 7
-8 -26 8
-8 -25 -11
-8 -25 -10
-8 -25 -9
-8 -25 9
-8 -25 10
-8 -25 11
-8 -24 -13
-8 -24 -12
-8 -24 12
-8 -24 13
-8 -23 -14
-8 -23 14
-8 -22 -16
-8 -22 -15
-8 -22 15
-8 -22 16
-8 -21 -17
-8 -21 17
-8 -20 -18
-8 -20 18
-8 -19 -19
-8 -19 19
-8 -18 -20
-8 -18 20
-8 -17 -21
-8 -17 21
-8 -16 -22
-8 -16 22
-8 -15 -22
-8 -15 22
-8 -14 -23
-8 -14 23
-8 -13 -24
-8 -13 24
-8 -12 -24
-8 -12 24
-8 -11 -25
-8 -11 25
-8 -10 -25
-8 -10 25
-8 -9 -25
-8 -9 25
-8 -8 -26
-8 -8 26
-8 -7 -26
-8 -7 26
-8 -6 -26
-8 -6 26
-8 -5 -26
-8 -5 26
-8 -4 -27
-8 -4 27
-8 -3 -27
-8 -3 27
-8 -2 -27
-8 -2 27
-8 -1 -27
-8 -1 27
-8 0 -27
-8 0 27
-8 1 -27
-8 1 27
-8 2 -27
-8 2 27
-8 3 -27
-8 3 27
-8 4 -27
-8 4 27
-8 5 -26
-8 5 26
-8 6 -26
-8 6 26
-8 7 -26
-8 7 26
-8 8 -26
-8 8 26
-8 9 -25
-8 9 25
-8 10 -25
-8 10 25
-8 11 -25
-8 11 25
-8 12 -24
-8 12 24
-8 13 -24
-8 13 24
-8 14 -23
-8 14 23
-8 15 -22
-8 15 22
-8 16 -22
-8 16 22
-8 17 -21
-8 17 21
-8 18 -20
-8 18 20
-8 19 -19
-8 19 19
-8 20 -18
-8 20 18
-8 21 -17
-8 21 17
-8 22 -16
-8 22 -15
-8 22 15
-8 22 16
-8 23 -14
-8 23 14
-8 24 -13
-8 24 -12
-8 24 12
-8 24 13
-8 25 -11
-8 25 -10
-8 25 -9
-8 25 9
-8 25 10
-8 25 11
-8 26 -8
-8 26 -7
-8 26 -6
-8 26 -5
-8 26 5
-8 26 6
-8 26 7
-8 26 8
-8 27 -4
-8 27 -3
-8 27 -2
-8 27 -1
-8 27 0
-8 27 1
-8 27 2
-8 27 3
-8 27 4
-7 -27 -5
-7 -27 -4
-7 -27 -3
-7 -27 -2
-7 -27 -1
-7 -27 0
-7 -27 1
-7 -27 2
-7 -27 3
-7 -27 4
-7 -27 5
-7 -26 -9
-7 -26 -8
-7 -26 -7
-7 -26 -6
-7 -26 6
-7 -26 7
-7 -26 8
-7 -26 9
-7 -25 -11
-7 -25 -10
-7 -25 10
-7 -25 11
-7 -24 -13
-7 -24 -12
-7 -24 12
-7 -24 13
-7 -23 -15
-7 -23 -14
-7 -23 14
-7 -23 15
-7 -22 -16
-7 -22 16
-7 -21 -17
-7 -21 17
-7 -20 -19
-7 -20 -18
-7 -20 18
-7 -20 19
-7 -19 -20
-7 -19 20
-7 -18 -20
-7 -18 20
-7 -17 -21
-7 -17 21
-7 -16 -22
-7 -16 22
-7 -15 -23
-7 -15 23
-7 -14 -23
-7 -14 23
-7 -13 -24
-7 -13 24
-7 -12 -24
-7 -12 24
-7 -11 -25
-7 -11 25
-7 -10 -25
-7 -10 25
-7 -9 -26
-7 -9 26
-7 -8 -26
-7 -8 26
-7 -7 -26
-7 -7 26
-7 -6 -26
-7 -6 26
-7 -5 -27
-7 -5 27
-7 -4 -27
-7 -4 27
-7 -3 -27
-7 -3 27
-7 -2 -27
-7 -2 27
-7 -1 -27
-7 -1 27
-7 0 -27
-7 0 27
-7 1 -27
-7 1 27
-7 2 -27
-7 2 27
-7 3 -27
-7 3 27
-7 4 -27
-7 4 27
-7 5 -27
-7 5 27
-7 6 -26
-7 6 26
-7 7 -26
-7 7 26
-7 8 -26
-7 8 26
-7 9 -26
-7 9 26
-7 10 -25
-7 10 25
-7 11 -25
-7 11 25
-7 12 -24
-7 12 24
-7 13 -24
-7 13 24
-7 14 -23
-7 14 23
-7 15 -23
-7 15 23
-7 16 -22
-7 16 22
-7 17 -21
-7 17 21
-7 18 -20
-7 18 20
-7 19 -20
-7 19 20
-7 20 -19
-7 20 -18
-7 20 18
-7 20 19
-7 21 -17
-7 21 17
-7 22 -16
-7 22 16
-7 23 -15
-7 23 -14
-7 23 14
-7 23 15
-7 24 -13
-7 24 -12
-7 24 12
-7 24 13
-7 25 -11
-7 25 -10
-7 25 10
-7 25 11
-7 26 -9
-7 26 -8
-7 26 -7
-7 26 -6
-7 26 6
-7 26 7
-7 26 8
-7 26 9
-7 27 -5
-7 27 -4
-7 27 -3
-7 27 -2
-7 27 -1
-7 27 0
-7 27 1
-7 27 2
-7 27 3
-7 27 4
-7 27 5
-6 -27 -6
-6 -27 -5
-6 -27 -4
-6 -27 -3
-6 -27 -2
-6 -27 -1
-6 -27 0
-6 -27 1
-6 -27 2
-6 -27 3
-6 -27 4
-6 -27 5
-6 -27 6
-6 -26 -10
-6 -26 -9
-6 -26 -8
-6 -26 -7
-6 -26 7
-6 -26 8
-6 -26 9
-6 -26 10
-6 -25 -12
-6 -25 -11
-6 -25 11
-6 -25 12
-6 -24 -14
-6 -24 -13
-6 -24 13
-6 -24 14
-6 -23 -15
-6 -23 15
-6 -22 -17
-6 -22 -16
-6 -22 16
-6 -22 17
-6 -21 -18
-6 -21 18
-6 -20 -19
-6 -20 19
-6 -19 -20
-6 -19 20
-6 -18 -21
-6 -18 21
-6 -17 -22
-6 -17 22
-6 -16 -22
-6 -16 22
-6 -15 -23
-6 -15 23
-6 -14 -24
-6 -14 24
-6 -13 -24
-6 -13 24
-6 -12 -25
-6 -12 25
-6 -11 -25
-6 -11 25
-6 -10 -26
-6 -10 26
-6 -9 -26
-6 -9 26
-6 -8 -26
-6 -8 26
-6 -7 -26
-6 -7 26
-6 -6 -27
-6 -6 27
-6 -5 -27
-6 -5 27
-6 -4 -27
-6 -4 27
-6 -3 -27
-6 -3 27
-6 -2 -27
-6 -2 27
-6 -1 -27
-6 -1 27
-6 0 -27
-6 0 27
-6 1 -27
-6 1 27
-6 2 -27
-6 2 27
-6 3 -27
-6 3 27
-6 4 -27
-6 4 27
-6 5 -27
-6 5 27
-6 6 -27
-6 6 27
-6 7 -26
-6 7 26
-6 8 -26
-6 8 26
-6 9 -26
-6 9 26
-6 10 -26
-6 10 26
-6 11 -25
-6 11 25
-6 12 -25
-6 12 25
-6 13 -24
-6 13 24
-6 14 -24
-6 14 24
-6 15 -23
-6 15 23
-6 16 -22
-6 16 22
-6 17 -22
-6 17 22
-6 18 -21
-6 18 21
-6 19 -20
-6 19 20
-6 20 -19
-6 20 19
-6 21 -18
-6 21 18
-6 22 -17
-6 22 -16
-6 22 16
-6 22 17
-6 23 -15
-6 23 15
-6 24 -14
-6 24 -13
-6 24 13
-6 24 14
-6 25 -12
-6 25 -11
-6 25 11
-6 25 12
-6 26 -10
-6 26 -9
-6 26 -8
-6 26 -7
-6 26 7
-6 26 8
-6 26 9
-6 26 10
-6 27 -6
-6 27 -5
-6 27 -4
-6 27 -3
-6 27 -2
-6 27 -1
-6 27 0
-6 27 1
-6 27 2
-6 27 3
-6 27 4
-6 27 5
-6 27 6
-5 -28 -1
-5 -28 0
-5 -28 1
-5 -27 -7
-5 -27 -6
-5 -27 -5
-5 -27 -4
-5 -27 -3
-5 -27 -2
-5 -27 2
-5 -27 3
-5 -27 4
-5 -27 5
-5 -27 6
-5 -27 7
-5 -26 -10
-5 -26 -9
-5 -26 -8
-5 -26 8
-5 -26 9
-5 -26 10
-5 -25 -12
-5 -25 -11
-5 -25 11
-5 -25 12
-5 -24 -14
-5 -24 -13
-5 -24 13
-5 -24 14
-5 -23 -16
-5 -23 -15
-5 -23 15
-5 -23 16
-5 -22 -17
-5 -22 17
-5 -21 -18
-5 -21 18
-5 -20 -19
-5 -20 19
-5 -19 -20
-5 -19 20
-5 -18 -21
-5 -18 21
-5 -17 -22
-5 -17 22
-5 -16 -23
-5 -16 23
-5 -15 -23
-5 -15 23
-5 -14 -24
-5 -14 24
-5 -13 -24
-5 -13 24
-5 -12 -25
-5 -12 25
-5 -11 -25
-5 -11 25
-5 -10 -26
-5 -10 26
-5 -9 -26
-5 -9 26
-5 -8 -26
-5 -8 26
-5 -7 -27
-5 -7 27
-5 -6 -27
-5 -6 27
-5 -5 -27
-5 -5 27
-5 -4 -27
-5 -4 27
-5 -3 -27
-5 -3 27
-5 -2 -27
-5 -2 27
-5 -1 -28
-5 -1 28
-5 0 -28
-5 0 28
-5 1 -28
-5 1 28
-5 2 -27
-5 2 27
-5 3 -27
-5 3 27
-5 4 -27
-5 4 27
-5 5 -27
-5 5 27
-5 6 -27
-5 6 27
-5 7 -27
-5 7 27
-5 8 -26
-5 8 26
-5 9 -26
-5 9 26
-5 10 -26
-5 10 26
-5 11 -25
-5 11 25
-5 12 -25
-5 12 25
-5 13 -24
-5 13 24
-5 14 -24
-5 14 24
-5 15 -23
-5 15 23
-5 16 -23
-5 16 23
-5 17 -22
-5 17 22
-5 18 -21
-5 18 21
-5 19 -20
-5 19 20
-5 20 -19
-5 20 19
-5 21 -18
-5 21 18
-5 22 -17
-5 22 17
-5 23 -16
-5 23 -15
-5 23 15
-5 23 16
-5 24 -14
-5 24 -13
-5 24 13
-5 24 14
-5 25 -12
-5 25 -11
-5 25 11
-5 25 12
-5 26 -10
-5 26 -9
-5 26 -8
-5 26 8
-5 26 9
-5 26 10
-5 27 -7
-5 27 -6
-5 27 -5
-5 27 -4
-5 27 -3
-5 27 -2
-5 27 2
-5 27 3
-5 27 4
-5 27 5
-5 27 6
-5 27 7
-5 28 -1
-5 28 0
-5 28 1
-4 -28 -3
-4 -28 -2
-4 -28 -1
-4 -28 0
-4 -28 1
-4 -28 2
-4 -28 3
-4 -27 -8
-4 -27 -7
-4 -27 -6
-4 -27 -5
-4 -27 -4
-4 -27 4
-4 -27 5
-4 -27 6
-4 -27 7
-4 -27 8
-4 -26 -10
-4 -26 -9
-4 -26 9
-4 -26 10
-4 -25 -13
-4 -25 -12
-4 -25 -11
-4 -25 11
-4 -25 12
-4 -25 13
-4 -24 -14
-4 -24 14
-4 -23 -16
-4 -23 -15
-4 -23 15
-4 -23 16
-4 -22 -17
-4 -22 17
-4 -21 -18
-4 -21 18
-4 -20 -19
-4 -20 19
-4 -19 -20
-4 -19 20
-4 -18 -21
-4 -18 21
-4 -17 -22
-4 -17 22
-4 -16 -23
-4 -16 23
-4 -15 -23
-4 -15 23
-4 -14 -24
-4 -14 24
-4 -13 -25
-4 -13 25
-4 -12 -25
-4 -12 25
-4 -11 -25
-4 -11 25
-4 -10 -26
-4 -10 26
-4 -9 -26
-4 -9 26
-4 -8 -27
-4 -8 27
-4 -7 -27
-4 -7 27
-4 -6 -27
-4 -6 27
-4 -5 -27
-4 -5 27
-4 -4 -27
-4 -4 27
-4 -3 -28
-4 -3 28
-4 -2 -28
-4 -2 28
-4 -1 -28
-4 -1 28
-4 0 -28
-4 0 28
-4 1 -28
-4 1 28
-4 2 -28
-4 2 28
-4 3 -28
-4 3 28
-4 4 -27
-4 4 27
-4 5 -27
-4 5 27
-4 6 -27
-4 6 27
-4 7 -27
-4 7 27
-4 8 -27
-4 8 27
-4 9 -26
-4 9 26
-4 10 -26
-4 10 26
-4 11 -25
-4 11 25
-4 12 -25
-4 12 25
-4 13 -25
-4 13 25
-4 14 -24
-4 14 24
-4 15 -23
-4 15 23
-4 16 -23
-4 16 23
-4 17 -22
-4 17 22
-4 18 -21
-4 18 21
-4 19 -20
-4 19 20
-4 20 -19
-4 20 19
-4 21 -18
-4 21 18
-4 22 -17
-4 22 17
-4 23 -16
-4 23 -15
-4 23 15
-4 23 16
-4 24 -14
-4 24 14
-4 25 -13
-4 25 -12
-4 25 -11
-4 25 11
-4 25 12
-4 25 13
-4 26 -10
-4 26 -9
-4 26 9
-4 26 10
-4 27 -8
-4 27 -7
-4 27 -6
-4 27 -5
-4 27 -4
-4 27 4
-4 27 5
-4 27 6
-4 27 7
-4 27 8
-4 28 -3
-4 28 -2
-4 28 -1
-4 28 0
-4 28 1
-4 28 2
-4 28 3
-3 -28 -4
-3 -28 -3
-3 -28 -2
-3 -28 -1
-3 -28 0
-3 -28 1
-3 -28 2
-3 -28 3
-3 -28 4
-3 -27 -8
-3 -27 -7
-3 -27 -6
-3 -27 -5
-3 -27 5
-3 -27 6
-3 -27 7
-3 -27 8
-3 -26 -11
-3 -26 -10
-3 -26 -9
-3 -26 9
-3 -26 10
-3 -26 11
-3 -25 -13
-3 -25 -12
-3 -25 12
-3 -25 13
-3 -24 -15
-3 -24 -14
-3 -24 14
-3 -24 15
-3 -23 -16
-3 -23 16
-3 -22 -17
-3 -22 17
-3 -21 -19
-3 -21 -18
-3 -21 18
-3 -21 19
-3 -20 -20
-3 -20 20
-3 -19 -21
-3 -19 21
-3 -18 -21
-3 -18 21
-3 -17 -22
-3 -17 22
-3 -16 -23
-3 -16 23
-3 -15 -24
-3 -15 24
-3 -14 -24
-3 -14 24
-3 -13 -25
-3 -13 25
-3 -12 -25
-3 -12 25
-3 -11 -26
-3 -11 26
-3 -10 -26
-3 -10 26
-3 -9 -26
-3 -9 26
-3 -8 -27
-3 -8 27
-3 -7 -27
-3 -7 27
-3 -6 -27
-3 -6 27
-3 -5 -27
-3 -5 27
-3 -4 -28
-3 -4 28
-3 -3 -28
-3 -3 28
-3 -2 -28
-3 -2 28
-3 -1 -28
-3 -1 28
-3 0 -28
-3 0 28
-3 1 -28
-3 1 28
-3 2 -28
-3 2 28
-3 3 -28
-3 3 28
-3 4 -28
-3 4 28
-3 5 -27
-3 5 27
-3 6 -27
-3 6 27
-3 7 -27
-3 7 27
-3 8 -27
-3 8 27
-3 9 -26
-3 9 26
-3 10 -26
-3 10 26
-3 11 -26
-3 11 26
-3 12 -25
-3 12 25
-3 13 -25
-3 13 25
-3 14 -24
-3 14 24
-3 15 -24
-3 15 24
-3 16 -23
-3 16 23
-3 17 -22
-3 17 22
-3 18 -21
-3 18 21
-3 19 -21
-3 19 21
-3 20 -20
-3 20 20
-3 21 -19
-3 21 -18
-3 21 18
-3 21 19
-3 22 -17
-3 22 17
-3 23 -16
-3 23 16
-3 24 -15
-3 24 -14
-3 24 14
-3 24 15
-3 25 -13
-3 25 -12
-3 25 12
-3 25 13
-3 26 -11
-3 26 -10
-3 26 -9
-3 26 9
-3 26 10
-3 26 11
-3 27 -8
-3 27 -7
-3 27 -6
-3 27 -5
-3 27 5
-3 27 6
-3 27 7
-3 27 8
-3 28 -4
-3 28 -3
-3 28 -2
-3 28 -1
-3 28 0
-3 28 1
-3 28 2
-3 28 3
-3 28 4
-2 -28 -4
-2 -28 -3
-2 -28 -2
-2 -28 -1
-2 -28 0
-2 -28 1
-2 -28 2
-2 -28 3
-2 -28 4
-2 -27 -8
-2 -27 -7
-2 -27 -6
-2 -27 -5
-2 -27 5
-2 -27 6
-2 -27 7
-2 -27 8
-2 -26 -11
-2 -26 -10
-2 -26 -9
-2 -26 9
-2 -26 10
-2 -26 11
-2 -25 -13
-2 -25 -12
-2 -25 12
-2 -25 13
-2 -24 -15
-2 -24 -14
-2 -24 14
-2 -24 15
-2 -23 -16
-2 -23 16
-2 -22 -18
-2 -22 -17
-2 -22 17
-2 -22 18
-2 -21 -19
-2 -21 19
-2 -20 -20
-2 -20 20
-2 -19 -21
-2 -19 21
-2 -18 -22
-2 -18 22
-2 -17 -22
-2 -17 22
-2 -16 -23
-2 -16 23
-2 -15 -24
-2 -15 24
-2 -14 -24
-2 -14 24
-2 -13 -25
-2 -13 25
-2 -12 -25
-2 -12 25
-2 -11 -26
-2 -11 26
-2 -10 -26
-2 -10 26
-2 -9 -26
-2 -9 26
-2 -8 -27
-2 -8 27
-2 -7 -27
-2 -7 27
-2 -6 -27
-2 -6 27
-2 -5 -27
-2 -5 27
-2 -4 -28
-2 -4 28
-2 -3 -28
-2 -3 28
-2 -2 -28
-2 -2 28
-2 -1 -28
-2 -1 28
-2 0 -28
-2 0 28
-2 1 -28
-2 1 28
-2 2 -28
-2 2 28
-2 3 -28
-2 3 28
-2 4 -28
-2 4 28
-2 5 -27
-2 5 27
-2 6 -27
-2 6 27
-2 7 -27
-2 7 27
-2 8 -27
-2 8 27
-2 9 -26
-2 9 26
-2 10 -26
-2 10 26
-2 11 -26
-2 11 26
-2 12 -25
-2 12 25
-2 13 -25
-2 13 25
-2 14 -24
-2 14 24
-2 15 -24
-2 15 24
-2 16 -23
-2 16 23
-2 17 -22
-2 17 22
-2 18 -22
-2 18 22
-2 19 -21
-2 19 21
-2 20 -20
-2 20 20
-2 21 -19
-2 21 19
-2 22 -18
-2 22 -17
-2 22 17
-2 22 18
-2 23 -16
-2 23 16
-2 24 -15
-2 24 -14
-2 24 14
-2 24 15
-2 25 -13
-2 25 -12
-2 25 12
-2 25 13
-2 26 -11
-2 26 -10
-2 26 -9
-2 26 9
-2 26 10
-2 26 11
-2 27 -8
-2 27 -7
-2 27 -6
-2 27 -5
-2 27 5
-2 27 6
-2 27 7
-2 27 8
-2 28 -4
-2 28 -3
-2 28 -2
-2 28 -1
-2 28 0
-2 28 1
-2 28 2
-2 28 3
-2 28 4
-1 -28 -5
-1 -28 -4
-1 -28 -3
-1 -28 -2
-1 -28 -1
-1 -28 0
-1 -28 1
-1 -28 2
-1 -28 3
-1 -28 4
-1 -28 5
-1 -27 -9
-1 -27 -8
-1 -27 -7
-1 -27 -6
-1 -27 6
-1 -27 7
-1 -27 8
-1 -27 9
-1 -26 -11
-1 -26 -10
-1 -26 10
-1 -26 11
-1 -25 -13
-1 -25 -12
-1 -25 12
-1 -25 13
-1 -24 -15
-1 -24 -14
-1 -24 14
-1 -24 15
-1 -23 -16
-1 -23 16
-1 -22 -18
-1 -22 -17
-1 -22 17
-1 -22 18
-1 -21 -19
-1 -21 19
-1 -20 -20
-1 -20 20
-1 -19 -21
-1 -19 21
-1 -18 -22
-1 -18 22
-1 -17 -22
-1 -17 22
-1 -16 -23
-1 -16 23
-1 -15 -24
-1 -15 24
-1 -14 -24
-1 -14 24
-1 -13 -25
-1 -13 25
-1 -12 -25
-1 -12 25
-1 -11 -26
-1 -11 26
-1 -10 -26
-1 -10 26
-1 -9 -27
-1 -9 27
-1 -8 -27
-1 -8 27
-1 -7 -27
-1 -7 27
-1 -6 -27
-1 -6 27
-1 -5 -28
-1 -5 28
-1 -4 -28
-1 -4 28
-1 -3 -28
-1 -3 28
-1 -2 -28
-1 -2 28
-1 -1 -28
-1 -1 28
-1 0 -28
-1 0 28
-1 1 -28
-1 1 28
-1 2 -28
-1 2 28
-1 3 -28
-1 3 28
-1 4 -28
-1 4 28
-1 5 -28
-1 5 28
-1 6 -27
-1 6 27
-1 7 -27
-1 7 27
-1 8 -27
-1 8 27
-1 9 -27
-1 9 27
-1 10 -26
-1 10 26
-1 11 -26
-1 11 26
-1 12 -25
-1 12 25
-1 13 -25
-1 13 25
-1 14 -24
-1 14 24
-1 15 -24
-1 15 24
-1 16 -23
-1 16 23
-1 17 -22
-1 17 22
-1 18 -22
-1 18 22
-1 19 -21
-1 19 21
-1 20 -20
-1 20 20
-1 21 -19
-1 21 19
-1 22 -18
-1 22 -17
-1 22 17
-1 22 18
-1 23 -16
-1 23 16
-1 24 -15
-1 24 -14
-1 24 14
-1 24 15
-1 25 -13
-1 25 -12
-1 25 12
-1 25 13
-1 26 -11
-1 26 -10
-1 26 10
-1 26 11
-1 27 -9
-1 27 -8
-1 27 -7
-1 27 -6
-1 27 6
-1 27 7
-1 27 8
-1 27 9
-1 28 -5
-1 28 -4
-1 28 -3
-1 28 -2
-1 28 -1
-1 28 0
-1 28 1
-1 28 2
-1 28 3
-1 28 4
-1 28 5
0 -28 -5
0 -28 -4
0 -28 -3
0 -28 -2
0 -28 -1
0 -28 0
0 -28 1
0 -28 2
0 -28 3
0 -28 4
0 -28 5
0 -27 -9
0 -27 -8
0 -27 -7
0 -27 -6
0 -27 6
0 -27 7
0 -27 8
0 -27 9
0 -26 -11
0 -26 -10
0 -26 10
0 -26 11
0 -25 -13
0 -25 -12
0 -25 12
0 -25 13
0 -24 -15
0 -24 -14
0 -24 14
0 -24 15
0 -23 -16
0 -23 16
0 -22 -18
0 -22 -17
0 -22 17
0 -22 18
0 -21 -19
0 -21 19
0 -20 -20
0 -20 20
0 -19 -21
0 -19 21
0 -18 -22
0 -18 22
0 -17 -22
0 -17 22
0 -16 -23
0 -16 23
0 -15 -24
0 -15 24
0 -14 -24
0 -14 24
0 -13 -25
0 -13 25
0 -12 -25
0 -12 25
0 -11 -26
0 -11 26
0 -10 -26
0 -10 26
0 -9 -27
0 -9 27
0 -8 -27
0 -8 27
0 -7 -27
0 -7 27
0 -6 -27
0 -6 27
0 -5 -28
0 -5 28
0 -4 -28
0 -4 28
0 -3 -28
0 -3 28
0 -2 -28
0 -2 28
0 -1 -28
0 -1 28
0 0 -28
0 0 28
0 1 -28
0 1 28
0 2 -28
0 2 28
0 3 -28
0 3 28
0 4 -28
0 4 28
0 5 -28
0 5 28
0 6 -27
0 6 27
0 7 -27
0 7 27
0 8 -27
0 8 27
0 9 -27
0 9 27
0 10 -26
0 10 26
0 11 -26
0 11 26
0 12 -25
0 12 25
0 13 -25
0 13 25
0 14 -24
0 14 24
0 15 -24
0 15 24
0 16 -23
0 16 23
0 17 -22
0 17 22
0 18 -22
0 18 22
0 19 -21
0 19 21
0 20 -20
0 20 20
0 21 -19
0 21 19
0 22 -18
0 22 -17
0 22 17
0 22 18
0 23 -16
0 23 16
0 24 -15
0 24 -14
0 24 14
0 24 15
0 25 -13
0 25 -12
0 25 12
0 25 13
0 26 -11
0 26 -10
0 26 10
0 26 11
0 27 -9
0 27 -8
0 27 -7
0 27 -6
0 27 6
0 27 7
0 27 8
0 27 9
0 28 -5
0 28 -4
0 28 -3
0 28 -2
0 28 -1
0 28 0
0 28 1
0 28 2
0 28 3
0 28 4
0 28 5
1 -28 -5
1 -28 -4
1 -28 -3
1 -28 -2
1 -28 -1
1 -28 0
1 -28 1
1 -28 2
1 -28 3
1 -28 4
1 -28 5
1 -27 -9
1 -27 -8
1 -27 -7
1 -27 -6
1 -27 6
1 -27 7
1 -27 8
1 -27 9
1 -26 -11
1 -26 -10
1 -26 10
1 -26 11
1 -25 -13
1 -25 -12
1 -25 12
1 -25 13
1 -24 -15
1 -24 -14
1 -24 14
1 -24 15
1 -23 -16
1 -23 16
1 -22 -18
1 -22 -17
1 -22 17
1 -22 18
1 -21 -19
1 -21 19
1 -20 -20
1 -20 20
1 -19 -21
1 -19 21
1 -18 -22
1 -18 22
1 -17 -22
1 -17 22
1 -16 -23
1 -16 23
1 -15 -24
1 -15 24
1 -14 -24
1 -14 24
1 -13 -25
1 -13 25
1 -12 -25
1 -12 25
1 -11 -26
1 -11 26
1 -10 -26
1 -10 26
1 -9 -27
1 -9 27
1 -8 -27
1 -8 27
1 -7 -27
1 -7 27
1 -6 -27
1 -6 27
1 -5 -28
1 -5 28
1 -4 -28
1 -4 28
1 -3 -28
1 -3 28
1 -2 -28
1 -2 28
1 -1 -28
1 -1 28
1 0 -28
1 0 28
1 1 -28
1 1 28
1 2 -28
1 2 28
1 3 -28
1 3 28
1 4 -28
1 4 28
1 5 -28
1 5 28
1 6 -27
1 6 27
1 7 -27
1 7 27
1 8 -27
1 8 27
1 9 -27
1 9 27
1 10 -26
1 10 26
1 11 -26
1 11 26
1 12 -25
1 12 25
1 13 -25
1 13 25
1 14 -24
1 14 24
1 15 -24
1 15 24
1 16 -23
1 16 23
1 17 -22
1 17 22
1 18 -22
1 18 22
1 19 -21
1 19 21
1 20 -20
1 20 20
1 21 -19
1 21 19
1 22 -18
1 22 -17
1 22 17
1 22 18
1 23 -16
1 23 16
1 24 -15
1 24 -14
1 24 14
1 24 15
1 25 -13
1 25 -12
1 25 12
1 25 13
1 26 -11
1 26 -10
1 26 10
1 26 11
1 27 -9
1 27 -8
1 27 -7
1 27 -6
1 27 6
1 27 7
1 27 8
1 27 9
1 28 -5
1 28 -4
1 28 -3
1 28 -2
1 28 -1
1 28 0
1 28 1
1 28 2
1 28 3
1 28 4
1 28 5
2 -28 -4
2 -28 -3
2 -28 -2
2 -28 -1
2 -28 0
2 -28 1
2 -28 2
2 -28 3
2 -28 4
2 -27 -8
2 -27 -7
2 -27 -6
2 -27 -5
2 -27 5
2 -27 6
2 -27 7
2 -27 8
2 -26 -11
2 -26 -10
2 -26 -9
2 -26 9
2 -26 10
2 -26 11
2 -25 -13
2 -25 -12
2 -25 12
2 -25 13
2 -24 -15
2 -24 -14
2 -24 14
2 -24 15
2 -23 -16
2 -23 16
2 -22 -18
2 -22 -17
2 -22 17
2 -22 18
2 -21 -19
2 -21 19
2 -20 -20
2 -20 20
2 -19 -21
2 -19 21
2 -18 -22
2 -18 22
2 -17 -22
2 -17 22
2 -16 -23
2 -16 23
2 -15 -24
2 -15 24
2 -14 -24
2 -14 24
2 -13 -25
2 -13 25
2 -12 -25
2 -12 25
2 -11 -26
2 -11 26
2 -10 -26
2 -10 26
2 -9 -26
2 -9 26
2 -8 -27
2 -8 27
2 -7 -27
2 -7 27
2 -6 -27
2 -6 27
2 -5 -27
2 -5 27
2 -4 -28
2 -4 28
2 -3 -28
2 -3 28
2 -2 -28
2 -2 28
2 -1 -28
2 -1 28
2 0 -28
2 0 28
2 1 -28
2 1 28
2 2 -28
2 2 28
2 3 -28
2 3 28
2 4 -28
2 4 28
2 5 -27
2 5 27
2 6 -27
2 6 27
2 7 -27
2 7 27
2 8 -27
2 8 27
2 9 -26
2 9 26
2 10 -26
2 10 26
2 11 -26
2 11 26
2 12 -25
2 12 25
2 13 -25
2 13 25
2 14 -24
2 14 24
2 15 -24
2 15 24
2 16 -23
2 16 23
2 17 -22
2 17 22
2 18 -22
2 18 22
2 19 -21
2 19 21
2 20 -20
2 20 20
2 21 -19
2 21 19
2 22 -18
2 22 -17
2 22 17
2 22 18
2 23 -16
2 23 16
2 24 -15
2 24 -14
2 24 14
2 24 15
2 25 -13
2 25 -12
2 25 12
2 25 13
2 26 -11
2 26 -10
2 26 -9
2 26 9
2 26 10
2 26 11
2 27 -8
2 27 -7
2 27 -6
2 27 -5
2 27 5
2 27 6
2 27 7
2 27 8
2 28 -4
2 28 -3
2 28 -2
2 28 -1
2 28 0
2 28 1
2 28 2
2 28 3
2 28 4
3 -28 -4
3 -28 -3
3 -28 -2
3 -28 -1
3 -28 0
3 -28 1
3 -28 2
3 -28 3
3 -28 4
3 -27 -8
3 -27 -7
3 -27 -6
3 -27 -5
3 -27 5
3 -27 6
3 -27 7
3 -27 8
3 -26 -11
3 -26 -10
3 -26 -9
3 -26 9
3 -26 10
3 -26 11
3 -25 -13
3 -25 -12
3 -25 12
3 -25 13
3 -24 -15
3 -24 -14
3 -24 14
3 -24 15
3 -23 -16
3 -23 16
3 -22 -17
3 -22 17
3 -21 -19
3 -21 -18
3 -21 18
3 -21 19
3 -20 -20
3 -20 20
3 -19 -21
3 -19 21
3 -18 -21
3 -18 21
3 -17 -22
3 -17 22
3 -16 -23
3 -16 23
3 -15 -24
3 -15 24
3 -14 -24
3 -14 24
3 -13 -25
3 -13 25
3 -12 -25
3 -12 25
3 -11 -26
3 -11 26
3 -10 -26
3 -10 26
3 -9 -26
3 -9 26
3 -8 -27
3 -8 27
3 -7 -27
3 -7 27
3 -6 -27
3 -6 27
3 -5 -27
3 -5 27
3 -4 -28
3 -4 28
3 -3 -28
3 -3 28
3 -2 -28
3 -2 28
3 -1 -28
3 -1 28
3 0 -28
3 0 28
3 1 -28
3 1 28
3 2 -28
3 2 28
3 3 -28
3 3 28
3 4 -28
3 4 28
3 5 -27
3 5 27
3 6 -27
3 6 27
3 7 -27
3 7 27
3 8 -27
3 8 27
3 9 -26
3 9 26
3 10 -26
3 10 26
3 11 -26
3 11 26
3 12 -25
3 12 25
3 13 -25
3 13 25
3 14 -24
3 14 24
3 15 -24
3 15 24
3 16 -23
3 16 23
3 17 -22
3 17 22
3 18 -21
3 18 21
3 19 -21
3 19 21
3 20 -20
3 20 20
3 21 -19
3 21 -18
3 21 18
3 21 19
3 22 -17
3 22 17
3 23 -16
3 23 16
3 24 -15
3 24 -14
3 24 14
3 24 15
3 25 -13
3 25 -12
3 25 12
3 25 13
3 26 -11
3 26 -10
3 26 -9
3 26 9
3 26 10
3 26 11
3 27 -8
3 27 -7
3 27 -6
3 27 -5
3 27 5
3 27 6
3 27 7
3 27 8
3 28 -4
3 28 -3
3 28 -2
3 28 -1
3 28 0
3 28 1
3 28 2
3 28 3
3 28 4
4 -28 -3
4 -28 -2
4 -28 -1
4 -28 0
4 -28 1
4 -28 2
4 -28 3
4 -27 -8
4 -27 -7
4 -27 -6
4 -27 -5
4 -27 -4
4 -27 4
4 -27 5
4 -27 6
4 -27 7
4 -27 8
4 -26 -10
4 -26 -9
4 -26 9
4 -26 10
4 -25 -13
4 -25 -12
4 -25 -11
4 -25 11
4 -25 12
4 -25 13
4 -24 -14
4 -24 14
4 -23 -16
4 -23 -15
4 -23 15
4 -23 16
4 -22 -17
4 -22 17
4 -21 -18
4 -21 18
4 -20 -19
4 -20 19
4 -19 -20
4 -19 20
4 -18 -21
4 -18 21
4 -17 -22
4 -17 22
4 -16 -23
4 -16 23
4 -15 -23
4 -15 23
4 -14 -24
4 -14 24
4 -13 -25
4 -13 25
4 -12 -25
4 -12 25
4 -11 -25
4 -11 25
4 -10 -26
4 -10 26
4 -9 -26
4 -9 26
4 -8 -27
4 -8 27
4 -7 -27
4 -7 27
4 -6 -27
4 -6 27
4 -5 -27
4 -5 27
4 -4 -27
4 -4 27
4 -3 -28
4 -3 28
4 -2 -28
4 -2 28
4 -1 -28
4 -1 28
4 0 -28
4 0 28
4 1 -28
4 1 28
4 2 -28
4 2 28
4 3 -28
4 3 28
4 4 -27
4 4 27
4 5 -27
4 5 27
4 6 -27
4 6 27
4 7 -27
4 7 27
4 8 -27
4 8 27
4 9 -26
4 9 26
4 10 -26
4 10 26
4 11 -25
4 11 25
4 12 -25
4 12 25
4 13 -25
4 13 25
4 14 -24
4 14 24
4 15 -23
4 15 23
4 16 -23
4 16 23
4 17 -22
4 17 22
4 18 -21
4 18 21
4 19 -20
4 19 20
4 20 -19
4 20 19
4 21 -18
4 21 18
4 22 -17
4 22 17
4 23 -16
4 23 -15
4 23 15
4 23 16
4 24 -14
4 24 14
4 25 -13
4 25 -12
4 25 -11
4 25 11
4 25 12
4 25 13
4 26 -10
4 26 -9
4 26 9
4 26 10
4 27 -8
4 27 -7
4 27 -6
4 27 -5
4 27 -4
4 27 4
4 27 5
4 27 6
4 27 7
4 27 8
4 28 -3
4 28 -2
4 28 -1
4 28 0
4 28 1
4 28 2
4 28 3
5 -28 -1
5 -28 0
5 -28 1
5 -27 -7
5 -27 -6
5 -27 -5
5 -27 -4
5 -27 -3
5 -27 -2
5 -27 2
5 -27 3
5 -27 4
5 -27 5
5 -27 6
5 -27 7
5 -26 -10
5 -26 -9
5 -26 -8
5 -26 8
5 -26 9
5 -26 10
5 -25 -12
5 -25 -11
5 -25 11
5 -25 12
5 -24 -14
5 -24 -13
5 -24 13
5 -24 14
5 -23 -16
5 -23 -15
5 -23 15
5 -23 16
5 -22 -17
5 -22 17
5 -21 -18
5 -21 18
5 -20 -19
5 -20 19
5 -19 -20
5 -19 20
5 -18 -21
5 -18 21
5 -17 -22
5 -17 22
5 -16 -23
5 -16 23
5 -15 -23
5 -15 23
5 -14 -24
5 -14 24
5 -13 -24
5 -13 24
5 -12 -25
5 -12 25
5 -11 -25
5 -11 25
5 -10 -26
5 -10 26
5 -9 -26
5 -9 26
5 -8 -26
5 -8 26
5 -7 -27
5 -7 27
5 -6 -27
5 -6 27
5 -5 -27
5 -5 27
5 -4 -27
5 -4 27
5 -3 -27
5 -3 27
5 -2 -27
5 -2 27
5 -1 -28
5 -1 28
5 0 -28
5 0 28
5 1 -28
5 1 28
5 2 -27
5 2 27
5 3 -27
5 3 27
5 4 -27
5 4 27
5 5 -27
5 5 27
5 6 -27
5 6 27
5 7 -27
5 7 27
5 8 -26
5 8 26
5 9 -26
5 9 26
5 10 -26
5 10 26
5 11 -25
5 11 25
5 12 -25
5 12 25
5 13 -24
5 13 24
5 14 -24
5 14 24
5 15 -23
5 15 23
5 16 -23
5 16 23
5 17 -22
5 17 22
5 18 -21
5 18 21
5 19 -20
5 19 20
5 20 -19
5 20 19
5 21 -18
5 21 18
5 22 -17
5 22 17
5 23 -16
5 23 -15
5 23 15
5 23 16
5 24 -14
5 24 -13
5 24 13
5 24 14
5 25 -12
5 25 -11
5 25 11
5 25 12
5 26 -10
5 26 -9
5 26 -8
5 26 8
5 26 9
5 26 10
5 27 -7
5 27 -6
5 27 -5
5 27 -4
5 27 -3
5 27 -2
5 27 2
5 27 3
5 27 4
5 27 5
5 27 6
5 27 7
5 28 -1
5 28 0
5 28 1
6 -27 -6
6 -27 -5
6 -27 -4
6 -27 -3
6 -27 -2
6 -27 -1
6 -27 0
6 -27 1
6 -27 2
6 -27 3
6 -27 4
6 -27 5
6 -27 6
6 -26 -10
6 -26 -9
6 -26 -8
6 -26 -7
6 -26 7
6 -26 8
6 -26 9
6 -26 10
6 -25 -12
6 -25 -11
6 -25 11
6 -25 12
6 -24 -14
6 -24 -13
6 -24 13
6 -24 14
6 -23 -15
6 -23 15
6 -22 -17
6 -22 -16
6 -22 16
6 -22 17
6 -21 -18
6 -21 18
6 -20 -19
6 -20 19
6 -19 -20
6 -19 20
6 -18 -21
6 -18 21
6 -17 -22
6 -17 22
6 -16 -22
6 -16 22
6 -15 -23
6 -15 23
6 -14 -24
6 -14 24
6 -13 -24
6 -13 24
6 -12 -25
6 -12 25
6 -11 -25
6 -11 25
6 -10 -26
6 -10 26
6 -9 -26
6 -9 26
6 -8 -26
6 -8 26
6 -7 -26
6 -7 26
6 -6 -27
6 -6 27
6 -5 -27
6 -5 27
6 -4 -27
6 -4 27
6 -3 -27
6 -3 27
6 -2 -27
6 -2 27
6 -1 -27
6 -1 27
6 0 -27
6 0 27
6 1 -27
6 1 27
6 2 -27
6 2 27
6 3 -27
6 3 27
6 4 -27
6 4 27
6 5 -27
6 5 27
6 6 -27
6 6 27
6 7 -26
6 7 26
6 8 -26
6 8 26
6 9 -26
6 9 26
6 10 -26
6 10 26
6 11 -25
6 11 25
6 12 -25
6 12 25
6 13 -24
6 13 24
6 14 -24
6 14 24
6 15 -23
6 15 23
6 16 -22
6 16 22
6 17 -22
6 17 22
6 18 -21
6 18 21
6 19 -20
6 19 20
6 20 -19
6 20 19
6 21 -18
6 21 18
6 22 -17
6 22 -16
6 22 16
6 22 17
6 23 -15
6 23 15
6 24 -14
6 24 -13
6 24 13
6 24 14
6 25 -12
6 25 -11
6 25 11
6 25 12
6 26 -10
6 26 -9
6 26 -8
6 26 -7
6 26 7
6 26 8
6 26 9
6 26 10
6 27 -6
6 27 -5
6 27 -4
6 27 -3
6 27 -2
6 27 -1
6 27 0
6 27 1
6 27 2
6 27 3
6 27 4
6 27 5
6 27 6
7 -27 -5
7 -27 -4
7 -27 -3
7 -27 -2
7 -27 -1
7 -27 0
7 -27 1
7 -27 2
7 -27 3
7 -27 4
7 -27 5
7 -26 -9
7 -26 -8
7 -26 -7
7 -26 -6
7 -26 6
7 -26 7
7 -26 8
7 -26 9
7 -25 -11
7 -25 -10
7 -25 10
7 -25 11
7 -24 -13
7 -24 -12
7 -24 12
7 -24 13
7 -23 -15
7 -23 -14
7 -23 14
7 -23 15
7 -22 -16
7 -22 16
7 -21 -17
7 -21 17
7 -20 -19
7 -20 -18
7 -20 18
7 -20 19
7 -19 -20
7 -19 20
7 -18 -20
7 -18 20
7 -17 -21
7 -17 21
7 -16 -22
7 -16 22
7 -15 -23
7 -15 23
7 -14 -23
7 -14 23
7 -13 -24
7 -13 24
7 -12 -24
7 -12 24
7 -11 -25
7 -11 25
7 -10 -25
7 -10 25
7 -9 -26
7 -9 26
7 -8 -26
7 -8 26
7 -7 -26
7 -7 26
7 -6 -26
7 -6 26
7 -5 -27
7 -5 27
7 -4 -27
7 -4 27
7 -3 -27
7 -3 27
7 -2 -27
7 -2 27
7 -1 -27
7 -1 27
7 0 -27
7 0 27
7 1 -27
7 1 27
7 2 -27
7 2 27
7 3 -27
7 3 27
7 4 -27
7 4 27
7 5 -27
7 5 27
7 6 -26
7 6 26
7 7 -26
7 7 26
7 8 -26
7 8 26
7 9 -26
7 9 26
7 10 -25
7 10 25
7 11 -25
7 11 25
7 12 -24
7 12 24
7 13 -24
7 13 24
7 14 -23
7 14 23
7 15 -23
7 15 23
7 16 -22
7 16 22
7 17 -21
7 17 21
7 18 -20
7 18 20
7 19 -20
7 19 20
7 20 -19
7 20 -18
7 20 18
7 20 19
7 21 -17
7 21 17
7 22 -16
7 22 16
7 23 -15
7 23 -14
7 23 14
7 23 15
7 24 -13
7 24 -12
7 24 12
7 24 13
7 25 -11
7 25 -10
7 25 10
7 25 11
7 26 -9
7 26 -8
7 26 -7
7 26 -6
7 26 6
7 26 7
7 26 8
7 26 9
7 27 -5
7 27 -4
7 27 -3
7 27 -2
7 27 -1
7 27 0
7 27 1
7 27 2
7 27 3
7 27 4
7 27 5
8 -27 -4
8 -27 -3
8 -27 -2
8 -27 -1
8 -27 0
8 -27 1
8 -27 2
8 -27 3
8 -27 4
8 -26 -8
8 -26 -7
8 -26 -6
8 -26 -5
8 -26 5
8 -26 6
8 -26 7
8 -26 8
8 -25 -11
8 -25 -10
8 -25 -9
8 -25 9
8 -25 10
8 -25 11
8 -24 -13
8 -24 -12
8 -24 12
8 -24 13
8 -23 -14
8 -23 14
8 -22 -16
8 -22 -15
8 -22 15
8 -22 16
8 -21 -17
8 -21 17
8 -20 -18
8 -20 18
8 -19 -19
8 -19 19
8 -18 -20
8 -18 20
8 -17 -21
8 -17 21
8 -16 -22
8 -16 22
8 -15 -22
8 -15 22
8 -14 -23
8 -14 23
8 -13 -24
8 -13 24
8 -12 -24
8 -12 24
8 -11 -25
8 -11 25
8 -10 -25
8 -10 25
8 -9 -25
8 -9 25
8 -8 -26
8 -8 26
8 -7 -26
8 -7 26
8 -6 -26
8 -6 26
8 -5 -26
8 -5 26
8 -4 -27
8 -4 27
8 -3 -27
8 -3 27
8 -2 -27
8 -2 27
8 -1 -27
8 -1 27
8 0 -27
8 0 27
8 1 -27
8 1 27
8 2 -27
8 2 27
8 3 -27
8 3 27
8 4 -27
8 4 27
8 5 -26
8 5 26
8 6 -26
8 6 26
8 7 -26
8 7 26
8 8 -26
8 8 26
8 9 -25
8 9 25
8 10 -25
8 10 25
8 11 -25
8 11 25
8 12 -24
8 12 24
8 13 -24
8 13 24
8 14 -23
8 14 23
8 15 -22
8 15 22
8 16 -22
8 16 22
8 17 -21
8 17 21
8 18 -20
8 18 20
8 19 -19
8 19 19
8 20 -18
8 20 18
8 21 -17
8 21 17
8 22 -16
8 22 -15
8 22 15
8 22 16
8 23 -14
8 23 14
8 24 -13
8 24 -12
8 24 12
8 24 13
8 25 -11
8 25 -10
8 25 -9
8 25 9
8 25 10
8 25 11
8 26 -8
8 26 -7
8 26 -6
8 26 -5
8 26 5
8 26 6
8 26 7
8 26 8
8 27 -4
8 27 -3
8 27 -2
8 27 -1
8 27 0
8 27 1
8 27 2
8 27 3
8 27 4
9 -27 -1
9 -27 0
9 -27 1
9 -26 -7
9 -26 -6
9 -26 -5
9 -26 -4
9 -26 -3
9 -26 -2
9 -26 2
9 -26 3
9 -26 4
9 -26 5
9 -26 6
9 -26 7
9 -25 -10
9 -25 -9
9 -25 -8
9 -25 8
9 -25 9
9 -25 10
9 -24 -12
9 -24 -11
9 -24 11
9 -24 12
9 -23 -14
9 -23 -13
9 -23 13
9 -23 14
9 -22 -15
9 -22 15
9 -21 -17
9 -21 -16
9 -21 16
9 -21 17
9 -20 -18
9 -20 18
9 -19 -19
9 -19 19
9 -18 -20
9 -18 20
9 -17 -21
9 -17 21
9 -16 -21
9 -16 21
9 -15 -22
9 -15 22
9 -14 -23
9 -14 23
9 -13 -23
9 -13 23
9 -12 -24
9 -12 24
9 -11 -24
9 -11 24
9 -10 -25
9 -10 25
9 -9 -25
9 -9 25
9 -8 -25
9 -8 25
9 -7 -26
9 -7 26
9 -6 -26
9 -6 26
9 -5 -26
9 -5 26
9 -4 -26
9 -4 26
9 -3 -26
9 -3 26
9 -2 -26
9 -2 26
9 -1 -27
9 -1 27
9 0 -27
9 0 27
9 1 -27
9 1 27
9 2 -26
9 2 26
9 3 -26
9 3 26
9 4 -26
9 4 26
9 5 -26
9 5 26
9 6 -26
9 6 26
9 7 -26
9 7 26
9 8 -25
9 8 25
9 9 -25
9 9 25
9 10 -25
9 10 25
9 11 -24
9 11 24
9 12 -24
9 12 24
9 13 -23
9 13 23
9 14 -23
9 14 23
9 15 -22
9 15 22
9 16 -21
9 16 21
9 17 -21
9 17 21
9 18 -20
9 18 20
9 19 -19
9 19 19
9 20 -18
9 20 18
9 21 -17
9 21 -16
9 21 16
9 21 17
9 22 -15
9 22 15
9 23 -14
9 23 -13
9 23 13
9 23 14
9 24 -12
9 24 -11
9 24 11
9 24 12
9 25 -10
9 25 -9
9 25 -8
9 25 8
9 25 9
9 25 10
9 26 -7
9 26 -6
9 26 -5
9 26 -4
9 26 -3
9 26 -2
9 26 2
9 26 3
9 26 4
9 26 5
9 26 6
9 26 7
9 27 -1
9 27 0
9 27 1
10 -26 -6
10 -26 -5
10 -26 -4
10 -26 -3
10 -26 -2
10 -26 -1
10 -26 0
10 -26 1
10 -26 2
10 -26 3
10 -26 4
10 -26 5
10 -26 6
10 -25 -9
10 -25 -8
10 -25 -7
10 -25 7
10 -25 8
10 -25 9
10 -24 -11
10 -24 -10
10 -24 10
10 -24 11
10 -23 -13
10 -23 -12
10 -23 12
10 -23 13
10 -22 -15
10 -22 -14
10 -22 14
10 -22 15
10 -21 -16
10 -21 16
10 -20 -17
10 -20 17
10 -19 -18
10 -19 18
10 -18 -19
10 -18 19
10 -17 -20
10 -17 20
10 -16 -21
10 -16 21
10 -15 -22
10 -15 22
10 -14 -22
10 -14 22
10 -13 -23
10 -13 23
10 -12 -23
10 -12 23
10 -11 -24
10 -11 24
10 -10 -24
10 -10 24
10 -9 -25
10 -9 25
10 -8 -25
10 -8 25
10 -7 -25
10 -7 25
10 -6 -26
10 -6 26
10 -5 -26
10 -5 26
10 -4 -26
10 -4 26
10 -3 -26
10 -3 26
10 -2 -26
10 -2 26
10 -1 -26
10 -1 26
10 0 -26
10 0 26
10 1 -26
10 1 26
10 2 -26
10 2 26
10 3 -26
10 3 26
10 4 -26
10 4 26
10 5 -26
10 5 26
10 6 -26
10 6 26
10 7 -25
10 7 25
10 8 -25
10 8 25
10 9 -25
10 9 25
10 10 -24
10 10 24
10 11 -24
10 11 24
10 12 -23
10 12 23
10 13 -23
10 13 23
10 14 -22
10 14 22
10 15 -22
10 15 22
10 16 -21
10 16 21
10 17 -20
10 17 20
10 18 -19
10 18 19
10 19 -18
10 19 18
10 20 -17
10 20 17
10 21 -16
10 21 16
10 22 -15
10 22 -14
10 22 14
10 22 15
10 23 -13
10 23 -12
10 23 12
10 23 13
10 24 -11
10 24 -10
10 24 10
10 24 11
10 25 -9
10 25 -8
10 25 -7
10 25 7
10 25 8
10 25 9
10 26 -6
10 26 -5
10 26 -4
10 26 -3
10 26 -2
10 26 -1
10 26 0
10 26 1
10 26 2
10 26 3
10 26 4
10 26 5
10 26 6
11 -26 -3
11 -26 -2
11 -26 -1
11 -26 0
11 -26 1
11 -26 2
11 -26 3
11 -25 -8
11 -25 -7
11 -25 -6
11 -25 -5
11 -25 -4
11 -25 4
11 -25 5
11 -25 6
11 -25 7
11 -25 8
11 -24 -10
11 -24 -9
11 -24 9
11 -24 10
11 -23 -12
11 -23 -11
11 -23 11
11 -23 12
11 -22 -14
11 -22 -13
11 -22 13
11 -22 14
11 -21 -15
11 -21 15
11 -20 -17
11 -20 -16
11 -20 16
11 -20 17
11 -19 -18
11 -19 18
11 -18 -19
11 -18 19
11 -17 -20
11 -17 20
11 -16 -20
11 -16 20
11 -15 -21
11 -15 21
11 -14 -22
11 -14 22
11 -13 -22
11 -13 22
11 -12 -23
11 -12 23
11 -11 -23
11 -11 23
11 -10 -24
11 -10 24
11 -9 -24
11 -9 24
11 -8 -25
11 -8 25
11 -7 -25
11 -7 25
11 -6 -25
11 -6 25
11 -5 -25
11 -5 25
11 -4 -25
11 -4 25
11 -3 -26
11 -3 26
11 -2 -26
11 -2 26
11 -1 -26
11 -1 26
11 0 -26
11 0 26
11 1 -26
11 1 26
11 2 -26
11 2 26
11 3 -26
11 3 26
11 4 -25
11 4 25
11 5 -25
11 5 25
11 6 -25
11 6 25
11 7 -25
11 7 25
11 8 -25
11 8 25
11 9 -24
11 9 24
11 10 -24
11 10 24
11 11 -23
11 11 23
11 12 -23
11 12 23
11 13 -22
11 13 22
11 14 -22
11 14 22
11 15 -21
11 15 21
11 16 -20
11 16 20
11 17 -20
11 17 20
11 18 -19
11 18 19
11 19 -18
11 19 18
11 20 -17
11 20 -16
11 20 16
11 20 17
11 21 -15
11 21 15
11 22 -14
11 22 -13
11 22 13
11 22 14
11 23 -12
11 23 -11
11 23 11
11 23 12
11 24 -10
11 24 -9
11 24 9
11 24 10
11 25 -8
11 25 -7
11 25 -6
11 25 -5
11 25 -4
11 25 4
11 25 5
11 25 6
11 25 7
11 25 8
11 26 -3
11 26 -2
11 26 -1
11 26 0
11 26 1
11 26 2
11 26 3
12 -25 -6
12 -25 -5
12 -25 -4
12 -25 -3
12 -25 -2
12 -25 -1
12 -25 0
12 -25 1
12 -25 2
12 -25 3
12 -25 4
12 -25 5
12 -25 6
12 -24 -9
12 -24 -8
12 -24 -7
12 -24 7
12 -24 8
12 -24 9
12 -23 -11
12 -23 -10
12 -23 10
12 -23 11
12 -22 -13
12 -22 -12
12 -22 12
12 -22 13
12 -21 -15
12 -21 -14
12 -21 14
12 -21 15
12 -20 -16
12 -20 16
12 -19 -17
12 -19 17
12 -18 -18
12 -18 18
12 -17 -19
12 -17 19
12 -16 -20
12 -16 20
12 -15 -21
12 -15 21
12 -14 -21
12 -14 21
12 -13 -22
12 -13 22
12 -12 -22
12 -12 22
12 -11 -23
12 -11 23
12 -10 -23
12 -10 23
12 -9 -24
12 -9 24
12 -8 -24
12 -8 24
12 -7 -24
12 -7 24
12 -6 -25
12 -6 25
12 -5 -25
12 -5 25
12 -4 -25
12 -4 25
12 -3 -25
12 -3 25
12 -2 -25
12 -2 25
12 -1 -25
12 -1 25
12 0 -25
12 0 25
12 1 -25
12 1 25
12 2 -25
12 2 25
12 3 -25
12 3 25
12 4 -25
12 4 25
12 5 -25
12 5 25
12 6 -25
12 6 25
12 7 -24
12 7 24
12 8 -24
12 8 24
12 9 -24
12 9 24
12 10 -23
12 10 23
12 11 -23
12 11 23
12 12 -22
12 12 22
12 13 -22
12 13 22
12 14 -21
12 14 21
12 15 -21
12 15 21
12 16 -20
12 16 20
12 17 -19
12 17 19
12 18 -18
12 18 18
12 19 -17
12 19 17
12 20 -16
12 20 16
12 21 -15
12 21 -14
12 21 14
12 21 15
12 22 -13
12 22 -12
12 22 12
12 22 13
12 23 -11
12 23 -10
12 23 10
12 23 11
12 24 -9
12 24 -8
12 24 -7
12 24 7
12 24 8
12 24 9
12 25 -6
12 25 -5
12 25 -4
12 25 -3
12 25 -2
12 25 -1
12 25 0
12 25 1
12 25 2
12 25 3
12 25 4
12 25 5
12 25 6
13 -25 -4
13 -25 -3
13 -25 -2
13 -25 -1
13 -25 0
13 -25 1
13 -25 2
13 -25 3
13 -25 4
13 -24 -8
13 -24 -7
13 -24 -6
13 -24 -5
13 -24 5
13 -24 6
13 -24 7
13 -24 8
13 -23 -10
13 -23 -9
13 -23 9
13 -23 10
13 -22 -12
13 -22 -11
13 -22 11
13 -22 12
13 -21 -14
13 -21 -13
13 -21 13
13 -21 14
13 -20 -15
13 -20 15
13 -19 -16
13 -19 16
13 -18 -17
13 -18 17
13 -17 -18
13 -17 18
13 -16 -19
13 -16 19
13 -15 -20
13 -15 20
13 -14 -21
13 -14 21
13 -13 -21
13 -13 21
13 -12 -22
13 -12 22
13 -11 -22
13 -11 22
13 -10 -23
13 -10 23
13 -9 -23
13 -9 23
13 -8 -24
13 -8 24
13 -7 -24
13 -7 24
13 -6 -24
13 -6 24
13 -5 -24
13 -5 24
13 -4 -25
13 -4 25
13 -3 -25
13 -3 25
13 -2 -25
13 -2 25
13 -1 -25
13 -1 25
13 0 -25
13 0 25
13 1 -25
13 1 25
13 2 -25
13 2 25
13 3 -25
13 3 25
13 4 -25
13 4 25
13 5 -24
13 5 24
13 6 -24
13 6 24
13 7 -24
13 7 24
13 8 -24
13 8 24
13 9 -23
13 9 23
13 10 -23
13 10 23
13 11 -22
13 11 22
13 12 -22
13 12 22
13 13 -21
13 13 21
13 14 -21
13 14 21
13 15 -20
13 15 20
13 16 -19
13 16 19
13 17 -18
13 17 18
13 18 -17
13 18 17
13 19 -16
13 19 16
13 20 -15
13 20 15
13 21 -14
13 21 -13
13 21 13
13 21 14
13 22 -12
13 22 -11
13 22 11
13 22 12
13 23 -10
13 23 -9
13 23 9
13 23 10
13 24 -8
13 24 -7
13 24 -6
13 24 -5
13 24 5
13 24 6
13 24 7
13 24 8
13 25 -4
13 25 -3
13 25 -2
13 25 -1
13 25 0
13 25 1
13 25 2
13 25 3
13 25 4
14 -24 -6
14 -24 -5
14 -24 -4
14 -24 -3
14 -24 -2
14 -24 -1
14 -24 0
14 -24 1
14 -24 2
14 -24 3
14 -24 4
14 -24 5
14 -24 6
14 -23 -9
14 -23 -8
14 -23 -7
14 -23 7
14 -23 8
14 -23 9
14 -22 -11
14 -22 -10
14 -22 10
14 -22 11
14 -21 -13
14 -21 -12
14 -21 12
14 -21 13
14 -20 -14
14 -20 14
14 -19 -15
14 -19 15
14 -18 -17
14 -18 -16
14 -18 16
14 -18 17
14 -17 -18
14 -17 18
14 -16 -18
14 -16 18
14 -15 -19
14 -15 19
14 -14 -20
14 -14 20
14 -13 -21
14 -13 21
14 -12 -21
14 -12 21
14 -11 -22
14 -11 22
14 -10 -22
14 -10 22
14 -9 -23
14 -9 23
14 -8 -23
14 -8 23
14 -7 -23
14 -7 23
14 -6 -24
14 -6 24
14 -5 -24
14 -5 24
14 -4 -24
14 -4 24
14 -3 -24
14 -3 24
14 -2 -24
14 -2 24
14 -1 -24
14 -1 24
14 0 -24
14 0 24
14 1 -24
14 1 24
14 2 -24
14 2 24
14 3 -24
14 3 24
14 4 -24
14 4 24
14 5 -24
14 5 24
14 6 -24
14 6 24
14 7 -23
14 7 23
14 8 -23
14 8 23
14 9 -23
14 9 23
14 10 -22
14 10 22
14 11 -22
14 11 22
14 12 -21
14 12 21
14 13 -21
14 13 21
14 14 -20
14 14 20
14 15 -19
14 15 19
14 16 -18
14 16 18
14 17 -18
14 17 18
14 18 -17
14 18 -16
14 18 16
14 18 17
14 19 -15
14 19 15
14 20 -14
14 20 14
14 21 -13
14 21 -12
14 21 12
14 21 13
14 22 -11
14 22 -10
14 22 10
14 22 11
14 23 -9
14 23 -8
14 23 -7
14 23 7
14 23 8
14 23 9
14 24 -6
14 24 -5
14 24 -4
14 24 -3
14 24 -2
14 24 -1
14 24 0
14 24 1
14 24 2
14 24 3
14 24 4
14 24 5
14 24 6
15 -24 -3
15 -24 -2
15 -24 -1
15 -24 0
15 -24 1
15 -24 2
15 -24 3
15 -23 -7
15 -23 -6
15 -23 -5
15 -23 -4
15 -23 4
15 -23 5
15 -23 6
15 -23 7
15 -22 -10
15 -22 -9
15 -22 -8
15 -22 8
15 -22 9
15 -22 10
15 -21 -12
15 -21 -11
15 -21 11
15 -21 12
15 -20 -13
15 -20 13
15 -19 -15
15 -19 -14
15 -19 14
15 -19 15
15 -18 -16
15 -18 16
15 -17 -17
15 -17 17
15 -16 -18
15 -16 18
15 -15 -19
15 -15 19
15 -14 -19
15 -14 19
15 -13 -20
15 -13 20
15 -12 -21
15 -12 21
15 -11 -21
15 -11 21
15 -10 -22
15 -10 22
15 -9 -22
15 -9 22
15 -8 -22
15 -8 22
15 -7 -23
15 -7 23
15 -6 -23
15 -6 23
15 -5 -23
15 -5 23
15 -4 -23
15 -4 23
15 -3 -24
15 -3 24
15 -2 -24
15 -2 24
15 -1 -24
15 -1 24
15 0 -24
15 0 24
15 1 -24
15 1 24
15 2 -24
15 2 24
15 3 -24
15 3 24
15 4 -23
15 4 23
15 5 -23
15 5 23
15 6 -23
15 6 23
15 7 -23
15 7 23
15 8 -22
15 8 22
15 9 -22
15 9 22
15 10 -22
15 10 22
15 11 -21
15 11 21
15 12 -21
15 12 21
15 13 -20
15 13 20
15 14 -19
15 14 19
15 15 -19
15 15 19
15 16 -18
15 16 18
15 17 -17
15 17 17
15 18 -16
15 18 16
15 19 -15
15 19 -14
15 19 14
15 19 15
15 20 -13
15 20 13
15 21 -12
15 21 -11
15 21 11
15 21 12
15 22 -10
15 22 -9
15 22 -8
15 22 8
15 22 9
15 22 10
15 23 -7
15 23 -6
15 23 -5
15 23 -4
15 23 4
15 23 5
15 23 6
15 23 7
15 24 -3
15 24 -2
15 24 -1
15 24 0
15 24 1
15 24 2
15 24 3
16 -23 -5
16 -23 -4
16 -23 -3
16 -23 -2
16 -23 -1
16 -23 0
16 -23 1
16 -23 2
16 -23 3
16 -23 4
16 -23 5
16 -22 -8
16 -22 -7
16 -22 -6
16 -22 6
16 -22 7
16 -22 8
16 -21 -10
16 -21 -9
16 -21 9
16 -21 10
16 -20 -12
16 -20 -11
16 -20 11
16 -20 12
16 -19 -13
16 -19 13
16 -18 -15
16 -18 -14
16 -18 14
16 -18 15
16 -17 -16
16 -17 16
16 -16 -17
16 -16 17
16 -15 -18
16 -15 18
16 -14 -18
16 -14 18
16 -13 -19
16 -13 19
16 -12 -20
16 -12 20
16 -11 -20
16 -11 20
16 -10 -21
16 -10 21
16 -9 -21
16 -9 21
16 -8 -22
16 -8 22
16 -7 -22
16 -7 22
16 -6 -22
16 -6 22
16 -5 -23
16 -5 23
16 -4 -23
16 -4 23
16 -3 -23
16 -3 23
16 -2 -23
16 -2 23
16 -1 -23
16 -1 23
16 0 -23
16 0 23
16 1 -23
16 1 23
16 2 -23
16 2 23
16 3 -23
16 3 23
16 4 -23
16 4 23
16 5 -23
16 5 23
16 6 -22
16 6 22
16 7 -22
16 7 22
16 8 -22
16 8 22
16 9 -21
16 9 21
16 10 -21
16 10 21
16 11 -20
16 11 20
16 12 -20
16 12 20
16 13 -19
16 13 19
16 14 -18
16 14 18
16 15 -18
16 15 18
16 16 -17
16 16 17
16 17 -16
16 17 16
16 18 -15
16 18 -14
16 18 14
16 18 15
16 19 -13
16 19 13
16 20 -12
16 20 -11
16 20 11
16 20 12
16 21 -10
16 21 -9
16 21 9
16 21 10
16 22 -8
16 22 -7
16 22 -6
16 22 6
16 22 7
16 22 8
16 23 -5
16 23 -4
16 23 -3
16 23 -2
16 23 -1
16 23 0
16 23 1
16 23 2
16 23 3
16 23 4
16 23 5
17 -22 -6
17 -22 -5
17 -22 -4
17 -22 -3
17 -22 -2
17 -22 -1
17 -22 0
17 -22 1
17 -22 2
17 -22 3
17 -22 4
17 -22 5
17 -22 6
17 -21 -9
17 -21 -8
17 -21 -7
17 -21 7
17 -21 8
17 -21 9
17 -20 -11
17 -20 -10
17 -20 10
17 -20 11
17 -19 -12
17 -19 12
17 -18 -14
17 -18 -13
17 -18 13
17 -18 14
17 -17 -15
17 -17 15
17 -16 -16
17 -16 16
17 -15 -17
17 -15 17
17 -14 -18
17 -14 18
17 -13 -18
17 -13 18
17 -12 -19
17 -12 19
17 -11 -20
17 -11 20
17 -10 -20
17 -10 20
17 -9 -21
17 -9 21
17 -8 -21
17 -8 21
17 -7 -21
17 -7 21
17 -6 -22
17 -6 22
17 -5 -22
17 -5 22
17 -4 -22
17 -4 22
17 -3 -22
17 -3 22
17 -2 -22
17 -2 22
17 -1 -22
17 -1 22
17 0 -22
17 0 22
17 1 -22
17 1 22
17 2 -22
17 2 22
17 3 -22
17 3 22
17 4 -22
17 4 22
17 5 -22
17 5 22
17 6 -22
17 6 22
17 7 -21
17 7 21
17 8 -21
17 8 21
17 9 -21
17 9 21
17 10 -20
17 10 20
17 11 -20
17 11 20
17 12 -19
17 12 19
17 13 -18
17 13 18
17 14 -18
17 14 18
17 15 -17
17 15 17
17 16 -16
17 16 16
17 17 -15
17 17 15
17 18 -14
17 18 -13
17 18 13
17 18 14
17 19 -12
17 19 12
17 20 -11
17 20 -10
17 20 10
17 20 11
17 21 -9
17 21 -8
17 21 -7
17 21 7
17 21 8
17 21 9
17 22 -6
17 22 -5
17 22 -4
17 22 -3
17 22 -2
17 22 -1
17 22 0
17 22 1
17 22 2
17 22 3
17 22 4
17 22 5
17 22 6
18 -22 -2
18 -22 -1
18 -22 0
18 -22 1
18 -22 2
18 -21 -6
18 -21 -5
18 -21 -4
18 -21 -3
18 -21 3
18 -21 4
18 -21 5
18 -21 6
18 -20 -9
18 -20 -8
18 -20 -7
18 -20 7
18 -20 8
18 -20 9
18 -19 -11
18 -19 -10
18 -19 10
18 -19 11
18 -18 -12
18 -18 12
18 -17 -14
18 -17 -13
18 -17 13
18 -17 14
18 -16 -15
18 -16 -14
18 -16 14
18 -16 15
18 -15 -16
18 -15 16
18 -14 -17
18 -14 -16
18 -14 16
18 -14 17
18 -13 -17
18 -13 17
18 -12 -18
18 -12 18
18 -11 -19
18 -11 19
18 -10 -19
18 -10 19
18 -9 -20
18 -9 20
18 -8 -20
18 -8 20
18 -7 -20
18 -7 20
18 -6 -21
18 -6 21
18 -5 -21
18 -5 21
18 -4 -21
18 -4 21
18 -3 -21
18 -3 21
18 -2 -22
18 -2 22
18 -1 -22
18 -1 22
18 0 -22
18 0 22
18 1 -22
18 1 22
18 2 -22
18 2 22
18 3 -21
18 3 21
18 4 -21
18 4 21
18 5 -21
18 5 21
18 6 -21
18 6 21
18 7 -20
18 7 20
18 8 -20
18 8 20
18 9 -20
18 9 20
18 10 -19
18 10 19
18 11 -19
18 11 19
18 12 -18
18 12 18
18 13 -17
18 13 17
18 14 -17
18 14 -16
18 14 16
18 14 17
18 15 -16
18 15 16
18 16 -15
18 16 -14
18 16 14
18 16 15
18 17 -14
18 17 -13
18 17 13
18 17 14
18 18 -12
18 18 12
18 19 -11
18 19 -10
18 19 10
18 19 11
18 20 -9
18 20 -8
18 20 -7
18 20 7
18 20 8
18 20 9
18 21 -6
18 21 -5
18 21 -4
18 21 -3
18 21 3
18 21 4
18 21 5
18 21 6
18 22 -2
18 22 -1
18 22 0
18 22 1
18 22 2
19 -21 -3
19 -21 -2
19 -21 -1
19 -21 0
19 -21 1
19 -21 2
19 -21 3
19 -20 -7
19 -20 -6
19 -20 -5
19 -20 -4
19 -20 4
19 -20 5
19 -20 6
19 -20 7
19 -19 -9
19 -19 -8
19 -19 8
19 -19 9
19 -18 -11
19 -18 -10
19 -18 10
19 -18 11
19 -17 -12
19 -17 12
19 -16 -13
19 -16 13
19 -15 -15
19 -15 -14
19 -15 14
19 -15 15
19 -14 -15
19 -14 15
19 -13 -16
19 -13 16
19 -12 -17
19 -12 17
19 -11 -18
19 -11 18
19 -10 -18
19 -10 18
19 -9 -19
19 -9 19
19 -8 -19
19 -8 19
19 -7 -20
19 -7 20
19 -6 -20
19 -6 20
19 -5 -20
19 -5 20
19 -4 -20
19 -4 20
19 -3 -21
19 -3 21
19 -2 -21
19 -2 21
19 -1 -21
19 -1 21
19 0 -21
19 0 21
19 1 -21
19 1 21
19 2 -21
19 2 21
19 3 -21
19 3 21
19 4 -20
19 4 20
19 5 -20
19 5 20
19 6 -20
19 6 20
19 7 -20
19 7 20
19 8 -19
19 8 19
19 9 -19
19 9 19
19 10 -18
19 10 18
19 11 -18
19 11 18
19 12 -17
19 12 17
19 13 -16
19 13 16
19 14 -15
19 14 15
19 15 -15
19 15 -14
19 15 14
19 15 15
19 16 -13
19 16 13
19 17 -12
19 17 12
19 18 -11
19 18 -10
19 18 10
19 18 11
19 19 -9
19 19 -8
19 19 8
19 19 9
19 20 -7
19 20 -6
19 20 -5
19 20 -4
19 20 4
19 20 5
19 20 6
19 20 7
19 21 -3
19 21 -2
19 21 -1
19 21 0
19 21 1
19 21 2
19 21 3
20 -20 -3
20 -20 -2
20 -20 -1
20 -20 0
20 -20 1
20 -20 2
20 -20 3
20 -19 -7
20 -19 -6
20 -19 -5
20 -19 -4
20 -19 4
20 -19 5
20 -19 6
20 -19 7
20 -18 -9
20 -18 -8
20 -18 -7
20 -18 7
20 -18 8
20 -18 9
20 -17 -11
20 -17 -10
20 -17 10
20 -17 11
20 -16 -12
20 -16 -11
20 -16 11
20 -16 12
20 -15 -13
20 -15 13
20 -14 -14
20 -14 14
20 -13 -15
20 -13 15
20 -12 -16
20 -12 16
20 -11 -17
20 -11 -16
20 -11 16
20 -11 17
20 -10 -17
20 -10 17
20 -9 -18
20 -9 18
20 -8 -18
20 -8 18
20 -7 -19
20 -7 -18
20 -7 18
20 -7 19
20 -6 -19
20 -6 19
20 -5 -19
20 -5 19
20 -4 -19
20 -4 19
20 -3 -20
20 -3 20
20 -2 -20
20 -2 20
20 -1 -20
20 -1 20
20 0 -20
20 0 20
20 1 -20
20 1 20
20 2 -20
20 2 20
20 3 -20
20 3 20
20 4 -19
20 4 19
20 5 -19
20 5 19
20 6 -19
20 6 19
20 7 -19
20 7 -18
20 7 18
20 7 19
20 8 -18
20 8 18
20 9 -18
20 9 18
20 10 -17
20 10 17
20 11 -17
20 11 -16
20 11 16
20 11 17
20 12 -16
20 12 16
20 13 -15
20 13 15
20 14 -14
20 14 14
20 15 -13
20 15 13
20 16 -12
20 16 -11
20 16 11
20 16 12
20 17 -11
20 17 -10
20 17 10
20 17 11
20 18 -9
20 18 -8
20 18 -7
20 18 7
20 18 8
20 18 9
20 19 -7
20 19 -6
20 19 -5
20 19 -4
20 19 4
20 19 5
20 19 6
20 19 7
20 20 -3
20 20 -2
20 20 -1
20 20 0
20 20 1
20 20 2
20 20 3
21 -19 -3
21 -19 -2
21 -19 -1
21 -19 0
21 -19 1
21 -19 2
21 -19 3
21 -18 -6
21 -18 -5
21 -18 -4
21 -18 -3
21 -18 3
21 -18 4
21 -18 5
21 -18 6
21 -17 -9
21 -17 -8
21 -17 -7
21 -17 7
21 -17 8
21 -17 9
21 -16 -10
21 -16 -9
21 -16 9
21 -16 10
21 -15 -12
21 -15 -11
21 -15 11
21 -15 12
21 -14 -13
21 -14 -12
21 -14 12
21 -14 13
21 -13 -14
21 -13 -13
21 -13 13
21 -13 14
21 -12 -15
21 -12 -14
21 -12 14
21 -12 15
21 -11 -15
21 -11 15
21 -10 -16
21 -10 16
21 -9 -17
21 -9 -16
21 -9 16
21 -9 17
21 -8 -17
21 -8 17
21 -7 -17
21 -7 17
21 -6 -18
21 -6 18
21 -5 -18
21 -5 18
21 -4 -18
21 -4 18
21 -3 -19
21 -3 -18
21 -3 18
21 -3 19
21 -2 -19
21 -2 19
21 -1 -19
21 -1 19
21 0 -19
21 0 19
21 1 -19
21 1 19
21 2 -19
21 2 19
21 3 -19
21 3 -18
21 3 18
21 3 19
21 4 -18
21 4 18
21 5 -18
21 5 18
21 6 -18
21 6 18
21 7 -17
21 7 17
21 8 -17
21 8 17
21 9 -17
21 9 -16
21 9 16
21 9 17
21 10 -16
21 10 16
21 11 -15
21 11 15
21 12 -15
21 12 -14
21 12 14
21 12 15
21 13 -14
21 13 -13
21 13 13
21 13 14
21 14 -13
21 14 -12
21 14 12
21 14 13
21 15 -12
21 15 -11
21 15 11
21 15 12
21 16 -10
21 16 -9
21 16 9
21 16 10
21 17 -9
21 17 -8
21 17 -7
21 17 7
21 17 8
21 17 9
21 18 -6
21 18 -5
21 18 -4
21 18 -3
21 18 3
21 18 4
21 18 5
21 18 6
21 19 -3
21 19 -2
21 19 -1
21 19 0
21 19 1
21 19 2
21 19 3
22 -18 -2
22 -18 -1
22 -18 0
22 -18 1
22 -18 2
22 -17 -6
22 -17 -5
22 -17 -4
22 -17 -3
22 -17 -2
22 -17 -1
22 -17 0
22 -17 1
22 -17 2
22 -17 3
22 -17 4
22 -17 5
22 -17 6
22 -16 -8
22 -16 -7
22 -16 -6
22 -16 6
22 -16 7
22 -16 8
22 -15 -10
22 -15 -9
22 -15 -8
22 -15 8
22 -15 9
22 -15 10
22 -14 -11
22 -14 -10
22 -14 10
22 -14 11
22 -13 -12
22 -13 -11
22 -13 11
22 -13 12
22 -12 -13
22 -12 -12
22 -12 12
22 -12 13
22 -11 -14
22 -11 -13
22 -11 13
22 -11 14
22 -10 -15
22 -10 -14
22 -10 14
22 -10 15
22 -9 -15
22 -9 15
22 -8 -16
22 -8 -15
22 -8 15
22 -8 16
22 -7 -16
22 -7 16
22 -6 -17
22 -6 -16
22 -6 16
22 -6 17
22 -5 -17
22 -5 17
22 -4 -17
22 -4 17
22 -3 -17
22 -3 17
22 -2 -18
22 -2 -17
22 -2 17
22 -2 18
22 -1 -18
22 -1 -17
22 -1 17
22 -1 18
22 0 -18
22 0 -17
22 0 17
22 0 18
22 1 -18
22 1 -17
22 1 17
22 1 18
22 2 -18
22 2 -17
22 2 17
22 2 18
22 3 -17
22 3 17
22 4 -17
22 4 17
22 5 -17
22 5 17
22 6 -17
22 6 -16
22 6 16
22 6 17
22 7 -16
22 7 16
22 8 -16
22 8 -15
22 8 15
22 8 16
22 9 -15
22 9 15
22 10 -15
22 10 -14
22 10 14
22 10 15
22 11 -14
22 11 -13
22 11 13
22 11 14
22 12 -13
22 12 -12
22 12 12
22 12 13
22 13 -12
22 13 -11
22 13 11
22 13 12
22 14 -11
22 14 -10
22 14 10
22 14 11
22 15 -10
22 15 -9
22 15 -8
22 15 8
22 15 9
22 15 10
22 16 -8
22 16 -7
22 16 -6
22 16 6
22 16 7
22 16 8
22 17 -6
22 17 -5
22 17 -4
22 17 -3
22 17 -2
22 17 -1
22 17 0
22 17 1
22 17 2
22 17 3
22 17 4
22 17 5
22 17 6
22 18 -2
22 18 -1
22 18 0
22 18 1
22 18 2
23 -16 -5
23 -16 -4
23 -16 -3
23 -16 -2
23 -16 -1
23 -16 0
23 -16 1
23 -16 2
23 -16 3
23 -16 4
23 -16 5
23 -15 -7
23 -15 -6
23 -15 -5
23 -15 -4
23 -15 4
23 -15 5
23 -15 6
23 -15 7
23 -14 -9
23 -14 -8
23 -14 -7
23 -14 7
23 -14 8
23 -14 9
23 -13 -10
23 -13 -9
23 -13 9
23 -13 10
23 -12 -11
23 -12 -10
23 -12 10
23 -12 11
23 -11 -12
23 -11 -11
23 -11 11
23 -11 12
23 -10 -13
23 -10 -12
23 -10 12
23 -10 13
23 -9 -14
23 -9 -13
23 -9 13
23 -9 14
23 -8 -14
23 -8 14
23 -7 -15
23 -7 -14
23 -7 14
23 -7 15
23 -6 -15
23 -6 15
23 -5 -16
23 -5 -15
23 -5 15
23 -5 16
23 -4 -16
23 -4 -15
23 -4 15
23 -4 16
23 -3 -16
23 -3 16
23 -2 -16
23 -2 16
23 -1 -16
23 -1 16
23 0 -16
23 0 16
23 1 -16
23 1 16
23 2 -16
23 2 16
23 3 -16
23 3 16
23 4 -16
23 4 -15
23 4 15
23 4 16
23 5 -16
23 5 -15
23 5 15
23 5 16
23 6 -15
23 6 15
23 7 -15
23 7 -14
23 7 14
23 7 15
23 8 -14
23 8 14
23 9 -14
23 9 -13
23 9 13
23 9 14
23 10 -13
23 10 -12
23 10 12
23 10 13
23 11 -12
23 11 -11
23 11 11
23 11 12
23 12 -11
23 12 -10
23 12 10
23 12 11
23 13 -10
23 13 -9
23 13 9
23 13 10
23 14 -9
23 14 -8
23 14 -7
23 14 7
23 14 8
23 14 9
23 15 -7
23 15 -6
23 15 -5
23 15 -4
23 15 4
23 15 5
23 15 6
23 15 7
23 16 -5
23 16 -4
23 16 -3
23 16 -2
23 16 -1
23 16 0
23 16 1
23 16 2
23 16 3
23 16 4
23 16 5
24 -15 -3
24 -15 -2
24 -15 -1
24 -15 0
24 -15 1
24 -15 2
24 -15 3
24 -14 -6
24 -14 -5
24 -14 -4
24 -14 -3
24 -14 -2
24 -14 -1
24 -14 0
24 -14 1
24 -14 2
24 -14 3
24 -14 4
24 -14 5
24 -14 6
24 -13 -8
24 -13 -7
24 -13 -6
24 -13 -5
24 -13 5
24 -13 6
24 -13 7
24 -13 8
24 -12 -9
24 -12 -8
24 -12 -7
24 -12 7
24 -12 8
24 -12 9
24 -11 -10
24 -11 -9
24 -11 9
24 -11 10
24 -10 -11
24 -10 -10
24 -10 10
24 -10 11
24 -9 -12
24 -9 -11
24 -9 11
24 -9 12
24 -8 -13
24 -8 -12
24 -8 12
24 -8 13
24 -7 -13
24 -7 -12
24 -7 12
24 -7 13
24 -6 -14
24 -6 -13
24 -6 13
24 -6 14
24 -5 -14
24 -5 -13
24 -5 13
24 -5 14
24 -4 -14
24 -4 14
24 -3 -15
24 -3 -14
24 -3 14
24 -3 15
24 -2 -15
24 -2 -14
24 -2 14
24 -2 15
24 -1 -15
24 -1 -14
24 -1 14
24 -1 15
24 0 -15
24 0 -14
24 0 14
24 0 15
24 1 -15
24 1 -14
24 1 14
24 1 15
24 2 -15
24 2 -14
24 2 14
24 2 15
24 3 -15
24 3 -14
24 3 14
24 3 15
24 4 -14
24 4 14
24 5 -14
24 5 -13
24 5 13
24 5 14
24 6 -14
24 6 -13
24 6 13
24 6 14
24 7 -13
24 7 -12
24 7 12
24 7 13
24 8 -13
24 8 -12
24 8 12
24 8 13
24 9 -12
24 9 -11
24 9 11
24 9 12
24 10 -11
24 10 -10
24 10 10
24 10 11
24 11 -10
24 11 -9
24 11 9
24 11 10
24 12 -9
24 12 -8
24 12 -7
24 12 7
24 12 8
24 12 9
24 13 -8
24 13 -7
24 13 -6
24 13 -5
24 13 5
24 13 6
24 13 7
24 13 8
24 14 -6
24 14 -5
24 14 -4
24 14 -3
24 14 -2
24 14 -1
24 14 0
24 14 1
24 14 2
24 14 3
24 14 4
24 14 5
24 14 6
24 15 -3
24 15 -2
24 15 -1
24 15 0
24 15 1
24 15 2
24 15 3
25 -13 -4
25 -13 -3
25 -13 -2
25 -13 -1
25 -13 0
25 -13 1
25 -13 2
25 -13 3
25 -13 4
25 -12 -6
25 -12 -5
25 -12 -4
25 -12 -3
25 -12 -2
25 -12 -1
25 -12 0
25 -12 1
25 -12 2
25 -12 3
25 -12 4
25 -12 5
25 -12 6
25 -11 -8
25 -11 -7
25 -11 -6
25 -11 -5
25 -11 -4
25 -11 4
25 -11 5
25 -11 6
25 -11 7
25 -11 8
25 -10 -9
25 -10 -8
25 -10 -7
25 -10 7
25 -10 8
25 -10 9
25 -9 -10
25 -9 -9
25 -9 -8
25 -9 8
25 -9 9
25 -9 10
25 -8 -11
25 -8 -10
25 -8 -9
25 -8 9
25 -8 10
25 -8 11
25 -7 -11
25 -7 -10
25 -7 10
25 -7 11
25 -6 -12
25 -6 -11
25 -6 11
25 -6 12
25 -5 -12
25 -5 -11
25 -5 11
25 -5 12
25 -4 -13
25 -4 -12
25 -4 -11
25 -4 11
25 -4 12
25 -4 13
25 -3 -13
25 -3 -12
25 -3 12
25 -3 13
25 -2 -13
25 -2 -12
25 -2 12
25 -2 13
25 -1 -13
25 -1 -12
25 -1 12
25 -1 13
25 0 -13
25 0 -12
25 0 12
25 0 13
25 1 -13
25 1 -12
25 1 12
25 1 13
25 2 -13
25 2 -12
25 2 12
25 2 13
25 3 -13
25 3 -12
25 3 12
25 3 13
25 4 -13
25 4 -12
25 4 -11
25 4 11
25 4 12
25 4 13
25 5 -12
25 5 -11
25 5 11
25 5 12
25 6 -12
25 6 -11
25 6 11
25 6 12
25 7 -11
25 7 -10
25 7 10
25 7 11
25 8 -11
25 8 -10
25 8 -9
25 8 9
25 8 10
25 8 11
25 9 -10
25 9 -9
25 9 -8
25 9 8
25 9 9
25 9 10
25 10 -9
25 10 -8
25 10 -7
25 10 7
25 10 8
25 10 9
25 11 -8
25 11 -7
25 11 -6
25 11 -5
25 11 -4
25 11 4
25 11 5
25 11 6
25 11 7
25 11 8
25 12 -6
25 12 -5
25 12 -4
25 12 -3
25 12 -2
25 12 -1
25 12 0
25 12 1
25 12 2
25 12 3
25 12 4
25 12 5
25 12 6
25 13 -4
25 13 -3
25 13 -2
25 13 -1
25 13 0
25 13 1
25 13 2
25 13 3
25 13 4
26 -11 -3
26 -11 -2
26 -11 -1
26 -11 0
26 -11 1
26 -11 2
26 -11 3
26 -10 -6
26 -10 -5
26 -10 -4
26 -10 -3
26 -10 -2
26 -10 -1
26 -10 0
26 -10 1
26 -10 2
26 -10 3
26 -10 4
26 -10 5
26 -10 6
26 -9 -7
26 -9 -6
26 -9 -5
26 -9 -4
26 -9 -3
26 -9 -2
26 -9 2
26 -9 3
26 -9 4
26 -9 5
26 -9 6
26 -9 7
26 -8 -8
26 -8 -7
26 -8 -6
26 -8 -5
26 -8 5
26 -8 6
26 -8 7
26 -8 8
26 -7 -9
26 -7 -8
26 -7 -7
26 -7 -6
26 -7 6
26 -7 7
26 -7 8
26 -7 9
26 -6 -10
26 -6 -9
26 -6 -8
26 -6 -7
26 -6 7
26 -6 8
26 -6 9
26 -6 10
26 -5 -10
26 -5 -9
26 -5 -8
26 -5 8
26 -5 9
26 -5 10
26 -4 -10
26 -4 -9
26 -4 9
26 -4 10
26 -3 -11
26 -3 -10
26 -3 -9
26 -3 9
26 -3 10
26 -3 11
26 -2 -11
26 -2 -10
26 -2 -9
26 -2 9
26 -2 10
26 -2 11
26 -1 -11
26 -1 -10
26 -1 10
26 -1 11
26 0 -11
26 0 -10
26 0 10
26 0 11
26 1 -11
26 1 -10
26 1 10
26 1 11
26 2 -11
26 2 -10
26 2 -9
26 2 9
26 2 10
26 2 11
26 3 -11
26 3 -10
26 3 -9
26 3 9
26 3 10
26 3 11
26 4 -10
26 4 -9
26 4 9
26 4 10
26 5 -10
26 5 -9
26 5 -8
26 5 8
26 5 9
26 5 10
26 6 -10
26 6 -9
26 6 -8
26 6 -7
26 6 7
26 6 8
26 6 9
26 6 10
26 7 -9
26 7 -8
26 7 -7
26 7 -6
26 7 6
26 7 7
26 7 8
26 7 9
26 8 -8
26 8 -7
26 8 -6
26 8 -5
26 8 5
26 8 6
26 8 7
26 8 8
26 9 -7
26 9 -6
26 9 -5
26 9 -4
26 9 -3
26 9 -2
26 9 2
26 9 3
26 9 4
26 9 5
26 9 6
26 9 7
26 10 -6
26 10 -5
26 10 -4
26 10 -3
26 10 -2
26 10 -1
26 10 0
26 10 1
26 10 2
26 10 3
26 10 4
26 10 5
26 10 6
26 11 -3
26 11 -2
26 11 -1
26 11 0
26 11 1
26 11 2
26 11 3
27 -9 -1
27 -9 0
27 -9 1
27 -8 -4
27 -8 -3
27 -8 -2
27 -8 -1
27 -8 0
27 -8 1
27 -8 2
27 -8 3
27 -8 4
27 -7 -5
27 -7 -4
27 -7 -3
27 -7 -2
27 -7 -1
27 -7 0
27 -7 1
27 -7 2
27 -7 3
27 -7 4
27 -7 5
27 -6 -6
27 -6 -5
27 -6 -4
27 -6 -3
27 -6 -2
27 -6 -1
27 -6 0
27 -6 1
27 -6 2
27 -6 3
27 -6 4
27 -6 5
27 -6 6
27 -5 -7
27 -5 -6
27 -5 -5
27 -5 -4
27 -5 -3
27 -5 -2
27 -5 2
27 -5 3
27 -5 4
27 -5 5
27 -5 6
27 -5 7
27 -4 -8
27 -4 -7
27 -4 -6
27 -4 -5
27 -4 -4
27 -4 4
27 -4 5
27 -4 6
27 -4 7
27 -4 8
27 -3 -8
27 -3 -7
27 -3 -6
27 -3 -5
27 -3 5
27 -3 6
27 -3 7
27 -3 8
27 -2 -8
27 -2 -7
27 -2 -6
27 -2 -5
27 -2 5
27 -2 6
27 -2 7
27 -2 8
27 -1 -9
27 -1 -8
27 -1 -7
27 -1 -6
27 -1 6
27 -1 7
27 -1 8
27 -1 9
27 0 -9
27 0 -8
27 0 -7
27 0 -6
27 0 6
27 0 7
27 0 8
27 0 9
27 1 -9
27 1 -8
27 1 -7
27 1 -6
27 1 6
27 1 7
27 1 8
27 1 9
27 2 -8
27 2 -7
27 2 -6
27 2 -5
27 2 5
27 2 6
27 2 7
27 2 8
27 3 -8
27 3 -7
27 3 -6
27 3 -5
27 3 5
27 3 6
27 3 7
27 3 8
27 4 -8
27 4 -7
27 4 -6
27 4 -5
27 4 -4
27 4 4
27 4 5
27 4 6
27 4 7
27 4 8
27 5 -7
27 5 -6
27 5 -5
27 5 -4
27 5 -3
27 5 -2
27 5 2
27 5 3
27 5 4
27 5 5
27 5 6
27 5 7
27 6 -6
27 6 -5
27 6 -4
27 6 -3
27 6 -2
27 6 -1
27 6 0
27 6 1
27 6 2
27 6 3
27 6 4
27 6 5
27 6 6
27 7 -5
27 7 -4
27 7 -3
27 7 -2
27 7 -1
27 7 0
27 7 1
27 7 2
27 7 3
27 7 4
27 7 5
27 8 -4
27 8 -3
27 8 -2
27 8 -1
27 8 0
27 8 1
27 8 2
27 8 3
27 8 4
27 9 -1
27 9 0
27 9 1
28 -5 -1
28 -5 0
28 -5 1
28 -4 -3
28 -4 -2
28 -4 -1
28 -4 0
28 -4 1
28 -4 2
28 -4 3
28 -3 -4
28 -3 -3
28 -3 -2
28 -3 -1
28 -3 0
28 -3 1
28 -3 2
28 -3 3
28 -3 4
28 -2 -4
28 -2 -3
28 -2 -2
28 -2 -1
28 -2 0
28 -2 1
28 -2 2
28 -2 3
28 -2 4
28 -1 -5
28 -1 -4
28 -1 -3
28 -1 -2
28 -1 -1
28 -1 0
28 -1 1
28 -1 2
28 -1 3
28 -1 4
28 -1 5
28 0 -5
28 0 -4
28 0 -3
28 0 -2
28 0 -1
28 0 0
28 0 1
28 0 2
28 0 3
28 0 4
28 0 5
28 1 -5
28 1 -4
28 1 -3
28 1 -2
28 1 -1
28 1 0
28 1 1
28 1 2
28 1 3
28 1 4
28 1 5
28 2 -4
28 2 -3
28 2 -2
28 2 -1
28 2 0
28 2 1
28 2 2
28 2 3
28 2 4
28 3 -4
28 3 -3
28 3 -2
28 3 -1
28 3 0
28 3 1
28 3 2
28 3 3
28 3 4
28 4 -3
28 4 -2
28 4 -1
28 4 0
28 4 1
28 4 2
28 4 3
28 5 -1
28 5 0
28 5 1
