-27 -5 -1
-27 -5 0
-27 -5 1
-27 -4 -3
-27 -4 -2
-27 -4 -1
-27 -4 0
-27 -4 1
-27 -4 2
-27 -4 3
-27 -3 -4
-27 -3 -3
-27 -3 -2
-27 -3 -1
-27 -3 0
-27 -3 1
-27 -3 2
-27 -3 3
-27 -3 4
-27 -2 -4
-27 -2 -3
-27 -2 -2
-27 -2 -1
-27 -2 0
-27 -2 1
-27 -2 2
-27 -2 3
-27 -2 4
-27 -1 -5
-27 -1 -4
-27 -1 -3
-27 -1 -2
-27 -1 -1
-27 -1 0
-27 -1 1
-27 -1 2
-27 -1 3
-27 -1 4
-27 -1 5
-27 0 -5
-27 0 -4
-27 0 -3
-27 0 -2
-27 0 -1
-27 0 0
-27 0 1
-27 0 2
-27 0 3
-27 0 4
-27 0 5
-27 1 -5
-27 1 -4
-27 1 -3
-27 1 -2
-27 1 -1
-27 1 0
-27 1 1
-27 1 2
-27 1 3
-27 1 4
-27 1 5
-27 2 -4
-27 2 -3
-27 2 -2
-27 2 -1
-27 2 0
-27 2 1
-27 2 2
-27 2 3
-27 2 4
-27 3 -4
-27 3 -3
-27 3 -2
-27 3 -1
-27 3 0
-27 3 1
-27 3 2
-27 3 3
-27 3 4
-27 4 -3
-27 4 -2
-27 4 -1
-27 4 0
-27 4 1
-27 4 2
-27 4 3
-27 5 -1
-27 5 0
-27 5 1
-26 -8 -4
-26 -8 -3
-26 -8 -2
-26 -8 -1
-26 -8 0
-26 -8 1
-26 -8 2
-26 -8 3
-26 -8 4
-26 -7 -5
-26 -7 -4
-26 -7 -3
-26 -7 -2
-26 -7 -1
-26 -7 0
-26 -7 1
-26 -7 2
-26 -7 3
-26 -7 4
-26 -7 5
-26 -6 -6
-26 -6 -5
-26 -6 -4
-26 -6 -3
-26 -6 -2
-26 -6 -1
-26 -6 0
-26 -6 1
-26 -6 2
-26 -6 3
-26 -6 4
-26 -6 5
-26 -6 6
-26 -5 -7
-26 -5 -6
-26 -5 -5
-26 -5 -4
-26 -5 -3
-26 -5 -2
-26 -5 2
-26 -5 3
-26 -5 4
-26 -5 5
-26 -5 6
-26 -5 7
-26 -4 -8
-26 -4 -7
-26 -4 -6
-26 -4 -5
-26 -4 -4
-26 -4 4
-26 -4 5
-26 -4 6
-26 -4 7
-26 -4 8
-26 -3 -8
-26 -3 -7
-26 -3 -6
-26 -3 -5
-26 -3 5
-26 -3 6
-26 -3 7
-26 -3 8
-26 -2 -8
-26 -2 -7
-26 -2 -6
-26 -2 -5
-26 -2 5
-26 -2 6
-26 -2 7
-26 -2 8
-26 -1 -8
-26 -1 -7
-26 -1 -6
-26 -1 6
-26 -1 7
-26 -1 8
-26 0 -8
-26 0 -7
-26 0 -6
-26 0 6
-26 0 7
-26 0 8
-26 1 -8
-26 1 -7
-26 1 -6
-26 1 6
-26 1 7
-26 1 8
-26 2 -8
-26 2 -7
-26 2 -6
-26 2 -5
-26 2 5
-26 2 6
-26 2 7
-26 2 8
-26 3 -8
-26 3 -7
-26 3 -6
-26 3 -5
-26 3 5
-26 3 6
-26 3 7
-26 3 8
-26 4 -8
-26 4 -7
-26 4 -6
-26 4 -5
-26 4 -4
-26 4 4
-26 4 5
-26 4 6
-26 4 7
-26 4 8
-26 5 -7
-26 5 -6
-26 5 -5
-26 5 -4
-26 5 -3
-26 5 -2
-26 5 2
-26 5 3
-26 5 4
-26 5 5
-26 5 6
-26 5 7
-26 6 -6
-26 6 -5
-26 6 -4
-26 6 -3
-26 6 -2
-26 6 -1
-26 6 0
-26 6 1
-26 6 2
-26 6 3
-26 6 4
-26 6 5
-26 6 6
-26 7 -5
-26 7 -4
-26 7 -3
-26 7 -2
-26 7 -1
-26 7 0
-26 7 1
-26 7 2
-26 7 3
-26 7 4
-26 7 5
-26 8 -4
-26 8 -3
-26 8 -2
-26 8 -1
-26 8 0
-26 8 1
-26 8 2
-26 8 3
-26 8 4
-25 -11 -3
-25 -11 -2
-25 -11 -1
-25 -11 0
-25 -11 1
-25 -11 2
-25 -11 3
-25 -10 -5
-25 -10 -4
-25 -10 -3
-25 -10 -2
-25 -10 -1
-25 -10 0
-25 -10 1
-25 -10 2
-25 -10 3
-25 -10 4
-25 -10 5
-25 -9 -7
-25 -9 -6
-25 -9 -5
-25 -9 -4
-25 -9 -3
-25 -9 -2
-25 -9 -1
-25 -9 0
-25 -9 1
-25 -9 2
-25 -9 3
-25 -9 4
-25 -9 5
-25 -9 6
-25 -9 7
-25 -8 -8
-25 -8 -7
-25 -8 -6
-25 -8 -5
-25 -8 5
-25 -8 6
-25 -8 7
-25 -8 8
-25 -7 -9
-25 -7 -8
-25 -7 -7
-25 -7 -6
-25 -7 6
-25 -7 7
-25 -7 8
-25 -7 9
-25 -6 -9
-25 -6 -8
-25 -6 -7
-25 -6 7
-25 -6 8
-25 -6 9
-25 -5 -10
-25 -5 -9
-25 -5 -8
-25 -5 8
-25 -5 9
-25 -5 10
-25 -4 -10
-25 -4 -9
-25 -4 9
-25 -4 10
-25 -3 -11
-25 -3 -10
-25 -3 -9
-25 -3 9
-25 -3 10
-25 -3 11
-25 -2 -11
-25 -2 -10
-25 -2 -9
-25 -2 9
-25 -2 10
-25 -2 11
-25 -1 -11
-25 -1 -10
-25 -1 -9
-25 -1 9
-25 -1 10
-25 -1 11
-25 0 -11
-25 0 -10
-25 0 -9
-25 0 9
-25 0 10
-25 0 11
-25 1 -11
-25 1 -10
-25 1 -9
-25 1 9
-25 1 10
-25 1 11
-25 2 -11
-25 2 -10
-25 2 -9
-25 2 9
-25 2 10
-25 2 11
-25 3 -11
-25 3 -10
-25 3 -9
-25 3 9
-25 3 10
-25 3 11
-25 4 -10
-25 4 -9
-25 4 9
-25 4 10
-25 5 -10
-25 5 -9
-25 5 -8
-25 5 8
-25 5 9
-25 5 10
-25 6 -9
-25 6 -8
-25 6 -7
-25 6 7
-25 6 8
-25 6 9
-25 7 -9
-25 7 -8
-25 7 -7
-25 7 -6
-25 7 6
-25 7 7
-25 7 8
-25 7 9
-25 8 -8
-25 8 -7
-25 8 -6
-25 8 -5
-25 8 5
-25 8 6
-25 8 7
-25 8 8
-25 9 -7
-25 9 -6
-25 9 -5
-25 9 -4
-25 9 -3
-25 9 -2
-25 9 -1
-25 9 0
-25 9 1
-25 9 2
-25 9 3
-25 9 4
-25 9 5
-25 9 6
-25 9 7
-25 10 -5
-25 10 -4
-25 10 -3
-25 10 -2
-25 10 -1
-25 10 0
-25 10 1
-25 10 2
-25 10 3
-25 10 4
-25 10 5
-25 11 -3
-25 11 -2
-25 11 -1
-25 11 0
-25 11 1
-25 11 2
-25 11 3
-24 -13 -3
-24 -13 -2
-24 -13 -1
-24 -13 0
-24 -13 1
-24 -13 2
-24 -13 3
-24 -12 -6
-24 -12 -5
-24 -12 -4
-24 -12 -3
-24 -12 -2
-24 -12 -1
-24 -12 0
-24 -12 1
-24 -12 2
-24 -12 3
-24 -12 4
-24 -12 5
-24 -12 6
-24 -11 -7
-24 -11 -6
-24 -11 -5
-24 -11 -4
-24 -11 4
-24 -11 5
-24 -11 6
-24 -11 7
-24 -10 -8
-24 -10 -7
-24 -10 -6
-24 -10 6
-24 -10 7
-24 -10 8
-24 -9 -9
-24 -9 -8
-24 -9 8
-24 -9 9
-24 -8 -10
-24 -8 -9
-24 -8 9
-24 -8 10
-24 -7 -11
-24 -7 -10
-24 -7 10
-24 -7 11
-24 -6 -12
-24 -6 -11
-24 -6 -10
-24 -6 10
-24 -6 11
-24 -6 12
-24 -5 -12
-24 -5 -11
-24 -5 11
-24 -5 12
-24 -4 -12
-24 -4 -11
-24 -4 11
-24 -4 12
-24 -3 -13
-24 -3 -12
-24 -3 12
-24 -3 13
-24 -2 -13
-24 -2 -12
-24 -2 12
-24 -2 13
-24 -1 -13
-24 -1 -12
-24 -1 12
-24 -1 13
-24 0 -13
-24 0 -12
-24 0 12
-24 0 13
-24 1 -13
-24 1 -12
-24 1 12
-24 1 13
-24 2 -13
-24 2 -12
-24 2 12
-24 2 13
-24 3 -13
-24 3 -12
-24 3 12
-24 3 13
-24 4 -12
-24 4 -11
-24 4 11
-24 4 12
-24 5 -12
-24 5 -11
-24 5 11
-24 5 12
-24 6 -12
-24 6 -11
-24 6 -10
-24 6 10
-24 6 11
-24 6 12
-24 7 -11
-24 7 -10
-24 7 10
-24 7 11
-24 8 -10
-24 8 -9
-24 8 9
-24 8 10
-24 9 -9
-24 9 -8
-24 9 8
-24 9 9
-24 10 -8
-24 10 -7
-24 10 -6
-24 10 6
-24 10 7
-24 10 8
-24 11 -7
-24 11 -6
-24 11 -5
-24 11 -4
-24 11 4
-24 11 5
-24 11 6
-24 11 7
-24 12 -6
-24 12 -5
-24 12 -4
-24 12 -3
-24 12 -2
-24 12 -1
-24 12 0
-24 12 1
-24 12 2
-24 12 3
-24 12 4
-24 12 5
-24 12 6
-24 13 -3
-24 13 -2
-24 13 -1
-24 13 0
-24 13 1
-24 13 2
-24 13 3
-23 -15 -1
-23 -15 0
-23 -15 1
-23 -14 -5
-23 -14 -4
-23 -14 -3
-23 -14 -2
-23 -14 -1
-23 -14 0
-23 -14 1
-23 -14 2
-23 -14 3
-23 -14 4
-23 -14 5
-23 -13 -7
-23 -13 -6
-23 -13 -5
-23 -13 -4
-23 -13 4
-23 -13 5
-23 -13 6
-23 -13 7
-23 -12 -9
-23 -12 -8
-23 -12 -7
-23 -12 7
-23 -12 8
-23 -12 9
-23 -11 -10
-23 -11 -9
-23 -11 -8
-23 -11 8
-23 -11 9
-23 -11 10
-23 -10 -11
-23 -10 -10
-23 -10 -9
-23 -10 9
-23 -10 10
-23 -10 11
-23 -9 -12
-23 -9 -11
-23 -9 -10
-23 -9 10
-23 -9 11
-23 -9 12
-23 -8 -12
-23 -8 -11
-23 -8 11
-23 -8 12
-23 -7 -13
-23 -7 -12
-23 -7 12
-23 -7 13
-23 -6 -13
-23 -6 13
-23 -5 -14
-23 -5 -13
-23 -5 13
-23 -5 14
-23 -4 -14
-23 -4 -13
-23 -4 13
-23 -4 14
-23 -3 -14
-23 -3 14
-23 -2 -14
-23 -2 14
-23 -1 -15
-23 -1 -14
-23 -1 14
-23 -1 15
-23 0 -15
-23 0 -14
-23 0 14
-23 0 15
-23 1 -15
-23 1 -14
-23 1 14
-23 1 15
-23 2 -14
-23 2 14
-23 3 -14
-23 3 14
-23 4 -14
-23 4 -13
-23 4 13
-23 4 14
-23 5 -14
-23 5 -13
-23 5 13
-23 5 14
-23 6 -13
-23 6 13
-23 7 -13
-23 7 -12
-23 7 12
-23 7 13
-23 8 -12
-23 8 -11
-23 8 11
-23 8 12
-23 9 -12
-23 9 -11
-23 9 -10
-23 9 10
-23 9 11
-23 9 12
-23 10 -11
-23 10 -10
-23 10 -9
-23 10 9
-23 10 10
-23 10 11
-23 11 -10
-23 11 -9
-23 11 -8
-23 11 8
-23 11 9
-23 11 10
-23 12 -9
-23 12 -8
-23 12 -7
-23 12 7
-23 12 8
-23 12 9
-23 13 -7
-23 13 -6
-23 13 -5
-23 13 -4
-23 13 4
-23 13 5
-23 13 6
-23 13 7
-23 14 -5
-23 14 -4
-23 14 -3
-23 14 -2
-23 14 -1
-23 14 0
-23 14 1
-23 14 2
-23 14 3
-23 14 4
-23 14 5
-23 15 -1
-23 15 0
-23 15 1
-22 -16 -4
-22 -16 -3
-22 -16 -2
-22 -16 -1
-22 -16 0
-22 -16 1
-22 -16 2
-22 -16 3
-22 -16 4
-22 -15 -6
-22 -15 -5
-22 -15 -4
-22 -15 -3
-22 -15 -2
-22 -15 2
-22 -15 3
-22 -15 4
-22 -15 5
-22 -15 6
-22 -14 -8
-22 -14 -7
-22 -14 -6
-22 -14 6
-22 -14 7
-22 -14 8
-22 -13 -10
-22 -13 -9
-22 -13 -8
-22 -13 8
-22 -13 9
-22 -13 10
-22 -12 -11
-22 -12 -10
-22 -12 10
-22 -12 11
-22 -11 -12
-22 -11 -11
-22 -11 11
-22 -11 12
-22 -10 -13
-22 -10 -12
-22 -10 12
-22 -10 13
-22 -9 -13
-22 -9 13
-22 -8 -14
-22 -8 -13
-22 -8 13
-22 -8 14
-22 -7 -14
-22 -7 14
-22 -6 -15
-22 -6 -14
-22 -6 14
-22 -6 15
-22 -5 -15
-22 -5 15
-22 -4 -16
-22 -4 -15
-22 -4 15
-22 -4 16
-22 -3 -16
-22 -3 -15
-22 -3 15
-22 -3 16
-22 -2 -16
-22 -2 -15
-22 -2 15
-22 -2 16
-22 -1 -16
-22 -1 16
-22 0 -16
-22 0 16
-22 1 -16
-22 1 16
-22 2 -16
-22 2 -15
-22 2 15
-22 2 16
-22 3 -16
-22 3 -15
-22 3 15
-22 3 16
-22 4 -16
-22 4 -15
-22 4 15
-22 4 16
-22 5 -15
-22 5 15
-22 6 -15
-22 6 -14
-22 6 14
-22 6 15
-22 7 -14
-22 7 14
-22 8 -14
-22 8 -13
-22 8 13
-22 8 14
-22 9 -13
-22 9 13
-22 10 -13
-22 10 -12
-22 10 12
-22 10 13
-22 11 -12
-22 11 -11
-22 11 11
-22 11 12
-22 12 -11
-22 12 -10
-22 12 10
-22 12 11
-22 13 -10
-22 13 -9
-22 13 -8
-22 13 8
-22 13 9
-22 13 10
-22 14 -8
-22 14 -7
-22 14 -6
-22 14 6
-22 14 7
-22 14 8
-22 15 -6
-22 15 -5
-22 15 -4
-22 15 -3
-22 15 -2
-22 15 2
-22 15 3
-22 15 4
-22 15 5
-22 15 6
-22 16 -4
-22 16 -3
-22 16 -2
-22 16 -1
-22 16 0
-22 16 1
-22 16 2
-22 16 3
-22 16 4
-21 -17 -5
-21 -17 -4
-21 -17 -3
-21 -17 -2
-21 -17 -1
-21 -17 0
-21 -17 1
-21 -17 2
-21 -17 3
-21 -17 4
-21 -17 5
-21 -16 -7
-21 -16 -6
-21 -16 -5
-21 -16 5
-21 -16 6
-21 -16 7
-21 -15 -9
-21 -15 -8
-21 -15 -7
-21 -15 7
-21 -15 8
-21 -15 9
-21 -14 -10
-21 -14 -9
-21 -14 9
-21 -14 10
-21 -13 -12
-21 -13 -11
-21 -13 11
-21 -13 12
-21 -12 -13
-21 -12 -12
-21 -12 12
-21 -12 13
-21 -11 -13
-21 -11 13
-21 -10 -14
-21 -10 14
-21 -9 -15
-21 -9 -14
-21 -9 14
-21 -9 15
-21 -8 -15
-21 -8 15
-21 -7 -16
-21 -7 -15
-21 -7 15
-21 -7 16
-21 -6 -16
-21 -6 16
-21 -5 -17
-21 -5 -16
-21 -5 16
-21 -5 17
-21 -4 -17
-21 -4 17
-21 -3 -17
-21 -3 17
-21 -2 -17
-21 -2 17
-21 -1 -17
-21 -1 17
-21 0 -17
-21 0 17
-21 1 -17
-21 1 17
-21 2 -17
-21 2 17
-21 3 -17
-21 3 17
-21 4 -17
-21 4 17
-21 5 -17
-21 5 -16
-21 5 16
-21 5 17
-21 6 -16
-21 6 16
-21 7 -16
-21 7 -15
-21 7 15
-21 7 16
-21 8 -15
-21 8 15
-21 9 -15
-21 9 -14
-21 9 14
-21 9 15
-21 10 -14
-21 10 14
-21 11 -13
-21 11 13
-21 12 -13
-21 12 -12
-21 12 12
-21 12 13
-21 13 -12
-21 13 -11
-21 13 11
-21 13 12
-21 14 -10
-21 14 -9
-21 14 9
-21 14 10
-21 15 -9
-21 15 -8
-21 15 -7
-21 15 7
-21 15 8
-21 15 9
-21 16 -7
-21 16 -6
-21 16 -5
-21 16 5
-21 16 6
-21 16 7
-21 17 -5
-21 17 -4
-21 17 -3
-21 17 -2
-21 17 -1
-21 17 0
-21 17 1
-21 17 2
-21 17 3
-21 17 4
-21 17 5
-20 -18 -5
-20 -18 -4
-20 -18 -3
-20 -18 -2
-20 -18 -1
-20 -18 0
-20 -18 1
-20 -18 2
-20 -18 3
-20 -18 4
-20 -18 5
-20 -17 -8
-20 -17 -7
-20 -17 -6
-20 -17 6
-20 -17 7
-20 -17 8
-20 -16 -10
-20 -16 -9
-20 -16 -8
-20 -16 8
-20 -16 9
-20 -16 10
-20 -15 -11
-20 -15 -10
-20 -15 10
-20 -15 11
-20 -14 -12
-20 -14 -11
-20 -14 11
-20 -14 12
-20 -13 -13
-20 -13 13
-20 -12 -14
-20 -12 14
-20 -11 -15
-20 -11 -14
-20 -11 14
-20 -11 15
-20 -10 -16
-20 -10 -15
-20 -10 15
-20 -10 16
-20 -9 -16
-20 -9 16
-20 -8 -17
-20 -8 -16
-20 -8 16
-20 -8 17
-20 -7 -17
-20 -7 17
-20 -6 -17
-20 -6 17
-20 -5 -18
-20 -5 18
-20 -4 -18
-20 -4 18
-20 -3 -18
-20 -3 18
-20 -2 -18
-20 -2 18
-20 -1 -18
-20 -1 18
-20 0 -18
-20 0 18
-20 1 -18
-20 1 18
-20 2 -18
-20 2 18
-20 3 -18
-20 3 18
-20 4 -18
-20 4 18
-20 5 -18
-20 5 18
-20 6 -17
-20 6 17
-20 7 -17
-20 7 17
-20 8 -17
-20 8 -16
-20 8 16
-20 8 17
-20 9 -16
-20 9 16
-20 10 -16
-20 10 -15
-20 10 15
-20 10 16
-20 11 -15
-20 11 -14
-20 11 14
-20 11 15
-20 12 -14
-20 12 14
-20 13 -13
-20 13 13
-20 14 -12
-20 14 -11
-20 14 11
-20 14 12
-20 15 -11
-20 15 -10
-20 15 10
-20 15 11
-20 16 -10
-20 16 -9
-20 16 -8
-20 16 8
-20 16 9
-20 16 10
-20 17 -8
-20 17 -7
-20 17 -6
-20 17 6
-20 17 7
-20 17 8
-20 18 -5
-20 18 -4
-20 18 -3
-20 18 -2
-20 18 -1
-20 18 0
-20 18 1
-20 18 2
-20 18 3
-20 18 4
-20 18 5
-19 -19 -5
-19 -19 -4
-19 -19 -3
-19 -19 -2
-19 -19 -1
-19 -19 0
-19 -19 1
-19 -19 2
-19 -19 3
-19 -19 4
-19 -19 5
-19 -18 -8
-19 -18 -7
-19 -18 -6
-19 -18 6
-19 -18 7
-19 -18 8
-19 -17 -10
-19 -17 -9
-19 -17 9
-19 -17 10
-19 -16 -11
-19 -16 11
-19 -15 -13
-19 -15 -12
-19 -15 12
-19 -15 13
-19 -14 -14
-19 -14 -13
-19 -14 13
-19 -14 14
-19 -13 -15
-19 -13 -14
-19 -13 14
-19 -13 15
-19 -12 -15
-19 -12 15
-19 -11 -16
-19 -11 16
-19 -10 -17
-19 -10 17
-19 -9 -17
-19 -9 17
-19 -8 -18
-19 -8 18
-19 -7 -18
-19 -7 18
-19 -6 -18
-19 -6 18
-19 -5 -19
-19 -5 19
-19 -4 -19
-19 -4 19
-19 -3 -19
-19 -3 19
-19 -2 -19
-19 -2 19
-19 -1 -19
-19 -1 19
-19 0 -19
-19 0 19
-19 1 -19
-19 1 19
-19 2 -19
-19 2 19
-19 3 -19
-19 3 19
-19 4 -19
-19 4 19
-19 5 -19
-19 5 19
-19 6 -18
-19 6 18
-19 7 -18
-19 7 18
-19 8 -18
-19 8 18
-19 9 -17
-19 9 17
-19 10 -17
-19 10 17
-19 11 -16
-19 11 16
-19 12 -15
-19 12 15
-19 13 -15
-19 13 -14
-19 13 14
-19 13 15
-19 14 -14
-19 14 -13
-19 14 13
-19 14 14
-19 15 -13
-19 15 -12
-19 15 12
-19 15 13
-19 16 -11
-19 16 11
-19 17 -10
-19 17 -9
-19 17 9
-19 17 10
-19 18 -8
-19 18 -7
-19 18 -6
-19 18 6
-19 18 7
-19 18 8
-19 19 -5
-19 19 -4
-19 19 -3
-19 19 -2
-19 19 -1
-19 19 0
-19 19 1
-19 19 2
-19 19 3
-19 19 4
-19 19 5
-18 -20 -5
-18 -20 -4
-18 -20 -3
-18 -20 -2
-18 -20 -1
-18 -20 0
-18 -20 1
-18 -20 2
-18 -20 3
-18 -20 4
-18 -20 5
-18 -19 -8
-18 -19 -7
-18 -19 -6
-18 -19 6
-18 -19 7
-18 -19 8
-18 -18 -10
-18 -18 -9
-18 -18 9
-18 -18 10
-18 -17 -11
-18 -17 11
-18 -16 -13
-18 -16 -12
-18 -16 12
-18 -16 13
-18 -15 -14
-18 -15 14
-18 -14 -15
-18 -14 15
-18 -13 -16
-18 -13 16
-18 -12 -16
-18 -12 16
-18 -11 -17
-18 -11 17
-18 -10 -18
-18 -10 18
-18 -9 -18
-18 -9 18
-18 -8 -19
-18 -8 19
-18 -7 -19
-18 -7 19
-18 -6 -19
-18 -6 19
-18 -5 -20
-18 -5 20
-18 -4 -20
-18 -4 20
-18 -3 -20
-18 -3 20
-18 -2 -20
-18 -2 20
-18 -1 -20
-18 -1 20
-18 0 -20
-18 0 20
-18 1 -20
-18 1 20
-18 2 -20
-18 2 20
-18 3 -20
-18 3 20
-18 4 -20
-18 4 20
-18 5 -20
-18 5 20
-18 6 -19
-18 6 19
-18 7 -19
-18 7 19
-18 8 -19
-18 8 19
-18 9 -18
-18 9 18
-18 10 -18
-18 10 18
-18 11 -17
-18 11 17
-18 12 -16
-18 12 16
-18 13 -16
-18 13 16
-18 14 -15
-18 14 15
-18 15 -14
-18 15 14
-18 16 -13
-18 16 -12
-18 16 12
-18 16 13
-18 17 -11
-18 17 11
-18 18 -10
-18 18 -9
-18 18 9
-18 18 10
-18 19 -8
-18 19 -7
-18 19 -6
-18 19 6
-18 19 7
-18 19 8
-18 20 -5
-18 20 -4
-18 20 -3
-18 20 -2
-18 20 -1
-18 20 0
-18 20 1
-18 20 2
-18 20 3
-18 20 4
-18 20 5
-17 -21 -5
-17 -21 -4
-17 -21 -3
-17 -21 -2
-17 -21 -1
-17 -21 0
-17 -21 1
-17 -21 2
-17 -21 3
-17 -21 4
-17 -21 5
-17 -20 -8
-17 -20 -7
-17 -20 -6
-17 -20 6
-17 -20 7
-17 -20 8
-17 -19 -10
-17 -19 -9
-17 -19 9
-17 -19 10
-17 -18 -11
-17 -18 11
-17 -17 -13
-17 -17 -12
-17 -17 12
-17 -17 13
-17 -16 -14
-17 -16 14
-17 -15 -15
-17 -15 15
-17 -14 -16
-17 -14 16
-17 -13 -17
-17 -13 17
-17 -12 -17
-17 -12 17
-17 -11 -18
-17 -11 18
-17 -10 -19
-17 -10 19
-17 -9 -19
-17 -9 19
-17 -8 -20
-17 -8 20
-17 -7 -20
-17 -7 20
-17 -6 -20
-17 -6 20
-17 -5 -21
-17 -5 21
-17 -4 -21
-17 -4 21
-17 -3 -21
-17 -3 21
-17 -2 -21
-17 -2 21
-17 -1 -21
-17 -1 21
-17 0 -21
-17 0 21
-17 1 -21
-17 1 21
-17 2 -21
-17 2 21
-17 3 -21
-17 3 21
-17 4 -21
-17 4 21
-17 5 -21
-17 5 21
-17 6 -20
-17 6 20
-17 7 -20
-17 7 20
-17 8 -20
-17 8 20
-17 9 -19
-17 9 19
-17 10 -19
-17 10 19
-17 11 -18
-17 11 18
-17 12 -17
-17 12 17
-17 13 -17
-17 13 17
-17 14 -16
-17 14 16
-17 15 -15
-17 15 15
-17 16 -14
-17 16 14
-17 17 -13
-17 17 -12
-17 17 12
-17 17 13
-17 18 -11
-17 18 11
-17 19 -10
-17 19 -9
-17 19 9
-17 19 10
-17 20 -8
-17 20 -7
-17 20 -6
-17 20 6
-17 20 7
-17 20 8
-17 21 -5
-17 21 -4
-17 21 -3
-17 21 -2
-17 21 -1
-17 21 0
-17 21 1
-17 21 2
-17 21 3
-17 21 4
-17 21 5
-16 -22 -4
-16 -22 -3
-16 -22 -2
-16 -22 -1
-16 -22 0
-16 -22 1
-16 -22 2
-16 -22 3
-16 -22 4
-16 -21 -7
-16 -21 -6
-16 -21 -5
-16 -21 5
-16 -21 6
-16 -21 7
-16 -20 -10
-16 -20 -9
-16 -20 -8
-16 -20 8
-16 -20 9
-16 -20 10
-16 -19 -11
-16 -19 11
-16 -18 -13
-16 -18 -12
-16 -18 12
-16 -18 13
-16 -17 -14
-16 -17 14
-16 -16 -15
-16 -16 15
-16 -15 -16
-16 -15 16
-16 -14 -17
-16 -14 17
-16 -13 -18
-16 -13 18
-16 -12 -18
-16 -12 18
-16 -11 -19
-16 -11 19
-16 -10 -20
-16 -10 20
-16 -9 -20
-16 -9 20
-16 -8 -20
-16 -8 20
-16 -7 -21
-16 -7 21
-16 -6 -21
-16 -6 21
-16 -5 -21
-16 -5 21
-16 -4 -22
-16 -4 22
-16 -3 -22
-16 -3 22
-16 -2 -22
-16 -2 22
-16 -1 -22
-16 -1 22
-16 0 -22
-16 0 22
-16 1 -22
-16 1 22
-16 2 -22
-16 2 22
-16 3 -22
-16 3 22
-16 4 -22
-16 4 22
-16 5 -21
-16 5 21
-16 6 -21
-16 6 21
-16 7 -21
-16 7 21
-16 8 -20
-16 8 20
-16 9 -20
-16 9 20
-16 10 -20
-16 10 20
-16 11 -19
-16 11 19
-16 12 -18
-16 12 18
-16 13 -18
-16 13 18
-16 14 -17
-16 14 17
-16 15 -16
-16 15 16
-16 16 -15
-16 16 15
-16 17 -14
-16 17 14
-16 18 -13
-16 18 -12
-16 18 12
-16 18 13
-16 19 -11
-16 19 11
-16 20 -10
-16 20 -9
-16 20 -8
-16 20 8
-16 20 9
-16 20 10
-16 21 -7
-16 21 -6
-16 21 -5
-16 21 5
-16 21 6
-16 21 7
-16 22 -4
-16 22 -3
-16 22 -2
-16 22 -1
-16 22 0
-16 22 1
-16 22 2
-16 22 3
-16 22 4
-15 -23 -1
-15 -23 0
-15 -23 1
-15 -22 -6
-15 -22 -5
-15 -22 -4
-15 -22 -3
-15 -22 -2
-15 -22 2
-15 -22 3
-15 -22 4
-15 -22 5
-15 -22 6
-15 -21 -9
-15 -21 -8
-15 -21 -7
-15 -21 7
-15 -21 8
-15 -21 9
-15 -20 -11
-15 -20 -10
-15 -20 10
-15 -20 11
-15 -19 -13
-15 -19 -12
-15 -19 12
-15 -19 13
-15 -18 -14
-15 -18 14
-15 -17 -15
-15 -17 15
-15 -16 -16
-15 -16 16
-15 -15 -17
-15 -15 17
-15 -14 -18
-15 -14 18
-15 -13 -19
-15 -13 19
-15 -12 -19
-15 -12 19
-15 -11 -20
-15 -11 20
-15 -10 -20
-15 -10 20
-15 -9 -21
-15 -9 21
-15 -8 -21
-15 -8 21
-15 -7 -21
-15 -7 21
-15 -6 -22
-15 -6 22
-15 -5 -22
-15 -5 22
-15 -4 -22
-15 -4 22
-15 -3 -22
-15 -3 22
-15 -2 -22
-15 -2 22
-15 -1 -23
-15 -1 23
-15 0 -23
-15 0 23
-15 1 -23
-15 1 23
-15 2 -22
-15 2 22
-15 3 -22
-15 3 22
-15 4 -22
-15 4 22
-15 5 -22
-15 5 22
-15 6 -22
-15 6 22
-15 7 -21
-15 7 21
-15 8 -21
-15 8 21
-15 9 -21
-15 9 21
-15 10 -20
-15 10 20
-15 11 -20
-15 11 20
-15 12 -19
-15 12 19
-15 13 -19
-15 13 19
-15 14 -18
-15 14 18
-15 15 -17
-15 15 17
-15 16 -16
-15 16 16
-15 17 -15
-15 17 15
-15 18 -14
-15 18 14
-15 19 -13
-15 19 -12
-15 19 12
-15 19 13
-15 20 -11
-15 20 -10
-15 20 10
-15 20 11
-15 21 -9
-15 21 -8
-15 21 -7
-15 21 7
-15 21 8
-15 21 9
-15 22 -6
-15 22 -5
-15 22 -4
-15 22 -3
-15 22 -2
-15 22 2
-15 22 3
-15 22 4
-15 22 5
-15 22 6
-15 23 -1
-15 23 0
-15 23 1
-14 -23 -5
-14 -23 -4
-14 -23 -3
-14 -23 -2
-14 -23 -1
-14 -23 0
-14 -23 1
-14 -23 2
-14 -23 3
-14 -23 4
-14 -23 5
-14 -22 -8
-14 -22 -7
-14 -22 -6
-14 -22 6
-14 -22 7
-14 -22 8
-14 -21 -10
-14 -21 -9
-14 -21 9
-14 -21 10
-14 -20 -12
-14 -20 -11
-14 -20 11
-14 -20 12
-14 -19 -14
-14 -19 -13
-14 -19 13
-14 -19 14
-14 -18 -15
-14 -18 15
-14 -17 -16
-14 -17 16
-14 -16 -17
-14 -16 17
-14 -15 -18
-14 -15 18
-14 -14 -19
-14 -14 19
-14 -13 -19
-14 -13 19
-14 -12 -20
-14 -12 20
-14 -11 -20
-14 -11 20
-14 -10 -21
-14 -10 21
-14 -9 -21
-14 -9 21
-14 -8 -22
-14 -8 22
-14 -7 -22
-14 -7 22
-14 -6 -22
-14 -6 22
-14 -5 -23
-14 -5 23
-14 -4 -23
-14 -4 23
-14 -3 -23
-14 -3 23
-14 -2 -23
-14 -2 23
-14 -1 -23
-14 -1 23
-14 0 -23
-14 0 23
-14 1 -23
-14 1 23
-14 2 -23
-14 2 23
-14 3 -23
-14 3 23
-14 4 -23
-14 4 23
-14 5 -23
-14 5 23
-14 6 -22
-14 6 22
-14 7 -22
-14 7 22
-14 8 -22
-14 8 22
-14 9 -21
-14 9 21
-14 10 -21
-14 10 21
-14 11 -20
-14 11 20
-14 12 -20
-14 12 20
-14 13 -19
-14 13 19
-14 14 -19
-14 14 19
-14 15 -18
-14 15 18
-14 16 -17
-14 16 17
-14 17 -16
-14 17 16
-14 18 -15
-14 18 15
-14 19 -14
-14 19 -13
-14 19 13
-14 19 14
-14 20 -12
-14 20 -11
-14 20 11
-14 20 12
-14 21 -10
-14 21 -9
-14 21 9
-14 21 10
-14 22 -8
-14 22 -7
-14 22 -6
-14 22 6
-14 22 7
-14 22 8
-14 23 -5
-14 23 -4
-14 23 -3
-14 23 -2
-14 23 -1
-14 23 0
-14 23 1
-14 23 2
-14 23 3
-14 23 4
-14 23 5
-13 -24 -3
-13 -24 -2
-13 -24 -1
-13 -24 0
-13 -24 1
-13 -24 2
-13 -24 3
-13 -23 -7
-13 -23 -6
-13 -23 -5
-13 -23 -4
-13 -23 4
-13 -23 5
-13 -23 6
-13 -23 7
-13 -22 -10
-13 -22 -9
-13 -22 -8
-13 -22 8
-13 -22 9
-13 -22 10
-13 -21 -12
-13 -21 -11
-13 -21 11
-13 -21 12
-13 -20 -13
-13 -20 13
-13 -19 -15
-13 -19 -14
-13 -19 14
-13 -19 15
-13 -18 -16
-13 -18 16
-13 -17 -17
-13 -17 17
-13 -16 -18
-13 -16 18
-13 -15 -19
-13 -15 19
-13 -14 -19
-13 -14 19
-13 -13 -20
-13 -13 20
-13 -12 -21
-13 -12 21
-13 -11 -21
-13 -11 21
-13 -10 -22
-13 -10 22
-13 -9 -22
-13 -9 22
-13 -8 -22
-13 -8 22
-13 -7 -23
-13 -7 23
-13 -6 -23
-13 -6 23
-13 -5 -23
-13 -5 23
-13 -4 -23
-13 -4 23
-13 -3 -24
-13 -3 24
-13 -2 -24
-13 -2 24
-13 -1 -24
-13 -1 24
-13 0 -24
-13 0 24
-13 1 -24
-13 1 24
-13 2 -24
-13 2 24
-13 3 -24
-13 3 24
-13 4 -23
-13 4 23
-13 5 -23
-13 5 23
-13 6 -23
-13 6 23
-13 7 -23
-13 7 23
-13 8 -22
-13 8 22
-13 9 -22
-13 9 22
-13 10 -22
-13 10 22
-13 11 -21
-13 11 21
-13 12 -21
-13 12 21
-13 13 -20
-13 13 20
-13 14 -19
-13 14 19
-13 15 -19
-13 15 19
-13 16 -18
-13 16 18
-13 17 -17
-13 17 17
-13 18 -16
-13 18 16
-13 19 -15
-13 19 -14
-13 19 14
-13 19 15
-13 20 -13
-13 20 13
-13 21 -12
-13 21 -11
-13 21 11
-13 21 12
-13 22 -10
-13 22 -9
-13 22 -8
-13 22 8
-13 22 9
-13 22 10
-13 23 -7
-13 23 -6
-13 23 -5
-13 23 -4
-13 23 4
-13 23 5
-13 23 6
-13 23 7
-13 24 -3
-13 24 -2
-13 24 -1
-13 24 0
-13 24 1
-13 24 2
-13 24 3
-12 -24 -6
-12 -24 -5
-12 -24 -4
-12 -24 -3
-12 -24 -2
-12 -24 -1
-12 -24 0
-12 -24 1
-12 -24 2
-12 -24 3
-12 -24 4
-12 -24 5
-12 -24 6
-12 -23 -9
-12 -23 -8
-12 -23 -7
-12 -23 7
-12 -23 8
-12 -23 9
-12 -22 -11
-12 -22 -10
-12 -22 10
-12 -22 11
-12 -21 -13
-12 -21 -12
-12 -21 12
-12 -21 13
-12 -20 -14
-12 -20 14
-12 -19 -15
-12 -19 15
-12 -18 -16
-12 -18 16
-12 -17 -17
-12 -17 17
-12 -16 -18
-12 -16 18
-12 -15 -19
-12 -15 19
-12 -14 -20
-12 -14 20
-12 -13 -21
-12 -13 21
-12 -12 -21
-12 -12 21
-12 -11 -22
-12 -11 22
-12 -10 -22
-12 -10 22
-12 -9 -23
-12 -9 23
-12 -8 -23
-12 -8 23
-12 -7 -23
-12 -7 23
-12 -6 -24
-12 -6 24
-12 -5 -24
-12 -5 24
-12 -4 -24
-12 -4 24
-12 -3 -24
-12 -3 24
-12 -2 -24
-12 -2 24
-12 -1 -24
-12 -1 24
-12 0 -24
-12 0 24
-12 1 -24
-12 1 24
-12 2 -24
-12 2 24
-12 3 -24
-12 3 24
-12 4 -24
-12 4 24
-12 5 -24
-12 5 24
-12 6 -24
-12 6 24
-12 7 -23
-12 7 23
-12 8 -23
-12 8 23
-12 9 -23
-12 9 23
-12 10 -22
-12 10 22
-12 11 -22
-12 11 22
-12 12 -21
-12 12 21
-12 13 -21
-12 13 21
-12 14 -20
-12 14 20
-12 15 -19
-12 15 19
-12 16 -18
-12 16 18
-12 17 -17
-12 17 17
-12 18 -16
-12 18 16
-12 19 -15
-12 19 15
-12 20 -14
-12 20 14
-12 21 -13
-12 21 -12
-12 21 12
-12 21 13
-12 22 -11
-12 22 -10
-12 22 10
-12 22 11
-12 23 -9
-12 23 -8
-12 23 -7
-12 23 7
-12 23 8
-12 23 9
-12 24 -6
-12 24 -5
-12 24 -4
-12 24 -3
-12 24 -2
-12 24 -1
-12 24 0
-12 24 1
-12 24 2
-12 24 3
-12 24 4
-12 24 5
-12 24 6
-11 -25 -3
-11 -25 -2
-11 -25 -1
-11 -25 0
-11 -25 1
-11 -25 2
-11 -25 3
-11 -24 -7
-11 -24 -6
-11 -24 -5
-11 -24 -4
-11 -24 4
-11 -24 5
-11 -24 6
-11 -24 7
-11 -23 -10
-11 -23 -9
-11 -23 -8
-11 -23 8
-11 -23 9
-11 -23 10
-11 -22 -12
-11 -22 -11
-11 -22 11
-11 -22 12
-11 -21 -13
-11 -21 13
-11 -20 -15
-11 -20 -14
-11 -20 14
-11 -20 15
-11 -19 -16
-11 -19 16
-11 -18 -17
-11 -18 17
-11 -17 -18
-11 -17 18
-11 -16 -19
-11 -16 19
-11 -15 -20
-11 -15 20
-11 -14 -20
-11 -14 20
-11 -13 -21
-11 -13 21
-11 -12 -22
-11 -12 22
-11 -11 -22
-11 -11 22
-11 -10 -23
-11 -10 23
-11 -9 -23
-11 -9 23
-11 -8 -23
-11 -8 23
-11 -7 -24
-11 -7 24
-11 -6 -24
-11 -6 24
-11 -5 -24
-11 -5 24
-11 -4 -24
-11 -4 24
-11 -3 -25
-11 -3 25
-11 -2 -25
-11 -2 25
-11 -1 -25
-11 -1 25
-11 0 -25
-11 0 25
-11 1 -25
-11 1 25
-11 2 -25
-11 2 25
-11 3 -25
-11 3 25
-11 4 -24
-11 4 24
-11 5 -24
-11 5 24
-11 6 -24
-11 6 24
-11 7 -24
-11 7 24
-11 8 -23
-11 8 23
-11 9 -23
-11 9 23
-11 10 -23
-11 10 23
-11 11 -22
-11 11 22
-11 12 -22
-11 12 22
-11 13 -21
-11 13 21
-11 14 -20
-11 14 20
-11 15 -20
-11 15 20
-11 16 -19
-11 16 19
-11 17 -18
-11 17 18
-11 18 -17
-11 18 17
-11 19 -16
-11 19 16
-11 20 -15
-11 20 -14
-11 20 14
-11 20 15
-11 21 -13
-11 21 13
-11 22 -12
-11 22 -11
-11 22 11
-11 22 12
-11 23 -10
-11 23 -9
-11 23 -8
-11 23 8
-11 23 9
-11 23 10
-11 24 -7
-11 24 -6
-11 24 -5
-11 24 -4
-11 24 4
-11 24 5
-11 24 6
-11 24 7
-11 25 -3
-11 25 -2
-11 25 -1
-11 25 0
-11 25 1
-11 25 2
-11 25 3
-10 -25 -5
-10 -25 -4
-10 -25 -3
-10 -25 -2
-10 -25 -1
-10 -25 0
-10 -25 1
-10 -25 2
-10 -25 3
-10 -25 4
-10 -25 5
-10 -24 -8
-10 -24 -7
-10 -24 -6
-10 -24 6
-10 -24 7
-10 -24 8
-10 -23 -11
-10 -23 -10
-10 -23 -9
-10 -23 9
-10 -23 10
-10 -23 11
-10 -22 -13
-10 -22 -12
-10 -22 12
-10 -22 13
-10 -21 -14
-10 -21 14
-10 -20 -16
-10 -20 -15
-10 -20 15
-10 -20 16
-10 -19 -17
-10 -19 17
-10 -18 -18
-10 -18 18
-10 -17 -19
-10 -17 19
-10 -16 -20
-10 -16 20
-10 -15 -20
-10 -15 20
-10 -14 -21
-10 -14 21
-10 -13 -22
-10 -13 22
-10 -12 -22
-10 -12 22
-10 -11 -23
-10 -11 23
-10 -10 -23
-10 -10 23
-10 -9 -23
-10 -9 23
-10 -8 -24
-10 -8 24
-10 -7 -24
-10 -7 24
-10 -6 -24
-10 -6 24
-10 -5 -25
-10 -5 25
-10 -4 -25
-10 -4 25
-10 -3 -25
-10 -3 25
-10 -2 -25
-10 -2 25
-10 -1 -25
-10 -1 25
-10 0 -25
-10 0 25
-10 1 -25
-10 1 25
-10 2 -25
-10 2 25
-10 3 -25
-10 3 25
-10 4 -25
-10 4 25
-10 5 -25
-10 5 25
-10 6 -24
-10 6 24
-10 7 -24
-10 7 24
-10 8 -24
-10 8 24
-10 9 -23
-10 9 23
-10 10 -23
-10 10 23
-10 11 -23
-10 11 23
-10 12 -22
-10 12 22
-10 13 -22
-10 13 22
-10 14 -21
-10 14 21
-10 15 -20
-10 15 20
-10 16 -20
-10 16 20
-10 17 -19
-10 17 19
-10 18 -18
-10 18 18
-10 19 -17
-10 19 17
-10 20 -16
-10 20 -15
-10 20 15
-10 20 16
-10 21 -14
-10 21 14
-10 22 -13
-10 22 -12
-10 22 12
-10 22 13
-10 23 -11
-10 23 -10
-10 23 -9
-10 23 9
-10 23 10
-10 23 11
-10 24 -8
-10 24 -7
-10 24 -6
-10 24 6
-10 24 7
-10 24 8
-10 25 -5
-10 25 -4
-10 25 -3
-10 25 -2
-10 25 -1
-10 25 0
-10 25 1
-10 25 2
-10 25 3
-10 25 4
-10 25 5
-9 -25 -7
-9 -25 -6
-9 -25 -5
-9 -25 -4
-9 -25 -3
-9 -25 -2
-9 -25 -1
-9 -25 0
-9 -25 1
-9 -25 2
-9 -25 3
-9 -25 4
-9 -25 5
-9 -25 6
-9 -25 7
-9 -24 -9
-9 -24 -8
-9 -24 8
-9 -24 9
-9 -23 -12
-9 -23 -11
-9 -23 -10
-9 -23 10
-9 -23 11
-9 -23 12
-9 -22 -13
-9 -22 13
-9 -21 -15
-9 -21 -14
-9 -21 14
-9 -21 15
-9 -20 -16
-9 -20 16
-9 -19 -17
-9 -19 17
-9 -18 -18
-9 -18 18
-9 -17 -19
-9 -17 19
-9 -16 -20
-9 -16 20
-9 -15 -21
-9 -15 21
-9 -14 -21
-9 -14 21
-9 -13 -22
-9 -13 22
-9 -12 -23
-9 -12 23
-9 -11 -23
-9 -11 23
-9 -10 -23
-9 -10 23
-9 -9 -24
-9 -9 24
-9 -8 -24
-9 -8 24
-9 -7 -25
-9 -7 25
-9 -6 -25
-9 -6 25
-9 -5 -25
-9 -5 25
-9 -4 -25
-9 -4 25
-9 -3 -25
-9 -3 25
-9 -2 -25
-9 -2 25
-9 -1 -25
-9 -1 25
-9 0 -25
-9 0 25
-9 1 -25
-9 1 25
-9 2 -25
-9 2 25
-9 3 -25
-9 3 25
-9 4 -25
-9 4 25
-9 5 -25
-9 5 25
-9 6 -25
-9 6 25
-9 7 -25
-9 7 25
-9 8 -24
-9 8 24
-9 9 -24
-9 9 24
-9 10 -23
-9 10 23
-9 11 -23
-9 11 23
-9 12 -23
-9 12 23
-9 13 -22
-9 13 22
-9 14 -21
-9 14 21
-9 15 -21
-9 15 21
-9 16 -20
-9 16 20
-9 17 -19
-9 17 19
-9 18 -18
-9 18 18
-9 19 -17
-9 19 17
-9 20 -16
-9 20 16
-9 21 -15
-9 21 -14
-9 21 14
-9 21 15
-9 22 -13
-9 22 13
-9 23 -12
-9 23 -11
-9 23 -10
-9 23 10
-9 23 11
-9 23 12
-9 24 -9
-9 24 -8
-9 24 8
-9 24 9
-9 25 -7
-9 25 -6
-9 25 -5
-9 25 -4
-9 25 -3
-9 25 -2
-9 25 -1
-9 25 0
-9 25 1
-9 25 2
-9 25 3
-9 25 4
-9 25 5
-9 25 6
-9 25 7
-8 -26 -4
-8 -26 -3
-8 -26 -2
-8 -26 -1
-8 -26 0
-8 -26 1
-8 -26 2
-8 -26 3
-8 -26 4
-8 -25 -8
-8 -25 -7
-8 -25 -6
-8 -25 -5
-8 -25 5
-8 -25 6
-8 -25 7
-8 -25 8
-8 -24 -10
-8 -24 -9
-8 -24 9
-8 -24 10
-8 -23 -12
-8 -23 -11
-8 -23 11
-8 -23 12
-8 -22 -14
-8 -22 -13
-8 -22 13
-8 -22 14
-8 -21 -15
-8 -21 15
-8 -20 -17
-8 -20 -16
-8 -20 16
-8 -20 17
-8 -19 -18
-8 -19 18
-8 -18 -19
-8 -18 19
-8 -17 -20
-8 -17 20
-8 -16 -20
-8 -16 20
-8 -15 -21
-8 -15 21
-8 -14 -22
-8 -14 22
-8 -13 -22
-8 -13 22
-8 -12 -23
-8 -12 23
-8 -11 -23
-8 -11 23
-8 -10 -24
-8 -10 24
-8 -9 -24
-8 -9 24
-8 -8 -25
-8 -8 25
-8 -7 -25
-8 -7 25
-8 -6 -25
-8 -6 25
-8 -5 -25
-8 -5 25
-8 -4 -26
-8 -4 26
-8 -3 -26
-8 -3 26
-8 -2 -26
-8 -2 26
-8 -1 -26
-8 -1 26
-8 0 -26
-8 0 26
-8 1 -26
-8 1 26
-8 2 -26
-8 2 26
-8 3 -26
-8 3 26
-8 4 -26
-8 4 26
-8 5 -25
-8 5 25
-8 6 -25
-8 6 25
-8 7 -25
-8 7 25
-8 8 -25
-8 8 25
-8 9 -24
-8 9 24
-8 10 -24
-8 10 24
-8 11 -23
-8 11 23
-8 12 -23
-8 12 23
-8 13 -22
-8 13 22
-8 14 -22
-8 14 22
-8 15 -21
-8 15 21
-8 16 -20
-8 16 20
-8 17 -20
-8 17 20
-8 18 -19
-8 18 19
-8 19 -18
-8 19 18
-8 20 -17
-8 20 -16
-8 20 16
-8 20 17
-8 21 -15
-8 21 15
-8 22 -14
-8 22 -13
-8 22 13
-8 22 14
-8 23 -12
-8 23 -11
-8 23 11
-8 23 12
-8 24 -10
-8 24 -9
-8 24 9
-8 24 10
-8 25 -8
-8 25 -7
-8 25 -6
-8 25 -5
-8 25 5
-8 25 6
-8 25 7
-8 25 8
-8 26 -4
-8 26 -3
-8 26 -2
-8 26 -1
-8 26 0
-8 26 1
-8 26 2
-8 26 3
-8 26 4
-7 -26 -5
-7 -26 -4
-7 -26 -3
-7 -26 -2
-7 -26 -1
-7 -26 0
-7 -26 1
-7 -26 2
-7 -26 3
-7 -26 4
-7 -26 5
-7 -25 -9
-7 -25 -8
-7 -25 -7
-7 -25 -6
-7 -25 6
-7 -25 7
-7 -25 8
-7 -25 9
-7 -24 -11
-7 -24 -10
-7 -24 10
-7 -24 11
-7 -23 -13
-7 -23 -12
-7 -23 12
-7 -23 13
-7 -22 -14
-7 -22 14
-7 -21 -16
-7 -21 -15
-7 -21 15
-7 -21 16
-7 -20 -17
-7 -20 17
-7 -19 -18
-7 -19 18
-7 -18 -19
-7 -18 19
-7 -17 -20
-7 -17 20
-7 -16 -21
-7 -16 21
-7 -15 -21
-7 -15 21
-7 -14 -22
-7 -14 22
-7 -13 -23
-7 -13 23
-7 -12 -23
-7 -12 23
-7 -11 -24
-7 -11 24
-7 -10 -24
-7 -10 24
-7 -9 -25
-7 -9 25
-7 -8 -25
-7 -8 25
-7 -7 -25
-7 -7 25
-7 -6 -25
-7 -6 25
-7 -5 -26
-7 -5 26
-7 -4 -26
-7 -4 26
-7 -3 -26
-7 -3 26
-7 -2 -26
-7 -2 26
-7 -1 -26
-7 -1 26
-7 0 -26
-7 0 26
-7 1 -26
-7 1 26
-7 2 -26
-7 2 26
-7 3 -26
-7 3 26
-7 4 -26
-7 4 26
-7 5 -26
-7 5 26
-7 6 -25
-7 6 25
-7 7 -25
-7 7 25
-7 8 -25
-7 8 25
-7 9 -25
-7 9 25
-7 10 -24
-7 10 24
-7 11 -24
-7 11 24
-7 12 -23
-7 12 23
-7 13 -23
-7 13 23
-7 14 -22
-7 14 22
-7 15 -21
-7 15 21
-7 16 -21
-7 16 21
-7 17 -20
-7 17 20
-7 18 -19
-7 18 19
-7 19 -18
-7 19 18
-7 20 -17
-7 20 17
-7 21 -16
-7 21 -15
-7 21 15
-7 21 16
-7 22 -14
-7 22 14
-7 23 -13
-7 23 -12
-7 23 12
-7 23 13
-7 24 -11
-7 24 -10
-7 24 10
-7 24 11
-7 25 -9
-7 25 -8
-7 25 -7
-7 25 -6
-7 25 6
-7 25 7
-7 25 8
-7 25 9
-7 26 -5
-7 26 -4
-7 26 -3
-7 26 -2
-7 26 -1
-7 26 0
-7 26 1
-7 26 2
-7 26 3
-7 26 4
-7 26 5
-6 -26 -6
-6 -26 -5
-6 -26 -4
-6 -26 -3
-6 -26 -2
-6 -26 -1
-6 -26 0
-6 -26 1
-6 -26 2
-6 -26 3
-6 -26 4
-6 -26 5
-6 -26 6
-6 -25 -9
-6 -25 -8
-6 -25 -7
-6 -25 7
-6 -25 8
-6 -25 9
-6 -24 -12
-6 -24 -11
-6 -24 -10
-6 -24 10
-6 -24 11
-6 -24 12
-6 -23 -13
-6 -23 13
-6 -22 -15
-6 -22 -14
-6 -22 14
-6 -22 15
-6 -21 -16
-6 -21 16
-6 -20 -17
-6 -20 17
-6 -19 -18
-6 -19 18
-6 -18 -19
-6 -18 19
-6 -17 -20
-6 -17 20
-6 -16 -21
-6 -16 21
-6 -15 -22
-6 -15 22
-6 -14 -22
-6 -14 22
-6 -13 -23
-6 -13 23
-6 -12 -24
-6 -12 24
-6 -11 -24
-6 -11 24
-6 -10 -24
-6 -10 24
-6 -9 -25
-6 -9 25
-6 -8 -25
-6 -8 25
-6 -7 -25
-6 -7 25
-6 -6 -26
-6 -6 26
-6 -5 -26
-6 -5 26
-6 -4 -26
-6 -4 26
-6 -3 -26
-6 -3 26
-6 -2 -26
-6 -2 26
-6 -1 -26
-6 -1 26
-6 0 -26
-6 0 26
-6 1 -26
-6 1 26
-6 2 -26
-6 2 26
-6 3 -26
-6 3 26
-6 4 -26
-6 4 26
-6 5 -26
-6 5 26
-6 6 -26
-6 6 26
-6 7 -25
-6 7 25
-6 8 -25
-6 8 25
-6 9 -25
-6 9 25
-6 10 -24
-6 10 24
-6 11 -24
-6 11 24
-6 12 -24
-6 12 24
-6 13 -23
-6 13 23
-6 14 -22
-6 14 22
-6 15 -22
-6 15 22
-6 16 -21
-6 16 21
-6 17 -20
-6 17 20
-6 18 -19
-6 18 19
-6 19 -18
-6 19 18
-6 20 -17
-6 20 17
-6 21 -16
-6 21 16
-6 22 -15
-6 22 -14
-6 22 14
-6 22 15
-6 23 -13
-6 23 13
-6 24 -12
-6 24 -11
-6 24 -10
-6 24 10
-6 24 11
-6 24 12
-6 25 -9
-6 25 -8
-6 25 -7
-6 25 7
-6 25 8
-6 25 9
-6 26 -6
-6 26 -5
-6 26 -4
-6 26 -3
-6 26 -2
-6 26 -1
-6 26 0
-6 26 1
-6 26 2
-6 26 3
-6 26 4
-6 26 5
-6 26 6
-5 -27 -1
-5 -27 0
-5 -27 1
-5 -26 -7
-5 -26 -6
-5 -26 -5
-5 -26 -4
-5 -26 -3
-5 -26 -2
-5 -26 2
-5 -26 3
-5 -26 4
-5 -26 5
-5 -26 6
-5 -26 7
-5 -25 -10
-5 -25 -9
-5 -25 -8
-5 -25 8
-5 -25 9
-5 -25 10
-5 -24 -12
-5 -24 -11
-5 -24 11
-5 -24 12
-5 -23 -14
-5 -23 -13
-5 -23 13
-5 -23 14
-5 -22 -15
-5 -22 15
-5 -21 -17
-5 -21 -16
-5 -21 16
-5 -21 17
-5 -20 -18
-5 -20 18
-5 -19 -19
-5 -19 19
-5 -18 -20
-5 -18 20
-5 -17 -21
-5 -17 21
-5 -16 -21
-5 -16 21
-5 -15 -22
-5 -15 22
-5 -14 -23
-5 -14 23
-5 -13 -23
-5 -13 23
-5 -12 -24
-5 -12 24
-5 -11 -24
-5 -11 24
-5 -10 -25
-5 -10 25
-5 -9 -25
-5 -9 25
-5 -8 -25
-5 -8 25
-5 -7 -26
-5 -7 26
-5 -6 -26
-5 -6 26
-5 -5 -26
-5 -5 26
-5 -4 -26
-5 -4 26
-5 -3 -26
-5 -3 26
-5 -2 -26
-5 -2 26
-5 -1 -27
-5 -1 27
-5 0 -27
-5 0 27
-5 1 -27
-5 1 27
-5 2 -26
-5 2 26
-5 3 -26
-5 3 26
-5 4 -26
-5 4 26
-5 5 -26
-5 5 26
-5 6 -26
-5 6 26
-5 7 -26
-5 7 26
-5 8 -25
-5 8 25
-5 9 -25
-5 9 25
-5 10 -25
-5 10 25
-5 11 -24
-5 11 24
-5 12 -24
-5 12 24
-5 13 -23
-5 13 23
-5 14 -23
-5 14 23
-5 15 -22
-5 15 22
-5 16 -21
-5 16 21
-5 17 -21
-5 17 21
-5 18 -20
-5 18 20
-5 19 -19
-5 19 19
-5 20 -18
-5 20 18
-5 21 -17
-5 21 -16
-5 21 16
-5 21 17
-5 22 -15
-5 22 15
-5 23 -14
-5 23 -13
-5 23 13
-5 23 14
-5 24 -12
-5 24 -11
-5 24 11
-5 24 12
-5 25 -10
-5 25 -9
-5 25 -8
-5 25 8
-5 25 9
-5 25 10
-5 26 -7
-5 26 -6
-5 26 -5
-5 26 -4
-5 26 -3
-5 26 -2
-5 26 2
-5 26 3
-5 26 4
-5 26 5
-5 26 6
-5 26 7
-5 27 -1
-5 27 0
-5 27 1
-4 -27 -3
-4 -27 -2
-4 -27 -1
-4 -27 0
-4 -27 1
-4 -27 2
-4 -27 3
-4 -26 -8
-4 -26 -7
-4 -26 -6
-4 -26 -5
-4 -26 -4
-4 -26 4
-4 -26 5
-4 -26 6
-4 -26 7
-4 -26 8
-4 -25 -10
-4 -25 -9
-4 -25 9
-4 -25 10
-4 -24 -12
-4 -24 -11
-4 -24 11
-4 -24 12
-4 -23 -14
-4 -23 -13
-4 -23 13
-4 -23 14
-4 -22 -16
-4 -22 -15
-4 -22 15
-4 -22 16
-4 -21 -17
-4 -21 17
-4 -20 -18
-4 -20 18
-4 -19 -19
-4 -19 19
-4 -18 -20
-4 -18 20
-4 -17 -21
-4 -17 21
-4 -16 -22
-4 -16 22
-4 -15 -22
-4 -15 22
-4 -14 -23
-4 -14 23
-4 -13 -23
-4 -13 23
-4 -12 -24
-4 -12 24
-4 -11 -24
-4 -11 24
-4 -10 -25
-4 -10 25
-4 -9 -25
-4 -9 25
-4 -8 -26
-4 -8 26
-4 -7 -26
-4 -7 26
-4 -6 -26
-4 -6 26
-4 -5 -26
-4 -5 26
-4 -4 -26
-4 -4 26
-4 -3 -27
-4 -3 27
-4 -2 -27
-4 -2 27
-4 -1 -27
-4 -1 27
-4 0 -27
-4 0 27
-4 1 -27
-4 1 27
-4 2 -27
-4 2 27
-4 3 -27
-4 3 27
-4 4 -26
-4 4 26
-4 5 -26
-4 5 26
-4 6 -26
-4 6 26
-4 7 -26
-4 7 26
-4 8 -26
-4 8 26
-4 9 -25
-4 9 25
-4 10 -25
-4 10 25
-4 11 -24
-4 11 24
-4 12 -24
-4 12 24
-4 13 -23
-4 13 23
-4 14 -23
-4 14 23
-4 15 -22
-4 15 22
-4 16 -22
-4 16 22
-4 17 -21
-4 17 21
-4 18 -20
-4 18 20
-4 19 -19
-4 19 19
-4 20 -18
-4 20 18
-4 21 -17
-4 21 17
-4 22 -16
-4 22 -15
-4 22 15
-4 22 16
-4 23 -14
-4 23 -13
-4 23 13
-4 23 14
-4 24 -12
-4 24 -11
-4 24 11
-4 24 12
-4 25 -10
-4 25 -9
-4 25 9
-4 25 10
-4 26 -8
-4 26 -7
-4 26 -6
-4 26 -5
-4 26 -4
-4 26 4
-4 26 5
-4 26 6
-4 26 7
-4 26 8
-4 27 -3
-4 27 -2
-4 27 -1
-4 27 0
-4 27 1
-4 27 2
-4 27 3
-3 -27 -4
-3 -27 -3
-3 -27 -2
-3 -27 -1
-3 -27 0
-3 -27 1
-3 -27 2
-3 -27 3
-3 -27 4
-3 -26 -8
-3 -26 -7
-3 -26 -6
-3 -26 -5
-3 -26 5
-3 -26 6
-3 -26 7
-3 -26 8
-3 -25 -11
-3 -25 -10
-3 -25 -9
-3 -25 9
-3 -25 10
-3 -25 11
-3 -24 -13
-3 -24 -12
-3 -24 12
-3 -24 13
-3 -23 -14
-3 -23 14
-3 -22 -16
-3 -22 -15
-3 -22 15
-3 -22 16
-3 -21 -17
-3 -21 17
-3 -20 -18
-3 -20 18
-3 -19 -19
-3 -19 19
-3 -18 -20
-3 -18 20
-3 -17 -21
-3 -17 21
-3 -16 -22
-3 -16 22
-3 -15 -22
-3 -15 22
-3 -14 -23
-3 -14 23
-3 -13 -24
-3 -13 24
-3 -12 -24
-3 -12 24
-3 -11 -25
-3 -11 25
-3 -10 -25
-3 -10 25
-3 -9 -25
-3 -9 25
-3 -8 -26
-3 -8 26
-3 -7 -26
-3 -7 26
-3 -6 -26
-3 -6 26
-3 -5 -26
-3 -5 26
-3 -4 -27
-3 -4 27
-3 -3 -27
-3 -3 27
-3 -2 -27
-3 -2 27
-3 -1 -27
-3 -1 27
-3 0 -27
-3 0 27
-3 1 -27
-3 1 27
-3 2 -27
-3 2 27
-3 3 -27
-3 3 27
-3 4 -27
-3 4 27
-3 5 -26
-3 5 26
-3 6 -26
-3 6 26
-3 7 -26
-3 7 26
-3 8 -26
-3 8 26
-3 9 -25
-3 9 25
-3 10 -25
-3 10 25
-3 11 -25
-3 11 25
-3 12 -24
-3 12 24
-3 13 -24
-3 13 24
-3 14 -23
-3 14 23
-3 15 -22
-3 15 22
-3 16 -22
-3 16 22
-3 17 -21
-3 17 21
-3 18 -20
-3 18 20
-3 19 -19
-3 19 19
-3 20 -18
-3 20 18
-3 21 -17
-3 21 17
-3 22 -16
-3 22 -15
-3 22 15
-3 22 16
-3 23 -14
-3 23 14
-3 24 -13
-3 24 -12
-3 24 12
-3 24 13
-3 25 -11
-3 25 -10
-3 25 -9
-3 25 9
-3 25 10
-3 25 11
-3 26 -8
-3 26 -7
-3 26 -6
-3 26 -5
-3 26 5
-3 26 6
-3 26 7
-3 26 8
-3 27 -4
-3 27 -3
-3 27 -2
-3 27 -1
-3 27 0
-3 27 1
-3 27 2
-3 27 3
-3 27 4
-2 -27 -4
-2 -27 -3
-2 -27 -2
-2 -27 -1
-2 -27 0
-2 -27 1
-2 -27 2
-2 -27 3
-2 -27 4
-2 -26 -8
-2 -26 -7
-2 -26 -6
-2 -26 -5
-2 -26 5
-2 -26 6
-2 -26 7
-2 -26 8
-2 -25 -11
-2 -25 -10
-2 -25 -9
-2 -25 9
-2 -25 10
-2 -25 11
-2 -24 -13
-2 -24 -12
-2 -24 12
-2 -24 13
-2 -23 -14
-2 -23 14
-2 -22 -16
-2 -22 -15
-2 -22 15
-2 -22 16
-2 -21 -17
-2 -21 17
-2 -20 -18
-2 -20 18
-2 -19 -19
-2 -19 19
-2 -18 -20
-2 -18 20
-2 -17 -21
-2 -17 21
-2 -16 -22
-2 -16 22
-2 -15 -22
-2 -15 22
-2 -14 -23
-2 -14 23
-2 -13 -24
-2 -13 24
-2 -12 -24
-2 -12 24
-2 -11 -25
-2 -11 25
-2 -10 -25
-2 -10 25
-2 -9 -25
-2 -9 25
-2 -8 -26
-2 -8 26
-2 -7 -26
-2 -7 26
-2 -6 -26
-2 -6 26
-2 -5 -26
-2 -5 26
-2 -4 -27
-2 -4 27
-2 -3 -27
-2 -3 27
-2 -2 -27
-2 -2 27
-2 -1 -27
-2 -1 27
-2 0 -27
-2 0 27
-2 1 -27
-2 1 27
-2 2 -27
-2 2 27
-2 3 -27
-2 3 27
-2 4 -27
-2 4 27
-2 5 -26
-2 5 26
-2 6 -26
-2 6 26
-2 7 -26
-2 7 26
-2 8 -26
-2 8 26
-2 9 -25
-2 9 25
-2 10 -25
-2 10 25
-2 11 -25
-2 11 25
-2 12 -24
-2 12 24
-2 13 -24
-2 13 24
-2 14 -23
-2 14 23
-2 15 -22
-2 15 22
-2 16 -22
-2 16 22
-2 17 -21
-2 17 21
-2 18 -20
-2 18 20
-2 19 -19
-2 19 19
-2 20 -18
-2 20 18
-2 21 -17
-2 21 17
-2 22 -16
-2 22 -15
-2 22 15
-2 22 16
-2 23 -14
-2 23 14
-2 24 -13
-2 24 -12
-2 24 12
-2 24 13
-2 25 -11
-2 25 -10
-2 25 -9
-2 25 9
-2 25 10
-2 25 11
-2 26 -8
-2 26 -7
-2 26 -6
-2 26 -5
-2 26 5
-2 26 6
-2 26 7
-2 26 8
-2 27 -4
-2 27 -3
-2 27 -2
-2 27 -1
-2 27 0
-2 27 1
-2 27 2
-2 27 3
-2 27 4
-1 -27 -5
-1 -27 -4
-1 -27 -3
-1 -27 -2
-1 -27 -1
-1 -27 0
-1 -27 1
-1 -27 2
-1 -27 3
-1 -27 4
-1 -27 5
-1 -26 -8
-1 -26 -7
-1 -26 -6
-1 -26 6
-1 -26 7
-1 -26 8
-1 -25 -11
-1 -25 -10
-1 -25 -9
-1 -25 9
-1 -25 10
-1 -25 11
-1 -24 -13
-1 -24 -12
-1 -24 12
-1 -24 13
-1 -23 -15
-1 -23 -14
-1 -23 14
-1 -23 15
-1 -22 -16
-1 -22 16
-1 -21 -17
-1 -21 17
-1 -20 -18
-1 -20 18
-1 -19 -19
-1 -19 19
-1 -18 -20
-1 -18 20
-1 -17 -21
-1 -17 21
-1 -16 -22
-1 -16 22
-1 -15 -23
-1 -15 23
-1 -14 -23
-1 -14 23
-1 -13 -24
-1 -13 24
-1 -12 -24
-1 -12 24
-1 -11 -25
-1 -11 25
-1 -10 -25
-1 -10 25
-1 -9 -25
-1 -9 25
-1 -8 -26
-1 -8 26
-1 -7 -26
-1 -7 26
-1 -6 -26
-1 -6 26
-1 -5 -27
-1 -5 27
-1 -4 -27
-1 -4 27
-1 -3 -27
-1 -3 27
-1 -2 -27
-1 -2 27
-1 -1 -27
-1 -1 27
-1 0 -27
-1 0 27
-1 1 -27
-1 1 27
-1 2 -27
-1 2 27
-1 3 -27
-1 3 27
-1 4 -27
-1 4 27
-1 5 -27
-1 5 27
-1 6 -26
-1 6 26
-1 7 -26
-1 7 26
-1 8 -26
-1 8 26
-1 9 -25
-1 9 25
-1 10 -25
-1 10 25
-1 11 -25
-1 11 25
-1 12 -24
-1 12 24
-1 13 -24
-1 13 24
-1 14 -23
-1 14 23
-1 15 -23
-1 15 23
-1 16 -22
-1 16 22
-1 17 -21
-1 17 21
-1 18 -20
-1 18 20
-1 19 -19
-1 19 19
-1 20 -18
-1 20 18
-1 21 -17
-1 21 17
-1 22 -16
-1 22 16
-1 23 -15
-1 23 -14
-1 23 14
-1 23 15
-1 24 -13
-1 24 -12
-1 24 12
-1 24 13
-1 25 -11
-1 25 -10
-1 25 -9
-1 25 9
-1 25 10
-1 25 11
-1 26 -8
-1 26 -7
-1 26 -6
-1 26 6
-1 26 7
-1 26 8
-1 27 -5
-1 27 -4
-1 27 -3
-1 27 -2
-1 27 -1
-1 27 0
-1 27 1
-1 27 2
-1 27 3
-1 27 4
-1 27 5
0 -27 -5
0 -27 -4
0 -27 -3
0 -27 -2
0 -27 -1
0 -27 0
0 -27 1
0 -27 2
0 -27 3
0 -27 4
0 -27 5
0 -26 -8
0 -26 -7
0 -26 -6
0 -26 6
0 -26 7
0 -26 8
0 -25 -11
0 -25 -10
0 -25 -9
0 -25 9
0 -25 10
0 -25 11
0 -24 -13
0 -24 -12
0 -24 12
0 -24 13
0 -23 -15
0 -23 -14
0 -23 14
0 -23 15
0 -22 -16
0 -22 16
0 -21 -17
0 -21 17
0 -20 -18
0 -20 18
0 -19 -19
0 -19 19
0 -18 -20
0 -18 20
0 -17 -21
0 -17 21
0 -16 -22
0 -16 22
0 -15 -23
0 -15 23
0 -14 -23
0 -14 23
0 -13 -24
0 -13 24
0 -12 -24
0 -12 24
0 -11 -25
0 -11 25
0 -10 -25
0 -10 25
0 -9 -25
0 -9 25
0 -8 -26
0 -8 26
0 -7 -26
0 -7 26
0 -6 -26
0 -6 26
0 -5 -27
0 -5 27
0 -4 -27
0 -4 27
0 -3 -27
0 -3 27
0 -2 -27
0 -2 27
0 -1 -27
0 -1 27
0 0 -27
0 0 27
0 1 -27
0 1 27
0 2 -27
0 2 27
0 3 -27
0 3 27
0 4 -27
0 4 27
0 5 -27
0 5 27
0 6 -26
0 6 26
0 7 -26
0 7 26
0 8 -26
0 8 26
0 9 -25
0 9 25
0 10 -25
0 10 25
0 11 -25
0 11 25
0 12 -24
0 12 24
0 13 -24
0 13 24
0 14 -23
0 14 23
0 15 -23
0 15 23
0 16 -22
0 16 22
0 17 -21
0 17 21
0 18 -20
0 18 20
0 19 -19
0 19 19
0 20 -18
0 20 18
0 21 -17
0 21 17
0 22 -16
0 22 16
0 23 -15
0 23 -14
0 23 14
0 23 15
0 24 -13
0 24 -12
0 24 12
0 24 13
0 25 -11
0 25 -10
0 25 -9
0 25 9
0 25 10
0 25 11
0 26 -8
0 26 -7
0 26 -6
0 26 6
0 26 7
0 26 8
0 27 -5
0 27 -4
0 27 -3
0 27 -2
0 27 -1
0 27 0
0 27 1
0 27 2
0 27 3
0 27 4
0 27 5
1 -27 -5
1 -27 -4
1 -27 -3
1 -27 -2
1 -27 -1
1 -27 0
1 -27 1
1 -27 2
1 -27 3
1 -27 4
1 -27 5
1 -26 -8
1 -26 -7
1 -26 -6
1 -26 6
1 -26 7
1 -26 8
1 -25 -11
1 -25 -10
1 -25 -9
1 -25 9
1 -25 10
1 -25 11
1 -24 -13
1 -24 -12
1 -24 12
1 -24 13
1 -23 -15
1 -23 -14
1 -23 14
1 -23 15
1 -22 -16
1 -22 16
1 -21 -17
1 -21 17
1 -20 -18
1 -20 18
1 -19 -19
1 -19 19
1 -18 -20
1 -18 20
1 -17 -21
1 -17 21
1 -16 -22
1 -16 22
1 -15 -23
1 -15 23
1 -14 -23
1 -14 23
1 -13 -24
1 -13 24
1 -12 -24
1 -12 24
1 -11 -25
1 -11 25
1 -10 -25
1 -10 25
1 -9 -25
1 -9 25
1 -8 -26
1 -8 26
1 -7 -26
1 -7 26
1 -6 -26
1 -6 26
1 -5 -27
1 -5 27
1 -4 -27
1 -4 27
1 -3 -27
1 -3 27
1 -2 -27
1 -2 27
1 -1 -27
1 -1 27
1 0 -27
1 0 27
1 1 -27
1 1 27
1 2 -27
1 2 27
1 3 -27
1 3 27
1 4 -27
1 4 27
1 5 -27
1 5 27
1 6 -26
1 6 26
1 7 -26
1 7 26
1 8 -26
1 8 26
1 9 -25
1 9 25
1 10 -25
1 10 25
1 11 -25
1 11 25
1 12 -24
1 12 24
1 13 -24
1 13 24
1 14 -23
1 14 23
1 15 -23
1 15 23
1 16 -22
1 16 22
1 17 -21
1 17 21
1 18 -20
1 18 20
1 19 -19
1 19 19
1 20 -18
1 20 18
1 21 -17
1 21 17
1 22 -16
1 22 16
1 23 -15
1 23 -14
1 23 14
1 23 15
1 24 -13
1 24 -12
1 24 12
1 24 13
1 25 -11
1 25 -10
1 25 -9
1 25 9
1 25 10
1 25 11
1 26 -8
1 26 -7
1 26 -6
1 26 6
1 26 7
1 26 8
1 27 -5
1 27 -4
1 27 -3
1 27 -2
1 27 -1
1 27 0
1 27 1
1 27 2
1 27 3
1 27 4
1 27 5
2 -27 -4
2 -27 -3
2 -27 -2
2 -27 -1
2 -27 0
2 -27 1
2 -27 2
2 -27 3
2 -27 4
2 -26 -8
2 -26 -7
2 -26 -6
2 -26 -5
2 -26 5
2 -26 6
2 -26 7
2 -26 8
2 -25 -11
2 -25 -10
2 -25 -9
2 -25 9
2 -25 10
2 -25 11
2 -24 -13
2 -24 -12
2 -24 12
2 -24 13
2 -23 -14
2 -23 14
2 -22 -16
2 -22 -15
2 -22 15
2 -22 16
2 -21 -17
2 -21 17
2 -20 -18
2 -20 18
2 -19 -19
2 -19 19
2 -18 -20
2 -18 20
2 -17 -21
2 -17 21
2 -16 -22
2 -16 22
2 -15 -22
2 -15 22
2 -14 -23
2 -14 23
2 -13 -24
2 -13 24
2 -12 -24
2 -12 24
2 -11 -25
2 -11 25
2 -10 -25
2 -10 25
2 -9 -25
2 -9 25
2 -8 -26
2 -8 26
2 -7 -26
2 -7 26
2 -6 -26
2 -6 26
2 -5 -26
2 -5 26
2 -4 -27
2 -4 27
2 -3 -27
2 -3 27
2 -2 -27
2 -2 27
2 -1 -27
2 -1 27
2 0 -27
2 0 27
2 1 -27
2 1 27
2 2 -27
2 2 27
2 3 -27
2 3 27
2 4 -27
2 4 27
2 5 -26
2 5 26
2 6 -26
2 6 26
2 7 -26
2 7 26
2 8 -26
2 8 26
2 9 -25
2 9 25
2 10 -25
2 10 25
2 11 -25
2 11 25
2 12 -24
2 12 24
2 13 -24
2 13 24
2 14 -23
2 14 23
2 15 -22
2 15 22
2 16 -22
2 16 22
2 17 -21
2 17 21
2 18 -20
2 18 20
2 19 -19
2 19 19
2 20 -18
2 20 18
2 21 -17
2 21 17
2 22 -16
2 22 -15
2 22 15
2 22 16
2 23 -14
2 23 14
2 24 -13
2 24 -12
2 24 12
2 24 13
2 25 -11
2 25 -10
2 25 -9
2 25 9
2 25 10
2 25 11
2 26 -8
2 26 -7
2 26 -6
2 26 -5
2 26 5
2 26 6
2 26 7
2 26 8
2 27 -4
2 27 -3
2 27 -2
2 27 -1
2 27 0
2 27 1
2 27 2
2 27 3
2 27 4
3 -27 -4
3 -27 -3
3 -27 -2
3 -27 -1
3 -27 0
3 -27 1
3 -27 2
3 -27 3
3 -27 4
3 -26 -8
3 -26 -7
3 -26 -6
3 -26 -5
3 -26 5
3 -26 6
3 -26 7
3 -26 8
3 -25 -11
3 -25 -10
3 -25 -9
3 -25 9
3 -25 10
3 -25 11
3 -24 -13
3 -24 -12
3 -24 12
3 -24 13
3 -23 -14
3 -23 14
3 -22 -16
3 -22 -15
3 -22 15
3 -22 16
3 -21 -17
3 -21 17
3 -20 -18
3 -20 18
3 -19 -19
3 -19 19
3 -18 -20
3 -18 20
3 -17 -21
3 -17 21
3 -16 -22
3 -16 22
3 -15 -22
3 -15 22
3 -14 -23
3 -14 23
3 -13 -24
3 -13 24
3 -12 -24
3 -12 24
3 -11 -25
3 -11 25
3 -10 -25
3 -10 25
3 -9 -25
3 -9 25
3 -8 -26
3 -8 26
3 -7 -26
3 -7 26
3 -6 -26
3 -6 26
3 -5 -26
3 -5 26
3 -4 -27
3 -4 27
3 -3 -27
3 -3 27
3 -2 -27
3 -2 27
3 -1 -27
3 -1 27
3 0 -27
3 0 27
3 1 -27
3 1 27
3 2 -27
3 2 27
3 3 -27
3 3 27
3 4 -27
3 4 27
3 5 -26
3 5 26
3 6 -26
3 6 26
3 7 -26
3 7 26
3 8 -26
3 8 26
3 9 -25
3 9 25
3 10 -25
3 10 25
3 11 -25
3 11 25
3 12 -24
3 12 24
3 13 -24
3 13 24
3 14 -23
3 14 23
3 15 -22
3 15 22
3 16 -22
3 16 22
3 17 -21
3 17 21
3 18 -20
3 18 20
3 19 -19
3 19 19
3 20 -18
3 20 18
3 21 -17
3 21 17
3 22 -16
3 22 -15
3 22 15
3 22 16
3 23 -14
3 23 14
3 24 -13
3 24 -12
3 24 12
3 24 13
3 25 -11
3 25 -10
3 25 -9
3 25 9
3 25 10
3 25 11
3 26 -8
3 26 -7
3 26 -6
3 26 -5
3 26 5
3 26 6
3 26 7
3 26 8
3 27 -4
3 27 -3
3 27 -2
3 27 -1
3 27 0
3 27 1
3 27 2
3 27 3
3 27 4
4 -27 -3
4 -27 -2
4 -27 -1
4 -27 0
4 -27 1
4 -27 2
4 -27 3
4 -26 -8
4 -26 -7
4 -26 -6
4 -26 -5
4 -26 -4
4 -26 4
4 -26 5
4 -26 6
4 -26 7
4 -26 8
4 -25 -10
4 -25 -9
4 -25 9
4 -25 10
4 -24 -12
4 -24 -11
4 -24 11
4 -24 12
4 -23 -14
4 -23 -13
4 -23 13
4 -23 14
4 -22 -16
4 -22 -15
4 -22 15
4 -22 16
4 -21 -17
4 -21 17
4 -20 -18
4 -20 18
4 -19 -19
4 -19 19
4 -18 -20
4 -18 20
4 -17 -21
4 -17 21
4 -16 -22
4 -16 22
4 -15 -22
4 -15 22
4 -14 -23
4 -14 23
4 -13 -23
4 -13 23
4 -12 -24
4 -12 24
4 -11 -24
4 -11 24
4 -10 -25
4 -10 25
4 -9 -25
4 -9 25
4 -8 -26
4 -8 26
4 -7 -26
4 -7 26
4 -6 -26
4 -6 26
4 -5 -26
4 -5 26
4 -4 -26
4 -4 26
4 -3 -27
4 -3 27
4 -2 -27
4 -2 27
4 -1 -27
4 -1 27
4 0 -27
4 0 27
4 1 -27
4 1 27
4 2 -27
4 2 27
4 3 -27
4 3 27
4 4 -26
4 4 26
4 5 -26
4 5 26
4 6 -26
4 6 26
4 7 -26
4 7 26
4 8 -26
4 8 26
4 9 -25
4 9 25
4 10 -25
4 10 25
4 11 -24
4 11 24
4 12 -24
4 12 24
4 13 -23
4 13 23
4 14 -23
4 14 23
4 15 -22
4 15 22
4 16 -22
4 16 22
4 17 -21
4 17 21
4 18 -20
4 18 20
4 19 -19
4 19 19
4 20 -18
4 20 18
4 21 -17
4 21 17
4 22 -16
4 22 -15
4 22 15
4 22 16
4 23 -14
4 23 -13
4 23 13
4 23 14
4 24 -12
4 24 -11
4 24 11
4 24 12
4 25 -10
4 25 -9
4 25 9
4 25 10
4 26 -8
4 26 -7
4 26 -6
4 26 -5
4 26 -4
4 26 4
4 26 5
4 26 6
4 26 7
4 26 8
4 27 -3
4 27 -2
4 27 -1
4 27 0
4 27 1
4 27 2
4 27 3
5 -27 -1
5 -27 0
5 -27 1
5 -26 -7
5 -26 -6
5 -26 -5
5 -26 -4
5 -26 -3
5 -26 -2
5 -26 2
5 -26 3
5 -26 4
5 -26 5
5 -26 6
5 -26 7
5 -25 -10
5 -25 -9
5 -25 -8
5 -25 8
5 -25 9
5 -25 10
5 -24 -12
5 -24 -11
5 -24 11
5 -24 12
5 -23 -14
5 -23 -13
5 -23 13
5 -23 14
5 -22 -15
5 -22 15
5 -21 -17
5 -21 -16
5 -21 16
5 -21 17
5 -20 -18
5 -20 18
5 -19 -19
5 -19 19
5 -18 -20
5 -18 20
5 -17 -21
5 -17 21
5 -16 -21
5 -16 21
5 -15 -22
5 -15 22
5 -14 -23
5 -14 23
5 -13 -23
5 -13 23
5 -12 -24
5 -12 24
5 -11 -24
5 -11 24
5 -10 -25
5 -10 25
5 -9 -25
5 -9 25
5 -8 -25
5 -8 25
5 -7 -26
5 -7 26
5 -6 -26
5 -6 26
5 -5 -26
5 -5 26
5 -4 -26
5 -4 26
5 -3 -26
5 -3 26
5 -2 -26
5 -2 26
5 -1 -27
5 -1 27
5 0 -27
5 0 27
5 1 -27
5 1 27
5 2 -26
5 2 26
5 3 -26
5 3 26
5 4 -26
5 4 26
5 5 -26
5 5 26
5 6 -26
5 6 26
5 7 -26
5 7 26
5 8 -25
5 8 25
5 9 -25
5 9 25
5 10 -25
5 10 25
5 11 -24
5 11 24
5 12 -24
5 12 24
5 13 -23
5 13 23
5 14 -23
5 14 23
5 15 -22
5 15 22
5 16 -21
5 16 21
5 17 -21
5 17 21
5 18 -20
5 18 20
5 19 -19
5 19 19
5 20 -18
5 20 18
5 21 -17
5 21 -16
5 21 16
5 21 17
5 22 -15
5 22 15
5 23 -14
5 23 -13
5 23 13
5 23 14
5 24 -12
5 24 -11
5 24 11
5 24 12
5 25 -10
5 25 -9
5 25 -8
5 25 8
5 25 9
5 25 10
5 26 -7
5 26 -6
5 26 -5
5 26 -4
5 26 -3
5 26 -2
5 26 2
5 26 3
5 26 4
5 26 5
5 26 6
5 26 7
5 27 -1
5 27 0
5 27 1
6 -26 -6
6 -26 -5
6 -26 -4
6 -26 -3
6 -26 -2
6 -26 -1
6 -26 0
6 -26 1
6 -26 2
6 -26 3
6 -26 4
6 -26 5
6 -26 6
6 -25 -9
6 -25 -8
6 -25 -7
6 -25 7
6 -25 8
6 -25 9
6 -24 -12
6 -24 -11
6 -24 -10
6 -24 10
6 -24 11
6 -24 12
6 -23 -13
6 -23 13
6 -22 -15
6 -22 -14
6 -22 14
6 -22 15
6 -21 -16
6 -21 16
6 -20 -17
6 -20 17
6 -19 -18
6 -19 18
6 -18 -19
6 -18 19
6 -17 -20
6 -17 20
6 -16 -21
6 -16 21
6 -15 -22
6 -15 22
6 -14 -22
6 -14 22
6 -13 -23
6 -13 23
6 -12 -24
6 -12 24
6 -11 -24
6 -11 24
6 -10 -24
6 -10 24
6 -9 -25
6 -9 25
6 -8 -25
6 -8 25
6 -7 -25
6 -7 25
6 -6 -26
6 -6 26
6 -5 -26
6 -5 26
6 -4 -26
6 -4 26
6 -3 -26
6 -3 26
6 -2 -26
6 -2 26
6 -1 -26
6 -1 26
6 0 -26
6 0 26
6 1 -26
6 1 26
6 2 -26
6 2 26
6 3 -26
6 3 26
6 4 -26
6 4 26
6 5 -26
6 5 26
6 6 -26
6 6 26
6 7 -25
6 7 25
6 8 -25
6 8 25
6 9 -25
6 9 25
6 10 -24
6 10 24
6 11 -24
6 11 24
6 12 -24
6 12 24
6 13 -23
6 13 23
6 14 -22
6 14 22
6 15 -22
6 15 22
6 16 -21
6 16 21
6 17 -20
6 17 20
6 18 -19
6 18 19
6 19 -18
6 19 18
6 20 -17
6 20 17
6 21 -16
6 21 16
6 22 -15
6 22 -14
6 22 14
6 22 15
6 23 -13
6 23 13
6 24 -12
6 24 -11
6 24 -10
6 24 10
6 24 11
6 24 12
6 25 -9
6 25 -8
6 25 -7
6 25 7
6 25 8
6 25 9
6 26 -6
6 26 -5
6 26 -4
6 26 -3
6 26 -2
6 26 -1
6 26 0
6 26 1
6 26 2
6 26 3
6 26 4
6 26 5
6 26 6
7 -26 -5
7 -26 -4
7 -26 -3
7 -26 -2
7 -26 -1
7 -26 0
7 -26 1
7 -26 2
7 -26 3
7 -26 4
7 -26 5
7 -25 -9
7 -25 -8
7 -25 -7
7 -25 -6
7 -25 6
7 -25 7
7 -25 8
7 -25 9
7 -24 -11
7 -24 -10
7 -24 10
7 -24 11
7 -23 -13
7 -23 -12
7 -23 12
7 -23 13
7 -22 -14
7 -22 14
7 -21 -16
7 -21 -15
7 -21 15
7 -21 16
7 -20 -17
7 -20 17
7 -19 -18
7 -19 18
7 -18 -19
7 -18 19
7 -17 -20
7 -17 20
7 -16 -21
7 -16 21
7 -15 -21
7 -15 21
7 -14 -22
7 -14 22
7 -13 -23
7 -13 23
7 -12 -23
7 -12 23
7 -11 -24
7 -11 24
7 -10 -24
7 -10 24
7 -9 -25
7 -9 25
7 -8 -25
7 -8 25
7 -7 -25
7 -7 25
7 -6 -25
7 -6 25
7 -5 -26
7 -5 26
7 -4 -26
7 -4 26
7 -3 -26
7 -3 26
7 -2 -26
7 -2 26
7 -1 -26
7 -1 26
7 0 -26
7 0 26
7 1 -26
7 1 26
7 2 -26
7 2 26
7 3 -26
7 3 26
7 4 -26
7 4 26
7 5 -26
7 5 26
7 6 -25
7 6 25
7 7 -25
7 7 25
7 8 -25
7 8 25
7 9 -25
7 9 25
7 10 -24
7 10 24
7 11 -24
7 11 24
7 12 -23
7 12 23
7 13 -23
7 13 23
7 14 -22
7 14 22
7 15 -21
7 15 21
7 16 -21
7 16 21
7 17 -20
7 17 20
7 18 -19
7 18 19
7 19 -18
7 19 18
7 20 -17
7 20 17
7 21 -16
7 21 -15
7 21 15
7 21 16
7 22 -14
7 22 14
7 23 -13
7 23 -12
7 23 12
7 23 13
7 24 -11
7 24 -10
7 24 10
7 24 11
7 25 -9
7 25 -8
7 25 -7
7 25 -6
7 25 6
7 25 7
7 25 8
7 25 9
7 26 -5
7 26 -4
7 26 -3
7 26 -2
7 26 -1
7 26 0
7 26 1
7 26 2
7 26 3
7 26 4
7 26 5
8 -26 -4
8 -26 -3
8 -26 -2
8 -26 -1
8 -26 0
8 -26 1
8 -26 2
8 -26 3
8 -26 4
8 -25 -8
8 -25 -7
8 -25 -6
8 -25 -5
8 -25 5
8 -25 6
8 -25 7
8 -25 8
8 -24 -10
8 -24 -9
8 -24 9
8 -24 10
8 -23 -12
8 -23 -11
8 -23 11
8 -23 12
8 -22 -14
8 -22 -13
8 -22 13
8 -22 14
8 -21 -15
8 -21 15
8 -20 -17
8 -20 -16
8 -20 16
8 -20 17
8 -19 -18
8 -19 18
8 -18 -19
8 -18 19
8 -17 -20
8 -17 20
8 -16 -20
8 -16 20
8 -15 -21
8 -15 21
8 -14 -22
8 -14 22
8 -13 -22
8 -13 22
8 -12 -23
8 -12 23
8 -11 -23
8 -11 23
8 -10 -24
8 -10 24
8 -9 -24
8 -9 24
8 -8 -25
8 -8 25
8 -7 -25
8 -7 25
8 -6 -25
8 -6 25
8 -5 -25
8 -5 25
8 -4 -26
8 -4 26
8 -3 -26
8 -3 26
8 -2 -26
8 -2 26
8 -1 -26
8 -1 26
8 0 -26
8 0 26
8 1 -26
8 1 26
8 2 -26
8 2 26
8 3 -26
8 3 26
8 4 -26
8 4 26
8 5 -25
8 5 25
8 6 -25
8 6 25
8 7 -25
8 7 25
8 8 -25
8 8 25
8 9 -24
8 9 24
8 10 -24
8 10 24
8 11 -23
8 11 23
8 12 -23
8 12 23
8 13 -22
8 13 22
8 14 -22
8 14 22
8 15 -21
8 15 21
8 16 -20
8 16 20
8 17 -20
8 17 20
8 18 -19
8 18 19
8 19 -18
8 19 18
8 20 -17
8 20 -16
8 20 16
8 20 17
8 21 -15
8 21 15
8 22 -14
8 22 -13
8 22 13
8 22 14
8 23 -12
8 23 -11
8 23 11
8 23 12
8 24 -10
8 24 -9
8 24 9
8 24 10
8 25 -8
8 25 -7
8 25 -6
8 25 -5
8 25 5
8 25 6
8 25 7
8 25 8
8 26 -4
8 26 -3
8 26 -2
8 26 -1
8 26 0
8 26 1
8 26 2
8 26 3
8 26 4
9 -25 -7
9 -25 -6
9 -25 -5
9 -25 -4
9 -25 -3
9 -25 -2
9 -25 -1
9 -25 0
9 -25 1
9 -25 2
9 -25 3
9 -25 4
9 -25 5
9 -25 6
9 -25 7
9 -24 -9
9 -24 -8
9 -24 8
9 -24 9
9 -23 -12
9 -23 -11
9 -23 -10
9 -23 10
9 -23 11
9 -23 12
9 -22 -13
9 -22 13
9 -21 -15
9 -21 -14
9 -21 14
9 -21 15
9 -20 -16
9 -20 16
9 -19 -17
9 -19 17
9 -18 -18
9 -18 18
9 -17 -19
9 -17 19
9 -16 -20
9 -16 20
9 -15 -21
9 -15 21
9 -14 -21
9 -14 21
9 -13 -22
9 -13 22
9 -12 -23
9 -12 23
9 -11 -23
9 -11 23
9 -10 -23
9 -10 23
9 -9 -24
9 -9 24
9 -8 -24
9 -8 24
9 -7 -25
9 -7 25
9 -6 -25
9 -6 25
9 -5 -25
9 -5 25
9 -4 -25
9 -4 25
9 -3 -25
9 -3 25
9 -2 -25
9 -2 25
9 -1 -25
9 -1 25
9 0 -25
9 0 25
9 1 -25
9 1 25
9 2 -25
9 2 25
9 3 -25
9 3 25
9 4 -25
9 4 25
9 5 -25
9 5 25
9 6 -25
9 6 25
9 7 -25
9 7 25
9 8 -24
9 8 24
9 9 -24
9 9 24
9 10 -23
9 10 23
9 11 -23
9 11 23
9 12 -23
9 12 23
9 13 -22
9 13 22
9 14 -21
9 14 21
9 15 -21
9 15 21
9 16 -20
9 16 20
9 17 -19
9 17 19
9 18 -18
9 18 18
9 19 -17
9 19 17
9 20 -16
9 20 16
9 21 -15
9 21 -14
9 21 14
9 21 15
9 22 -13
9 22 13
9 23 -12
9 23 -11
9 23 -10
9 23 10
9 23 11
9 23 12
9 24 -9
9 24 -8
9 24 8
9 24 9
9 25 -7
9 25 -6
9 25 -5
9 25 -4
9 25 -3
9 25 -2
9 25 -1
9 25 0
9 25 1
9 25 2
9 25 3
9 25 4
9 25 5
9 25 6
9 25 7
10 -25 -5
10 -25 -4
10 -25 -3
10 -25 -2
10 -25 -1
10 -25 0
10 -25 1
10 -25 2
10 -25 3
10 -25 4
10 -25 5
10 -24 -8
10 -24 -7
10 -24 -6
10 -24 6
10 -24 7
10 -24 8
10 -23 -11
10 -23 -10
10 -23 -9
10 -23 9
10 -23 10
10 -23 11
10 -22 -13
10 -22 -12
10 -22 12
10 -22 13
10 -21 -14
10 -21 14
10 -20 -16
10 -20 -15
10 -20 15
10 -20 16
10 -19 -17
10 -19 17
10 -18 -18
10 -18 18
10 -17 -19
10 -17 19
10 -16 -20
10 -16 20
10 -15 -20
10 -15 20
10 -14 -21
10 -14 21
10 -13 -22
10 -13 22
10 -12 -22
10 -12 22
10 -11 -23
10 -11 23
10 -10 -23
10 -10 23
10 -9 -23
10 -9 23
10 -8 -24
10 -8 24
10 -7 -24
10 -7 24
10 -6 -24
10 -6 24
10 -5 -25
10 -5 25
10 -4 -25
10 -4 25
10 -3 -25
10 -3 25
10 -2 -25
10 -2 25
10 -1 -25
10 -1 25
10 0 -25
10 0 25
10 1 -25
10 1 25
10 2 -25
10 2 25
10 3 -25
10 3 25
10 4 -25
10 4 25
10 5 -25
10 5 25
10 6 -24
10 6 24
10 7 -24
10 7 24
10 8 -24
10 8 24
10 9 -23
10 9 23
10 10 -23
10 10 23
10 11 -23
10 11 23
10 12 -22
10 12 22
10 13 -22
10 13 22
10 14 -21
10 14 21
10 15 -20
10 15 20
10 16 -20
10 16 20
10 17 -19
10 17 19
10 18 -18
10 18 18
10 19 -17
10 19 17
10 20 -16
10 20 -15
10 20 15
10 20 16
10 21 -14
10 21 14
10 22 -13
10 22 -12
10 22 12
10 22 13
10 23 -11
10 23 -10
10 23 -9
10 23 9
10 23 10
10 23 11
10 24 -8
10 24 -7
10 24 -6
10 24 6
10 24 7
10 24 8
10 25 -5
10 25 -4
10 25 -3
10 25 -2
10 25 -1
10 25 0
10 25 1
10 25 2
10 25 3
10 25 4
10 25 5
11 -25 -3
11 -25 -2
11 -25 -1
11 -25 0
11 -25 1
11 -25 2
11 -25 3
11 -24 -7
11 -24 -6
11 -24 -5
11 -24 -4
11 -24 4
11 -24 5
11 -24 6
11 -24 7
11 -23 -10
11 -23 -9
11 -23 -8
11 -23 8
11 -23 9
11 -23 10
11 -22 -12
11 -22 -11
11 -22 11
11 -22 12
11 -21 -13
11 -21 13
11 -20 -15
11 -20 -14
11 -20 14
11 -20 15
11 -19 -16
11 -19 16
11 -18 -17
11 -18 17
11 -17 -18
11 -17 18
11 -16 -19
11 -16 19
11 -15 -20
11 -15 20
11 -14 -20
11 -14 20
11 -13 -21
11 -13 21
11 -12 -22
11 -12 22
11 -11 -22
11 -11 22
11 -10 -23
11 -10 23
11 -9 -23
11 -9 23
11 -8 -23
11 -8 23
11 -7 -24
11 -7 24
11 -6 -24
11 -6 24
11 -5 -24
11 -5 24
11 -4 -24
11 -4 24
11 -3 -25
11 -3 25
11 -2 -25
11 -2 25
11 -1 -25
11 -1 25
11 0 -25
11 0 25
11 1 -25
11 1 25
11 2 -25
11 2 25
11 3 -25
11 3 25
11 4 -24
11 4 24
11 5 -24
11 5 24
11 6 -24
11 6 24
11 7 -24
11 7 24
11 8 -23
11 8 23
11 9 -23
11 9 23
11 10 -23
11 10 23
11 11 -22
11 11 22
11 12 -22
11 12 22
11 13 -21
11 13 21
11 14 -20
11 14 20
11 15 -20
11 15 20
11 16 -19
11 16 19
11 17 -18
11 17 18
11 18 -17
11 18 17
11 19 -16
11 19 16
11 20 -15
11 20 -14
11 20 14
11 20 15
11 21 -13
11 21 13
11 22 -12
11 22 -11
11 22 11
11 22 12
11 23 -10
11 23 -9
11 23 -8
11 23 8
11 23 9
11 23 10
11 24 -7
11 24 -6
11 24 -5
11 24 -4
11 24 4
11 24 5
11 24 6
11 24 7
11 25 -3
11 25 -2
11 25 -1
11 25 0
11 25 1
11 25 2
11 25 3
12 -24 -6
12 -24 -5
12 -24 -4
12 -24 -3
12 -24 -2
12 -24 -1
12 -24 0
12 -24 1
12 -24 2
12 -24 3
12 -24 4
12 -24 5
12 -24 6
12 -23 -9
12 -23 -8
12 -23 -7
12 -23 7
12 -23 8
12 -23 9
12 -22 -11
12 -22 -10
12 -22 10
12 -22 11
12 -21 -13
12 -21 -12
12 -21 12
12 -21 13
12 -20 -14
12 -20 14
12 -19 -15
12 -19 15
12 -18 -16
12 -18 16
12 -17 -17
12 -17 17
12 -16 -18
12 -16 18
12 -15 -19
12 -15 19
12 -14 -20
12 -14 20
12 -13 -21
12 -13 21
12 -12 -21
12 -12 21
12 -11 -22
12 -11 22
12 -10 -22
12 -10 22
12 -9 -23
12 -9 23
12 -8 -23
12 -8 23
12 -7 -23
12 -7 23
12 -6 -24
12 -6 24
12 -5 -24
12 -5 24
12 -4 -24
12 -4 24
12 -3 -24
12 -3 24
12 -2 -24
12 -2 24
12 -1 -24
12 -1 24
12 0 -24
12 0 24
12 1 -24
12 1 24
12 2 -24
12 2 24
12 3 -24
12 3 24
12 4 -24
12 4 24
12 5 -24
12 5 24
12 6 -24
12 6 24
12 7 -23
12 7 23
12 8 -23
12 8 23
12 9 -23
12 9 23
12 10 -22
12 10 22
12 11 -22
12 11 22
12 12 -21
12 12 21
12 13 -21
12 13 21
12 14 -20
12 14 20
12 15 -19
12 15 19
12 16 -18
12 16 18
12 17 -17
12 17 17
12 18 -16
12 18 16
12 19 -15
12 19 15
12 20 -14
12 20 14
12 21 -13
12 21 -12
12 21 12
12 21 13
12 22 -11
12 22 -10
12 22 10
12 22 11
12 23 -9
12 23 -8
12 23 -7
12 23 7
12 23 8
12 23 9
12 24 -6
12 24 -5
12 24 -4
12 24 -3
12 24 -2
12 24 -1
12 24 0
12 24 1
12 24 2
12 24 3
12 24 4
12 24 5
12 24 6
13 -24 -3
13 -24 -2
13 -24 -1
13 -24 0
13 -24 1
13 -24 2
13 -24 3
13 -23 -7
13 -23 -6
13 -23 -5
13 -23 -4
13 -23 4
13 -23 5
13 -23 6
13 -23 7
13 -22 -10
13 -22 -9
13 -22 -8
13 -22 8
13 -22 9
13 -22 10
13 -21 -12
13 -21 -11
13 -21 11
13 -21 12
13 -20 -13
13 -20 13
13 -19 -15
13 -19 -14
13 -19 14
13 -19 15
13 -18 -16
13 -18 16
13 -17 -17
13 -17 17
13 -16 -18
13 -16 18
13 -15 -19
13 -15 19
13 -14 -19
13 -14 19
13 -13 -20
13 -13 20
13 -12 -21
13 -12 21
13 -11 -21
13 -11 21
13 -10 -22
13 -10 22
13 -9 -22
13 -9 22
13 -8 -22
13 -8 22
13 -7 -23
13 -7 23
13 -6 -23
13 -6 23
13 -5 -23
13 -5 23
13 -4 -23
13 -4 23
13 -3 -24
13 -3 24
13 -2 -24
13 -2 24
13 -1 -24
13 -1 24
13 0 -24
13 0 24
13 1 -24
13 1 24
13 2 -24
13 2 24
13 3 -24
13 3 24
13 4 -23
13 4 23
13 5 -23
13 5 23
13 6 -23
13 6 23
13 7 -23
13 7 23
13 8 -22
13 8 22
13 9 -22
13 9 22
13 10 -22
13 10 22
13 11 -21
13 11 21
13 12 -21
13 12 21
13 13 -20
13 13 20
13 14 -19
13 14 19
13 15 -19
13 15 19
13 16 -18
13 16 18
13 17 -17
13 17 17
13 18 -16
13 18 16
13 19 -15
13 19 -14
13 19 14
13 19 15
13 20 -13
13 20 13
13 21 -12
13 21 -11
13 21 11
13 21 12
13 22 -10
13 22 -9
13 22 -8
13 22 8
13 22 9
13 22 10
13 23 -7
13 23 -6
13 23 -5
13 23 -4
13 23 4
13 23 5
13 23 6
13 23 7
13 24 -3
13 24 -2
13 24 -1
13 24 0
13 24 1
13 24 2
13 24 3
14 -23 -5
14 -23 -4
14 -23 -3
14 -23 -2
14 -23 -1
14 -23 0
14 -23 1
14 -23 2
14 -23 3
14 -23 4
14 -23 5
14 -22 -8
14 -22 -7
14 -22 -6
14 -22 6
14 -22 7
14 -22 8
14 -21 -10
14 -21 -9
14 -21 9
14 -21 10
14 -20 -12
14 -20 -11
14 -20 11
14 -20 12
14 -19 -14
14 -19 -13
14 -19 13
14 -19 14
14 -18 -15
14 -18 15
14 -17 -16
14 -17 16
14 -16 -17
14 -16 17
14 -15 -18
14 -15 18
14 -14 -19
14 -14 19
14 -13 -19
14 -13 19
14 -12 -20
14 -12 20
14 -11 -20
14 -11 20
14 -10 -21
14 -10 21
14 -9 -21
14 -9 21
14 -8 -22
14 -8 22
14 -7 -22
14 -7 22
14 -6 -22
14 -6 22
14 -5 -23
14 -5 23
14 -4 -23
14 -4 23
14 -3 -23
14 -3 23
14 -2 -23
14 -2 23
14 -1 -23
14 -1 23
14 0 -23
14 0 23
14 1 -23
14 1 23
14 2 -23
14 2 23
14 3 -23
14 3 23
14 4 -23
14 4 23
14 5 -23
14 5 23
14 6 -22
14 6 22
14 7 -22
14 7 22
14 8 -22
14 8 22
14 9 -21
14 9 21
14 10 -21
14 10 21
14 11 -20
14 11 20
14 12 -20
14 12 20
14 13 -19
14 13 19
14 14 -19
14 14 19
14 15 -18
14 15 18
14 16 -17
14 16 17
14 17 -16
14 17 16
14 18 -15
14 18 15
14 19 -14
14 19 -13
14 19 13
14 19 14
14 20 -12
14 20 -11
14 20 11
14 20 12
14 21 -10
14 21 -9
14 21 9
14 21 10
14 22 -8
14 22 -7
14 22 -6
14 22 6
14 22 7
14 22 8
14 23 -5
14 23 -4
14 23 -3
14 23 -2
14 23 -1
14 23 0
14 23 1
14 23 2
14 23 3
14 23 4
14 23 5
15 -23 -1
15 -23 0
15 -23 1
15 -22 -6
15 -22 -5
15 -22 -4
15 -22 -3
15 -22 -2
15 -22 2
15 -22 3
15 -22 4
15 -22 5
15 -22 6
15 -21 -9
15 -21 -8
15 -21 -7
15 -21 7
15 -21 8
15 -21 9
15 -20 -11
15 -20 -10
15 -20 10
15 -20 11
15 -19 -13
15 -19 -12
15 -19 12
15 -19 13
15 -18 -14
15 -18 14
15 -17 -15
15 -17 15
15 -16 -16
15 -16 16
15 -15 -17
15 -15 17
15 -14 -18
15 -14 18
15 -13 -19
15 -13 19
15 -12 -19
15 -12 19
15 -11 -20
15 -11 20
15 -10 -20
15 -10 20
15 -9 -21
15 -9 21
15 -8 -21
15 -8 21
15 -7 -21
15 -7 21
15 -6 -22
15 -6 22
15 -5 -22
15 -5 22
15 -4 -22
15 -4 22
15 -3 -22
15 -3 22
15 -2 -22
15 -2 22
15 -1 -23
15 -1 23
15 0 -23
15 0 23
15 1 -23
15 1 23
15 2 -22
15 2 22
15 3 -22
15 3 22
15 4 -22
15 4 22
15 5 -22
15 5 22
15 6 -22
15 6 22
15 7 -21
15 7 21
15 8 -21
15 8 21
15 9 -21
15 9 21
15 10 -20
15 10 20
15 11 -20
15 11 20
15 12 -19
15 12 19
15 13 -19
15 13 19
15 14 -18
15 14 18
15 15 -17
15 15 17
15 16 -16
15 16 16
15 17 -15
15 17 15
15 18 -14
15 18 14
15 19 -13
15 19 -12
15 19 12
15 19 13
15 20 -11
15 20 -10
15 20 10
15 20 11
15 21 -9
15 21 -8
15 21 -7
15 21 7
15 21 8
15 21 9
15 22 -6
15 22 -5
15 22 -4
15 22 -3
15 22 -2
15 22 2
15 22 3
15 22 4
15 22 5
15 22 6
15 23 -1
15 23 0
15 23 1
16 -22 -4
16 -22 -3
16 -22 -2
16 -22 -1
16 -22 0
16 -22 1
16 -22 2
16 -22 3
16 -22 4
16 -21 -7
16 -21 -6
16 -21 -5
16 -21 5
16 -21 6
16 -21 7
16 -20 -10
16 -20 -9
16 -20 -8
16 -20 8
16 -20 9
16 -20 10
16 -19 -11
16 -19 11
16 -18 -13
16 -18 -12
16 -18 12
16 -18 13
16 -17 -14
16 -17 14
16 -16 -15
16 -16 15
16 -15 -16
16 -15 16
16 -14 -17
16 -14 17
16 -13 -18
16 -13 18
16 -12 -18
16 -12 18
16 -11 -19
16 -11 19
16 -10 -20
16 -10 20
16 -9 -20
16 -9 20
16 -8 -20
16 -8 20
16 -7 -21
16 -7 21
16 -6 -21
16 -6 21
16 -5 -21
16 -5 21
16 -4 -22
16 -4 22
16 -3 -22
16 -3 22
16 -2 -22
16 -2 22
16 -1 -22
16 -1 22
16 0 -22
16 0 22
16 1 -22
16 1 22
16 2 -22
16 2 22
16 3 -22
16 3 22
16 4 -22
16 4 22
16 5 -21
16 5 21
16 6 -21
16 6 21
16 7 -21
16 7 21
16 8 -20
16 8 20
16 9 -20
16 9 20
16 10 -20
16 10 20
16 11 -19
16 11 19
16 12 -18
16 12 18
16 13 -18
16 13 18
16 14 -17
16 14 17
16 15 -16
16 15 16
16 16 -15
16 16 15
16 17 -14
16 17 14
16 18 -13
16 18 -12
16 18 12
16 18 13
16 19 -11
16 19 11
16 20 -10
16 20 -9
16 20 -8
16 20 8
16 20 9
16 20 10
16 21 -7
16 21 -6
16 21 -5
16 21 5
16 21 6
16 21 7
16 22 -4
16 22 -3
16 22 -2
16 22 -1
16 22 0
16 22 1
16 22 2
16 22 3
16 22 4
17 -21 -5
17 -21 -4
17 -21 -3
17 -21 -2
17 -21 -1
17 -21 0
17 -21 1
17 -21 2
17 -21 3
17 -21 4
17 -21 5
17 -20 -8
17 -20 -7
17 -20 -6
17 -20 6
17 -20 7
17 -20 8
17 -19 -10
17 -19 -9
17 -19 9
17 -19 10
17 -18 -11
17 -18 11
17 -17 -13
17 -17 -12
17 -17 12
17 -17 13
17 -16 -14
17 -16 14
17 -15 -15
17 -15 15
17 -14 -16
17 -14 16
17 -13 -17
17 -13 17
17 -12 -17
17 -12 17
17 -11 -18
17 -11 18
17 -10 -19
17 -10 19
17 -9 -19
17 -9 19
17 -8 -20
17 -8 20
17 -7 -20
17 -7 20
17 -6 -20
17 -6 20
17 -5 -21
17 -5 21
17 -4 -21
17 -4 21
17 -3 -21
17 -3 21
17 -2 -21
17 -2 21
17 -1 -21
17 -1 21
17 0 -21
17 0 21
17 1 -21
17 1 21
17 2 -21
17 2 21
17 3 -21
17 3 21
17 4 -21
17 4 21
17 5 -21
17 5 21
17 6 -20
17 6 20
17 7 -20
17 7 20
17 8 -20
17 8 20
17 9 -19
17 9 19
17 10 -19
17 10 19
17 11 -18
17 11 18
17 12 -17
17 12 17
17 13 -17
17 13 17
17 14 -16
17 14 16
17 15 -15
17 15 15
17 16 -14
17 16 14
17 17 -13
17 17 -12
17 17 12
17 17 13
17 18 -11
17 18 11
17 19 -10
17 19 -9
17 19 9
17 19 10
17 20 -8
17 20 -7
17 20 -6
17 20 6
17 20 7
17 20 8
17 21 -5
17 21 -4
17 21 -3
17 21 -2
17 21 -1
17 21 0
17 21 1
17 21 2
17 21 3
17 21 4
17 21 5
18 -20 -5
18 -20 -4
18 -20 -3
18 -20 -2
18 -20 -1
18 -20 0
18 -20 1
18 -20 2
18 -20 3
18 -20 4
18 -20 5
18 -19 -8
18 -19 -7
18 -19 -6
18 -19 6
18 -19 7
18 -19 8
18 -18 -10
18 -18 -9
18 -18 9
18 -18 10
18 -17 -11
18 -17 11
18 -16 -13
18 -16 -12
18 -16 12
18 -16 13
18 -15 -14
18 -15 14
18 -14 -15
18 -14 15
18 -13 -16
18 -13 16
18 -12 -16
18 -12 16
18 -11 -17
18 -11 17
18 -10 -18
18 -10 18
18 -9 -18
18 -9 18
18 -8 -19
18 -8 19
18 -7 -19
18 -7 19
18 -6 -19
18 -6 19
18 -5 -20
18 -5 20
18 -4 -20
18 -4 20
18 -3 -20
18 -3 20
18 -2 -20
18 -2 20
18 -1 -20
18 -1 20
18 0 -20
18 0 20
18 1 -20
18 1 20
18 2 -20
18 2 20
18 3 -20
18 3 20
18 4 -20
18 4 20
18 5 -20
18 5 20
18 6 -19
18 6 19
18 7 -19
18 7 19
18 8 -19
18 8 19
18 9 -18
18 9 18
18 10 -18
18 10 18
18 11 -17
18 11 17
18 12 -16
18 12 16
18 13 -16
18 13 16
18 14 -15
18 14 15
18 15 -14
18 15 14
18 16 -13
18 16 -12
18 16 12
18 16 13
18 17 -11
18 17 11
18 18 -10
18 18 -9
18 18 9
18 18 10
18 19 -8
18 19 -7
18 19 -6
18 19 6
18 19 7
18 19 8
18 20 -5
18 20 -4
18 20 -3
18 20 -2
18 20 -1
18 20 0
18 20 1
18 20 2
18 20 3
18 20 4
18 20 5
19 -19 -5
19 -19 -4
19 -19 -3
19 -19 -2
19 -19 -1
19 -19 0
19 -19 1
19 -19 2
19 -19 3
19 -19 4
19 -19 5
19 -18 -8
19 -18 -7
19 -18 -6
19 -18 6
19 -18 7
19 -18 8
19 -17 -10
19 -17 -9
19 -17 9
19 -17 10
19 -16 -11
19 -16 11
19 -15 -13
19 -15 -12
19 -15 12
19 -15 13
19 -14 -14
19 -14 -13
19 -14 13
19 -14 14
19 -13 -15
19 -13 -14
19 -13 14
19 -13 15
19 -12 -15
19 -12 15
19 -11 -16
19 -11 16
19 -10 -17
19 -10 17
19 -9 -17
19 -9 17
19 -8 -18
19 -8 18
19 -7 -18
19 -7 18
19 -6 -18
19 -6 18
19 -5 -19
19 -5 19
19 -4 -19
19 -4 19
19 -3 -19
19 -3 19
19 -2 -19
19 -2 19
19 -1 -19
19 -1 19
19 0 -19
19 0 19
19 1 -19
19 1 19
19 2 -19
19 2 19
19 3 -19
19 3 19
19 4 -19
19 4 19
19 5 -19
19 5 19
19 6 -18
19 6 18
19 7 -18
19 7 18
19 8 -18
19 8 18
19 9 -17
19 9 17
19 10 -17
19 10 17
19 11 -16
19 11 16
19 12 -15
19 12 15
19 13 -15
19 13 -14
19 13 14
19 13 15
19 14 -14
19 14 -13
19 14 13
19 14 14
19 15 -13
19 15 -12
19 15 12
19 15 13
19 16 -11
19 16 11
19 17 -10
19 17 -9
19 17 9
19 17 10
19 18 -8
19 18 -7
19 18 -6
19 18 6
19 18 7
19 18 8
19 19 -5
19 19 -4
19 19 -3
19 19 -2
19 19 -1
19 19 0
19 19 1
19 19 2
19 19 3
19 19 4
19 19 5
20 -18 -5
20 -18 -4
20 -18 -3
20 -18 -2
20 -18 -1
20 -18 0
20 -18 1
20 -18 2
20 -18 3
20 -18 4
20 -18 5
20 -17 -8
20 -17 -7
20 -17 -6
20 -17 6
20 -17 7
20 -17 8
20 -16 -10
20 -16 -9
20 -16 -8
20 -16 8
20 -16 9
20 -16 10
20 -15 -11
20 -15 -10
20 -15 10
20 -15 11
20 -14 -12
20 -14 -11
20 -14 11
20 -14 12
20 -13 -13
20 -13 13
20 -12 -14
20 -12 14
20 -11 -15
20 -11 -14
20 -11 14
20 -11 15
20 -10 -16
20 -10 -15
20 -10 15
20 -10 16
20 -9 -16
20 -9 16
20 -8 -17
20 -8 -16
20 -8 16
20 -8 17
20 -7 -17
20 -7 17
20 -6 -17
20 -6 17
20 -5 -18
20 -5 18
20 -4 -18
20 -4 18
20 -3 -18
20 -3 18
20 -2 -18
20 -2 18
20 -1 -18
20 -1 18
20 0 -18
20 0 18
20 1 -18
20 1 18
20 2 -18
20 2 18
20 3 -18
20 3 18
20 4 -18
20 4 18
20 5 -18
20 5 18
20 6 -17
20 6 17
20 7 -17
20 7 17
20 8 -17
20 8 -16
20 8 16
20 8 17
20 9 -16
20 9 16
20 10 -16
20 10 -15
20 10 15
20 10 16
20 11 -15
20 11 -14
20 11 14
20 11 15
20 12 -14
20 12 14
20 13 -13
20 13 13
20 14 -12
20 14 -11
20 14 11
20 14 12
20 15 -11
20 15 -10
20 15 10
20 15 11
20 16 -10
20 16 -9
20 16 -8
20 16 8
20 16 9
20 16 10
20 17 -8
20 17 -7
20 17 -6
20 17 6
20 17 7
20 17 8
20 18 -5
20 18 -4
20 18 -3
20 18 -2
20 18 -1
20 18 0
20 18 1
20 18 2
20 18 3
20 18 4
20 18 5
21 -17 -5
21 -17 -4
21 -17 -3
21 -17 -2
21 -17 -1
21 -17 0
21 -17 1
21 -17 2
21 -17 3
21 -17 4
21 -17 5
21 -16 -7
21 -16 -6
21 -16 -5
21 -16 5
21 -16 6
21 -16 7
21 -15 -9
21 -15 -8
21 -15 -7
21 -15 7
21 -15 8
21 -15 9
21 -14 -10
21 -14 -9
21 -14 9
21 -14 10
21 -13 -12
21 -13 -11
21 -13 11
21 -13 12
21 -12 -13
21 -12 -12
21 -12 12
21 -12 13
21 -11 -13
21 -11 13
21 -10 -14
21 -10 14
21 -9 -15
21 -9 -14
21 -9 14
21 -9 15
21 -8 -15
21 -8 15
21 -7 -16
21 -7 -15
21 -7 15
21 -7 16
21 -6 -16
21 -6 16
21 -5 -17
21 -5 -16
21 -5 16
21 -5 17
21 -4 -17
21 -4 17
21 -3 -17
21 -3 17
21 -2 -17
21 -2 17
21 -1 -17
21 -1 17
21 0 -17
21 0 17
21 1 -17
21 1 17
21 2 -17
21 2 17
21 3 -17
21 3 17
21 4 -17
21 4 17
21 5 -17
21 5 -16
21 5 16
21 5 17
21 6 -16
21 6 16
21 7 -16
21 7 -15
21 7 15
21 7 16
21 8 -15
21 8 15
21 9 -15
21 9 -14
21 9 14
21 9 15
21 10 -14
21 10 14
21 11 -13
21 11 13
21 12 -13
21 12 -12
21 12 12
21 12 13
21 13 -12
21 13 -11
21 13 11
21 13 12
21 14 -10
21 14 -9
21 14 9
21 14 10
21 15 -9
21 15 -8
21 15 -7
21 15 7
21 15 8
21 15 9
21 16 -7
21 16 -6
21 16 -5
21 16 5
21 16 6
21 16 7
21 17 -5
21 17 -4
21 17 -3
21 17 -2
21 17 -1
21 17 0
21 17 1
21 17 2
21 17 3
21 17 4
21 17 5
22 -16 -4
22 -16 -3
22 -16 -2
22 -16 -1
22 -16 0
22 -16 1
22 -16 2
22 -16 3
22 -16 4
22 -15 -6
22 -15 -5
22 -15 -4
22 -15 -3
22 -15 -2
22 -15 2
22 -15 3
22 -15 4
22 -15 5
22 -15 6
22 -14 -8
22 -14 -7
22 -14 -6
22 -14 6
22 -14 7
22 -14 8
22 -13 -10
22 -13 -9
22 -13 -8
22 -13 8
22 -13 9
22 -13 10
22 -12 -11
22 -12 -10
22 -12 10
22 -12 11
22 -11 -12
22 -11 -11
22 -11 11
22 -11 12
22 -10 -13
22 -10 -12
22 -10 12
22 -10 13
22 -9 -13
22 -9 13
22 -8 -14
22 -8 -13
22 -8 13
22 -8 14
22 -7 -14
22 -7 14
22 -6 -15
22 -6 -14
22 -6 14
22 -6 15
22 -5 -15
22 -5 15
22 -4 -16
22 -4 -15
22 -4 15
22 -4 16
22 -3 -16
22 -3 -15
22 -3 15
22 -3 16
22 -2 -16
22 -2 -15
22 -2 15
22 -2 16
22 -1 -16
22 -1 16
22 0 -16
22 0 16
22 1 -16
22 1 16
22 2 -16
22 2 -15
22 2 15
22 2 16
22 3 -16
22 3 -15
22 3 15
22 3 16
22 4 -16
22 4 -15
22 4 15
22 4 16
22 5 -15
22 5 15
22 6 -15
22 6 -14
22 6 14
22 6 15
22 7 -14
22 7 14
22 8 -14
22 8 -13
22 8 13
22 8 14
22 9 -13
22 9 13
22 10 -13
22 10 -12
22 10 12
22 10 13
22 11 -12
22 11 -11
22 11 11
22 11 12
22 12 -11
22 12 -10
22 12 10
22 12 11
22 13 -10
22 13 -9
22 13 -8
22 13 8
22 13 9
22 13 10
22 14 -8
22 14 -7
22 14 -6
22 14 6
22 14 7
22 14 8
22 15 -6
22 15 -5
22 15 -4
22 15 -3
22 15 -2
22 15 2
22 15 3
22 15 4
22 15 5
22 15 6
22 16 -4
22 16 -3
22 16 -2
22 16 -1
22 16 0
22 16 1
22 16 2
22 16 3
22 16 4
23 -15 -1
23 -15 0
23 -15 1
23 -14 -5
23 -14 -4
23 -14 -3
23 -14 -2
23 -14 -1
23 -14 0
23 -14 1
23 -14 2
23 -14 3
23 -14 4
23 -14 5
23 -13 -7
23 -13 -6
23 -13 -5
23 -13 -4
23 -13 4
23 -13 5
23 -13 6
23 -13 7
23 -12 -9
23 -12 -8
23 -12 -7
23 -12 7
23 -12 8
23 -12 9
23 -11 -10
23 -11 -9
23 -11 -8
23 -11 8
23 -11 9
23 -11 10
23 -10 -11
23 -10 -10
23 -10 -9
23 -10 9
23 -10 10
23 -10 11
23 -9 -12
23 -9 -11
23 -9 -10
23 -9 10
23 -9 11
23 -9 12
23 -8 -12
23 -8 -11
23 -8 11
23 -8 12
23 -7 -13
23 -7 -12
23 -7 12
23 -7 13
23 -6 -13
23 -6 13
23 -5 -14
23 -5 -13
23 -5 13
23 -5 14
23 -4 -14
23 -4 -13
23 -4 13
23 -4 14
23 -3 -14
23 -3 14
23 -2 -14
23 -2 14
23 -1 -15
23 -1 -14
23 -1 14
23 -1 15
23 0 -15
23 0 -14
23 0 14
23 0 15
23 1 -15
23 1 -14
23 1 14
23 1 15
23 2 -14
23 2 14
23 3 -14
23 3 14
23 4 -14
23 4 -13
23 4 13
23 4 14
23 5 -14
23 5 -13
23 5 13
23 5 14
23 6 -13
23 6 13
23 7 -13
23 7 -12
23 7 12
23 7 13
23 8 -12
23 8 -11
23 8 11
23 8 12
23 9 -12
23 9 -11
23 9 -10
23 9 10
23 9 11
23 9 12
23 10 -11
23 10 -10
23 10 -9
23 10 9
23 10 10
23 10 11
23 11 -10
23 11 -9
23 11 -8
23 11 8
23 11 9
23 11 10
23 12 -9
23 12 -8
23 12 -7
23 12 7
23 12 8
23 12 9
23 13 -7
23 13 -6
23 13 -5
23 13 -4
23 13 4
23 13 5
23 13 6
23 13 7
23 14 -5
23 14 -4
23 14 -3
23 14 -2
23 14 -1
23 14 0
23 14 1
23 14 2
23 14 3
23 14 4
23 14 5
23 15 -1
23 15 0
23 15 1
24 -13 -3
24 -13 -2
24 -13 -1
24 -13 0
24 -13 1
24 -13 2
24 -13 3
24 -12 -6
24 -12 -5
24 -12 -4
24 -12 -3
24 -12 -2
24 -12 -1
24 -12 0
24 -12 1
24 -12 2
24 -12 3
24 -12 4
24 -12 5
24 -12 6
24 -11 -7
24 -11 -6
24 -11 -5
24 -11 -4
24 -11 4
24 -11 5
24 -11 6
24 -11 7
24 -10 -8
24 -10 -7
24 -10 -6
24 -10 6
24 -10 7
24 -10 8
24 -9 -9
24 -9 -8
24 -9 8
24 -9 9
24 -8 -10
24 -8 -9
24 -8 9
24 -8 10
24 -7 -11
24 -7 -10
24 -7 10
24 -7 11
24 -6 -12
24 -6 -11
24 -6 -10
24 -6 10
24 -6 11
24 -6 12
24 -5 -12
24 -5 -11
24 -5 11
24 -5 12
24 -4 -12
24 -4 -11
24 -4 11
24 -4 12
24 -3 -13
24 -3 -12
24 -3 12
24 -3 13
24 -2 -13
24 -2 -12
24 -2 12
24 -2 13
24 -1 -13
24 -1 -12
24 -1 12
24 -1 13
24 0 -13
24 0 -12
24 0 12
24 0 13
24 1 -13
24 1 -12
24 1 12
24 1 13
24 2 -13
24 2 -12
24 2 12
24 2 13
24 3 -13
24 3 -12
24 3 12
24 3 13
24 4 -12
24 4 -11
24 4 11
24 4 12
24 5 -12
24 5 -11
24 5 11
24 5 12
24 6 -12
24 6 -11
24 6 -10
24 6 10
24 6 11
24 6 12
24 7 -11
24 7 -10
24 7 10
24 7 11
24 8 -10
24 8 -9
24 8 9
24 8 10
24 9 -9
24 9 -8
24 9 8
24 9 9
24 10 -8
24 10 -7
24 10 -6
24 10 6
24 10 7
24 10 8
24 11 -7
24 11 -6
24 11 -5
24 11 -4
24 11 4
24 11 5
24 11 6
24 11 7
24 12 -6
24 12 -5
24 12 -4
24 12 -3
24 12 -2
24 12 -1
24 12 0
24 12 1
24 12 2
24 12 3
24 12 4
24 12 5
24 12 6
24 13 -3
24 13 -2
24 13 -1
24 13 0
24 13 1
24 13 2
24 13 3
25 -11 -3
25 -11 -2
25 -11 -1
25 -11 0
25 -11 1
25 -11 2
25 -11 3
25 -10 -5
25 -10 -4
25 -10 -3
25 -10 -2
25 -10 -1
25 -10 0
25 -10 1
25 -10 2
25 -10 3
25 -10 4
25 -10 5
25 -9 -7
25 -9 -6
25 -9 -5
25 -9 -4
25 -9 -3
25 -9 -2
25 -9 -1
25 -9 0
25 -9 1
25 -9 2
25 -9 3
25 -9 4
25 -9 5
25 -9 6
25 -9 7
25 -8 -8
25 -8 -7
25 -8 -6
25 -8 -5
25 -8 5
25 -8 6
25 -8 7
25 -8 8
25 -7 -9
25 -7 -8
25 -7 -7
25 -7 -6
25 -7 6
25 -7 7
25 -7 8
25 -7 9
25 -6 -9
25 -6 -8
25 -6 -7
25 -6 7
25 -6 8
25 -6 9
25 -5 -10
25 -5 -9
25 -5 -8
25 -5 8
25 -5 9
25 -5 10
25 -4 -10
25 -4 -9
25 -4 9
25 -4 10
25 -3 -11
25 -3 -10
25 -3 -9
25 -3 9
25 -3 10
25 -3 11
25 -2 -11
25 -2 -10
25 -2 -9
25 -2 9
25 -2 10
25 -2 11
25 -1 -11
25 -1 -10
25 -1 -9
25 -1 9
25 -1 10
25 -1 11
25 0 -11
25 0 -10
25 0 -9
25 0 9
25 0 10
25 0 11
25 1 -11
25 1 -10
25 1 -9
25 1 9
25 1 10
25 1 11
25 2 -11
25 2 -10
25 2 -9
25 2 9
25 2 10
25 2 11
25 3 -11
25 3 -10
25 3 -9
25 3 9
25 3 10
25 3 11
25 4 -10
25 4 -9
25 4 9
25 4 10
25 5 -10
25 5 -9
25 5 -8
25 5 8
25 5 9
25 5 10
25 6 -9
25 6 -8
25 6 -7
25 6 7
25 6 8
25 6 9
25 7 -9
25 7 -8
25 7 -7
25 7 -6
25 7 6
25 7 7
25 7 8
25 7 9
25 8 -8
25 8 -7
25 8 -6
25 8 -5
25 8 5
25 8 6
25 8 7
25 8 8
25 9 -7
25 9 -6
25 9 -5
25 9 -4
25 9 -3
25 9 -2
25 9 -1
25 9 0
25 9 1
25 9 2
25 9 3
25 9 4
25 9 5
25 9 6
25 9 7
25 10 -5
25 10 -4
25 10 -3
25 10 -2
25 10 -1
25 10 0
25 10 1
25 10 2
25 10 3
25 10 4
25 10 5
25 11 -3
25 11 -2
25 11 -1
25 11 0
25 11 1
25 11 2
25 11 3
26 -8 -4
26 -8 -3
26 -8 -2
26 -8 -1
26 -8 0
26 -8 1
26 -8 2
26 -8 3
26 -8 4
26 -7 -5
26 -7 -4
26 -7 -3
26 -7 -2
26 -7 -1
26 -7 0
26 -7 1
26 -7 2
26 -7 3
26 -7 4
26 -7 5
26 -6 -6
26 -6 -5
26 -6 -4
26 -6 -3
26 -6 -2
26 -6 -1
26 -6 0
26 -6 1
26 -6 2
26 -6 3
26 -6 4
26 -6 5
26 -6 6
26 -5 -7
26 -5 -6
26 -5 -5
26 -5 -4
26 -5 -3
26 -5 -2
26 -5 2
26 -5 3
26 -5 4
26 -5 5
26 -5 6
26 -5 7
26 -4 -8
26 -4 -7
26 -4 -6
26 -4 -5
26 -4 -4
26 -4 4
26 -4 5
26 -4 6
26 -4 7
26 -4 8
26 -3 -8
26 -3 -7
26 -3 -6
26 -3 -5
26 -3 5
26 -3 6
26 -3 7
26 -3 8
26 -2 -8
26 -2 -7
26 -2 -6
26 -2 -5
26 -2 5
26 -2 6
26 -2 7
26 -2 8
26 -1 -8
26 -1 -7
26 -1 -6
26 -1 6
26 -1 7
26 -1 8
26 0 -8
26 0 -7
26 0 -6
26 0 6
26 0 7
26 0 8
26 1 -8
26 1 -7
26 1 -6
26 1 6
26 1 7
26 1 8
26 2 -8
26 2 -7
26 2 -6
26 2 -5
26 2 5
26 2 6
26 2 7
26 2 8
26 3 -8
26 3 -7
26 3 -6
26 3 -5
26 3 5
26 3 6
26 3 7
26 3 8
26 4 -8
26 4 -7
26 4 -6
26 4 -5
26 4 -4
26 4 4
26 4 5
26 4 6
26 4 7
26 4 8
26 5 -7
26 5 -6
26 5 -5
26 5 -4
26 5 -3
26 5 -2
26 5 2
26 5 3
26 5 4
26 5 5
26 5 6
26 5 7
26 6 -6
26 6 -5
26 6 -4
26 6 -3
26 6 -2
26 6 -1
26 6 0
26 6 1
26 6 2
26 6 3
26 6 4
26 6 5
26 6 6
26 7 -5
26 7 -4
26 7 -3
26 7 -2
26 7 -1
26 7 0
26 7 1
26 7 2
26 7 3
26 7 4
26 7 5
26 8 -4
26 8 -3
26 8 -2
26 8 -1
26 8 0
26 8 1
26 8 2
26 8 3
26 8 4
27 -5 -1
27 -5 0
27 -5 1
27 -4 -3
27 -4 -2
27 -4 -1
27 -4 0
27 -4 1
27 -4 2
27 -4 3
27 -3 -4
27 -3 -3
27 -3 -2
27 -3 -1
27 -3 0
27 -3 1
27 -3 2
27 -3 3
27 -3 4
27 -2 -4
27 -2 -3
27 -2 -2
27 -2 -1
27 -2 0
27 -2 1
27 -2 2
27 -2 3
27 -2 4
27 -1 -5
27 -1 -4
27 -1 -3
27 -1 -2
27 -1 -1
27 -1 0
27 -1 1
27 -1 2
27 -1 3
27 -1 4
27 -1 5
27 0 -5
27 0 -4
27 0 -3
27 0 -2
27 0 -1
27 0 0
27 0 1
27 0 2
27 0 3
27 0 4
27 0 5
27 1 -5
27 1 -4
27 1 -3
27 1 -2
27 1 -1
27 1 0
27 1 1
27 1 2
27 1 3
27 1 4
27 1 5
27 2 -4
27 2 -3
27 2 -2
27 2 -1
27 2 0
27 2 1
27 2 2
27 2 3
27 2 4
27 3 -4
27 3 -3
27 3 -2
27 3 -1
27 3 0
27 3 1
27 3 2
27 3 3
27 3 4
27 4 -3
27 4 -2
27 4 -1
27 4 0
27 4 1
27 4 2
27 4 3
27 5 -1
27 5 0
27 5 1
