-25 -5 0
-25 -4 -3
-25 -4 -2
-25 -4 -1
-25 -4 0
-25 -4 1
-25 -4 2
-25 -4 3
-25 -3 -4
-25 -3 -3
-25 -3 -2
-25 -3 -1
-25 -3 0
-25 -3 1
-25 -3 2
-25 -3 3
-25 -3 4
-25 -2 -4
-25 -2 -3
-25 -2 -2
-25 -2 -1
-25 -2 0
-25 -2 1
-25 -2 2
-25 -2 3
-25 -2 4
-25 -1 -4
-25 -1 -3
-25 -1 -2
-25 -1 -1
-25 -1 0
-25 -1 1
-25 -1 2
-25 -1 3
-25 -1 4
-25 0 -5
-25 0 -4
-25 0 -3
-25 0 -2
-25 0 -1
-25 0 0
-25 0 1
-25 0 2
-25 0 3
-25 0 4
-25 0 5
-25 1 -4
-25 1 -3
-25 1 -2
-25 1 -1
-25 1 0
-25 1 1
-25 1 2
-25 1 3
-25 1 4
-25 2 -4
-25 2 -3
-25 2 -2
-25 2 -1
-25 2 0
-25 2 1
-25 2 2
-25 2 3
-25 2 4
-25 3 -4
-25 3 -3
-25 3 -2
-25 3 -1
-25 3 0
-25 3 1
-25 3 2
-25 3 3
-25 3 4
-25 4 -3
-25 4 -2
-25 4 -1
-25 4 0
-25 4 1
-25 4 2
-25 4 3
-25 5 0
-24 -8 -3
-24 -8 -2
-24 -8 -1
-24 -8 0
-24 -8 1
-24 -8 2
-24 -8 3
-24 -7 -5
-24 -7 -4
-24 -7 -3
-24 -7 -2
-24 -7 -1
-24 -7 0
-24 -7 1
-24 -7 2
-24 -7 3
-24 -7 4
-24 -7 5
-24 -6 -6
-24 -6 -5
-24 -6 -4
-24 -6 -3
-24 -6 -2
-24 -6 -1
-24 -6 0
-24 -6 1
-24 -6 2
-24 -6 3
-24 -6 4
-24 -6 5
-24 -6 6
-24 -5 -7
-24 -5 -6
-24 -5 -5
-24 -5 -4
-24 -5 -3
-24 -5 -2
-24 -5 -1
-24 -5 1
-24 -5 2
-24 -5 3
-24 -5 4
-24 -5 5
-24 -5 6
-24 -5 7
-24 -4 -7
-24 -4 -6
-24 -4 -5
-24 -4 -4
-24 -4 4
-24 -4 5
-24 -4 6
-24 -4 7
-24 -3 -8
-24 -3 -7
-24 -3 -6
-24 -3 -5
-24 -3 5
-24 -3 6
-24 -3 7
-24 -3 8
-24 -2 -8
-24 -2 -7
-24 -2 -6
-24 -2 -5
-24 -2 5
-24 -2 6
-24 -2 7
-24 -2 8
-24 -1 -8
-24 -1 -7
-24 -1 -6
-24 -1 -5
-24 -1 5
-24 -1 6
-24 -1 7
-24 -1 8
-24 0 -8
-24 0 -7
-24 0 -6
-24 0 6
-24 0 7
-24 0 8
-24 1 -8
-24 1 -7
-24 1 -6
-24 1 -5
-24 1 5
-24 1 6
-24 1 7
-24 1 8
-24 2 -8
-24 2 -7
-24 2 -6
-24 2 -5
-24 2 5
-24 2 6
-24 2 7
-24 2 8
-24 3 -8
-24 3 -7
-24 3 -6
-24 3 -5
-24 3 5
-24 3 6
-24 3 7
-24 3 8
-24 4 -7
-24 4 -6
-24 4 -5
-24 4 -4
-24 4 4
-24 4 5
-24 4 6
-24 4 7
-24 5 -7
-24 5 -6
-24 5 -5
-24 5 -4
-24 5 -3
-24 5 -2
-24 5 -1
-24 5 1
-24 5 2
-24 5 3
-24 5 4
-24 5 5
-24 5 6
-24 5 7
-24 6 -6
-24 6 -5
-24 6 -4
-24 6 -3
-24 6 -2
-24 6 -1
-24 6 0
-24 6 1
-24 6 2
-24 6 3
-24 6 4
-24 6 5
-24 6 6
-24 7 -5
-24 7 -4
-24 7 -3
-24 7 -2
-24 7 -1
-24 7 0
-24 7 1
-24 7 2
-24 7 3
-24 7 4
-24 7 5
-24 8 -3
-24 8 -2
-24 8 -1
-24 8 0
-24 8 1
-24 8 2
-24 8 3
-23 -11 0
-23 -10 -4
-23 -10 -3
-23 -10 -2
-23 -10 -1
-23 -10 0
-23 -10 1
-23 -10 2
-23 -10 3
-23 -10 4
-23 -9 -6
-23 -9 -5
-23 -9 -4
-23 -9 -3
-23 -9 -2
-23 -9 -1
-23 -9 0
-23 -9 1
-23 -9 2
-23 -9 3
-23 -9 4
-23 -9 5
-23 -9 6
-23 -8 -7
-23 -8 -6
-23 -8 -5
-23 -8 -4
-23 -8 4
-23 -8 5
-23 -8 6
-23 -8 7
-23 -7 -8
-23 -7 -7
-23 -7 -6
-23 -7 6
-23 -7 7
-23 -7 8
-23 -6 -9
-23 -6 -8
-23 -6 -7
-23 -6 7
-23 -6 8
-23 -6 9
-23 -5 -9
-23 -5 -8
-23 -5 8
-23 -5 9
-23 -4 -10
-23 -4 -9
-23 -4 -8
-23 -4 8
-23 -4 9
-23 -4 10
-23 -3 -10
-23 -3 -9
-23 -3 9
-23 -3 10
-23 -2 -10
-23 -2 -9
-23 -2 9
-23 -2 10
-23 -1 -10
-23 -1 -9
-23 -1 9
-23 -1 10
-23 0 -11
-23 0 -10
-23 0 -9
-23 0 9
-23 0 10
-23 0 11
-23 1 -10
-23 1 -9
-23 1 9
-23 1 10
-23 2 -10
-23 2 -9
-23 2 9
-23 2 10
-23 3 -10
-23 3 -9
-23 3 9
-23 3 10
-23 4 -10
-23 4 -9
-23 4 -8
-23 4 8
-23 4 9
-23 4 10
-23 5 -9
-23 5 -8
-23 5 8
-23 5 9
-23 6 -9
-23 6 -8
-23 6 -7
-23 6 7
-23 6 8
-23 6 9
-23 7 -8
-23 7 -7
-23 7 -6
-23 7 6
-23 7 7
-23 7 8
-23 8 -7
-23 8 -6
-23 8 -5
-23 8 -4
-23 8 4
-23 8 5
-23 8 6
-23 8 7
-23 9 -6
-23 9 -5
-23 9 -4
-23 9 -3
-23 9 -2
-23 9 -1
-23 9 0
-23 9 1
-23 9 2
-23 9 3
-23 9 4
-23 9 5
-23 9 6
-23 10 -4
-23 10 -3
-23 10 -2
-23 10 -1
-23 10 0
-23 10 1
-23 10 2
-23 10 3
-23 10 4
-23 11 0
-22 -12 -4
-22 -12 -3
-22 -12 -2
-22 -12 -1
-22 -12 0
-22 -12 1
-22 -12 2
-22 -12 3
-22 -12 4
-22 -11 -6
-22 -11 -5
-22 -11 -4
-22 -11 -3
-22 -11 -2
-22 -11 -1
-22 -11 1
-22 -11 2
-22 -11 3
-22 -11 4
-22 -11 5
-22 -11 6
-22 -10 -8
-22 -10 -7
-22 -10 -6
-22 -10 -5
-22 -10 5
-22 -10 6
-22 -10 7
-22 -10 8
-22 -9 -9
-22 -9 -8
-22 -9 -7
-22 -9 7
-22 -9 8
-22 -9 9
-22 -8 -10
-22 -8 -9
-22 -8 -8
-22 -8 8
-22 -8 9
-22 -8 10
-22 -7 -10
-22 -7 -9
-22 -7 9
-22 -7 10
-22 -6 -11
-22 -6 -10
-22 -6 10
-22 -6 11
-22 -5 -11
-22 -5 -10
-22 -5 10
-22 -5 11
-22 -4 -12
-22 -4 -11
-22 -4 11
-22 -4 12
-22 -3 -12
-22 -3 -11
-22 -3 11
-22 -3 12
-22 -2 -12
-22 -2 -11
-22 -2 11
-22 -2 12
-22 -1 -12
-22 -1 -11
-22 -1 11
-22 -1 12
-22 0 -12
-22 0 12
-22 1 -12
-22 1 -11
-22 1 11
-22 1 12
-22 2 -12
-22 2 -11
-22 2 11
-22 2 12
-22 3 -12
-22 3 -11
-22 3 11
-22 3 12
-22 4 -12
-22 4 -11
-22 4 11
-22 4 12
-22 5 -11
-22 5 -10
-22 5 10
-22 5 11
-22 6 -11
-22 6 -10
-22 6 10
-22 6 11
-22 7 -10
-22 7 -9
-22 7 9
-22 7 10
-22 8 -10
-22 8 -9
-22 8 -8
-22 8 8
-22 8 9
-22 8 10
-22 9 -9
-22 9 -8
-22 9 -7
-22 9 7
-22 9 8
-22 9 9
-22 10 -8
-22 10 -7
-22 10 -6
-22 10 -5
-22 10 5
-22 10 6
-22 10 7
-22 10 8
-22 11 -6
-22 11 -5
-22 11 -4
-22 11 -3
-22 11 -2
-22 11 -1
-22 11 1
-22 11 2
-22 11 3
-22 11 4
-22 11 5
-22 11 6
-22 12 -4
-22 12 -3
-22 12 -2
-22 12 -1
-22 12 0
-22 12 1
-22 12 2
-22 12 3
-22 12 4
-21 -14 -3
-21 -14 -2
-21 -14 -1
-21 -14 0
-21 -14 1
-21 -14 2
-21 -14 3
-21 -13 -6
-21 -13 -5
-21 -13 -4
-21 -13 -3
-21 -13 -2
-21 -13 -1
-21 -13 0
-21 -13 1
-21 -13 2
-21 -13 3
-21 -13 4
-21 -13 5
-21 -13 6
-21 -12 -8
-21 -12 -7
-21 -12 -6
-21 -12 -5
-21 -12 5
-21 -12 6
-21 -12 7
-21 -12 8
-21 -11 -9
-21 -11 -8
-21 -11 -7
-21 -11 7
-21 -11 8
-21 -11 9
-21 -10 -10
-21 -10 -9
-21 -10 9
-21 -10 10
-21 -9 -11
-21 -9 -10
-21 -9 10
-21 -9 11
-21 -8 -12
-21 -8 -11
-21 -8 11
-21 -8 12
-21 -7 -12
-21 -7 -11
-21 -7 11
-21 -7 12
-21 -6 -13
-21 -6 -12
-21 -6 12
-21 -6 13
-21 -5 -13
-21 -5 -12
-21 -5 12
-21 -5 13
-21 -4 -13
-21 -4 13
-21 -3 -14
-21 -3 -13
-21 -3 13
-21 -3 14
-21 -2 -14
-21 -2 -13
-21 -2 13
-21 -2 14
-21 -1 -14
-21 -1 -13
-21 -1 13
-21 -1 14
-21 0 -14
-21 0 -13
-21 0 13
-21 0 14
-21 1 -14
-21 1 -13
-21 1 13
-21 1 14
-21 2 -14
-21 2 -13
-21 2 13
-21 2 14
-21 3 -14
-21 3 -13
-21 3 13
-21 3 14
-21 4 -13
-21 4 13
-21 5 -13
-21 5 -12
-21 5 12
-21 5 13
-21 6 -13
-21 6 -12
-21 6 12
-21 6 13
-21 7 -12
-21 7 -11
-21 7 11
-21 7 12
-21 8 -12
-21 8 -11
-21 8 11
-21 8 12
-21 9 -11
-21 9 -10
-21 9 10
-21 9 11
-21 10 -10
-21 10 -9
-21 10 9
-21 10 10
-21 11 -9
-21 11 -8
-21 11 -7
-21 11 7
-21 11 8
-21 11 9
-21 12 -8
-21 12 -7
-21 12 -6
-21 12 -5
-21 12 5
-21 12 6
-21 12 7
-21 12 8
-21 13 -6
-21 13 -5
-21 13 -4
-21 13 -3
-21 13 -2
-21 13 -1
-21 13 0
-21 13 1
-21 13 2
-21 13 3
-21 13 4
-21 13 5
-21 13 6
-21 14 -3
-21 14 -2
-21 14 -1
-21 14 0
-21 14 1
-21 14 2
-21 14 3
-20 -15 -5
-20 -15 -4
-20 -15 -3
-20 -15 -2
-20 -15 -1
-20 -15 0
-20 -15 1
-20 -15 2
-20 -15 3
-20 -15 4
-20 -15 5
-20 -14 -7
-20 -14 -6
-20 -14 -5
-20 -14 -4
-20 -14 4
-20 -14 5
-20 -14 6
-20 -14 7
-20 -13 -9
-20 -13 -8
-20 -13 -7
-20 -13 7
-20 -13 8
-20 -13 9
-20 -12 -10
-20 -12 -9
-20 -12 9
-20 -12 10
-20 -11 -11
-20 -11 -10
-20 -11 10
-20 -11 11
-20 -10 -12
-20 -10 -11
-20 -10 11
-20 -10 12
-20 -9 -13
-20 -9 -12
-20 -9 12
-20 -9 13
-20 -8 -13
-20 -8 13
-20 -7 -14
-20 -7 -13
-20 -7 13
-20 -7 14
-20 -6 -14
-20 -6 14
-20 -5 -15
-20 -5 -14
-20 -5 14
-20 -5 15
-20 -4 -15
-20 -4 -14
-20 -4 14
-20 -4 15
-20 -3 -15
-20 -3 15
-20 -2 -15
-20 -2 15
-20 -1 -15
-20 -1 15
-20 0 -15
-20 0 15
-20 1 -15
-20 1 15
-20 2 -15
-20 2 15
-20 3 -15
-20 3 15
-20 4 -15
-20 4 -14
-20 4 14
-20 4 15
-20 5 -15
-20 5 -14
-20 5 14
-20 5 15
-20 6 -14
-20 6 14
-20 7 -14
-20 7 -13
-20 7 13
-20 7 14
-20 8 -13
-20 8 13
-20 9 -13
-20 9 -12
-20 9 12
-20 9 13
-20 10 -12
-20 10 -11
-20 10 11
-20 10 12
-20 11 -11
-20 11 -10
-20 11 10
-20 11 11
-20 12 -10
-20 12 -9
-20 12 9
-20 12 10
-20 13 -9
-20 13 -8
-20 13 -7
-20 13 7
-20 13 8
-20 13 9
-20 14 -7
-20 14 -6
-20 14 -5
-20 14 -4
-20 14 4
-20 14 5
-20 14 6
-20 14 7
-20 15 -5
-20 15 -4
-20 15 -3
-20 15 -2
-20 15 -1
-20 15 0
-20 15 1
-20 15 2
-20 15 3
-20 15 4
-20 15 5
-19 -17 0
-19 -16 -5
-19 -16 -4
-19 -16 -3
-19 -16 -2
-19 -16 -1
-19 -16 0
-19 -16 1
-19 -16 2
-19 -16 3
-19 -16 4
-19 -16 5
-19 -15 -8
-19 -15 -7
-19 -15 -6
-19 -15 6
-19 -15 7
-19 -15 8
-19 -14 -9
-19 -14 -8
-19 -14 8
-19 -14 9
-19 -13 -10
-19 -13 10
-19 -12 -12
-19 -12 -11
-19 -12 11
-19 -12 12
-19 -11 -12
-19 -11 12
-19 -10 -13
-19 -10 13
-19 -9 -14
-19 -9 14
-19 -8 -15
-19 -8 -14
-19 -8 14
-19 -8 15
-19 -7 -15
-19 -7 15
-19 -6 -15
-19 -6 15
-19 -5 -16
-19 -5 16
-19 -4 -16
-19 -4 16
-19 -3 -16
-19 -3 16
-19 -2 -16
-19 -2 16
-19 -1 -16
-19 -1 16
-19 0 -17
-19 0 -16
-19 0 16
-19 0 17
-19 1 -16
-19 1 16
-19 2 -16
-19 2 16
-19 3 -16
-19 3 16
-19 4 -16
-19 4 16
-19 5 -16
-19 5 16
-19 6 -15
-19 6 15
-19 7 -15
-19 7 15
-19 8 -15
-19 8 -14
-19 8 14
-19 8 15
-19 9 -14
-19 9 14
-19 10 -13
-19 10 13
-19 11 -12
-19 11 12
-19 12 -12
-19 12 -11
-19 12 11
-19 12 12
-19 13 -10
-19 13 10
-19 14 -9
-19 14 -8
-19 14 8
-19 14 9
-19 15 -8
-19 15 -7
-19 15 -6
-19 15 6
-19 15 7
-19 15 8
-19 16 -5
-19 16 -4
-19 16 -3
-19 16 -2
-19 16 -1
-19 16 0
-19 16 1
-19 16 2
-19 16 3
-19 16 4
-19 16 5
-19 17 0
-18 -18 -1
-18 -18 0
-18 -18 1
-18 -17 -6
-18 -17 -5
-18 -17 -4
-18 -17 -3
-18 -17 -2
-18 -17 -1
-18 -17 1
-18 -17 2
-18 -17 3
-18 -17 4
-18 -17 5
-18 -17 6
-18 -16 -8
-18 -16 -7
-18 -16 -6
-18 -16 6
-18 -16 7
-18 -16 8
-18 -15 -10
-18 -15 -9
-18 -15 9
-18 -15 10
-18 -14 -11
-18 -14 -10
-18 -14 10
-18 -14 11
-18 -13 -12
-18 -13 -11
-18 -13 11
-18 -13 12
-18 -12 -13
-18 -12 13
-18 -11 -14
-18 -11 -13
-18 -11 13
-18 -11 14
-18 -10 -15
-18 -10 -14
-18 -10 14
-18 -10 15
-18 -9 -15
-18 -9 15
-18 -8 -16
-18 -8 16
-18 -7 -16
-18 -7 16
-18 -6 -17
-18 -6 -16
-18 -6 16
-18 -6 17
-18 -5 -17
-18 -5 17
-18 -4 -17
-18 -4 17
-18 -3 -17
-18 -3 17
-18 -2 -17
-18 -2 17
-18 -1 -18
-18 -1 -17
-18 -1 17
-18 -1 18
-18 0 -18
-18 0 18
-18 1 -18
-18 1 -17
-18 1 17
-18 1 18
-18 2 -17
-18 2 17
-18 3 -17
-18 3 17
-18 4 -17
-18 4 17
-18 5 -17
-18 5 17
-18 6 -17
-18 6 -16
-18 6 16
-18 6 17
-18 7 -16
-18 7 16
-18 8 -16
-18 8 16
-18 9 -15
-18 9 15
-18 10 -15
-18 10 -14
-18 10 14
-18 10 15
-18 11 -14
-18 11 -13
-18 11 13
-18 11 14
-18 12 -13
-18 12 13
-18 13 -12
-18 13 -11
-18 13 11
-18 13 12
-18 14 -11
-18 14 -10
-18 14 10
-18 14 11
-18 15 -10
-18 15 -9
-18 15 9
-18 15 10
-18 16 -8
-18 16 -7
-18 16 -6
-18 16 6
-18 16 7
-18 16 8
-18 17 -6
-18 17 -5
-18 17 -4
-18 17 -3
-18 17 -2
-18 17 -1
-18 17 1
-18 17 2
-18 17 3
-18 17 4
-18 17 5
-18 17 6
-18 18 -1
-18 18 0
-18 18 1
-17 -19 0
-17 -18 -6
-17 -18 -5
-17 -18 -4
-17 -18 -3
-17 -18 -2
-17 -18 -1
-17 -18 1
-17 -18 2
-17 -18 3
-17 -18 4
-17 -18 5
-17 -18 6
-17 -17 -8
-17 -17 -7
-17 -17 7
-17 -17 8
-17 -16 -10
-17 -16 -9
-17 -16 9
-17 -16 10
-17 -15 -11
-17 -15 11
-17 -14 -12
-17 -14 12
-17 -13 -13
-17 -13 13
-17 -12 -14
-17 -12 14
-17 -11 -15
-17 -11 15
-17 -10 -16
-17 -10 16
-17 -9 -16
-17 -9 16
-17 -8 -17
-17 -8 17
-17 -7 -17
-17 -7 17
-17 -6 -18
-17 -6 18
-17 -5 -18
-17 -5 18
-17 -4 -18
-17 -4 18
-17 -3 -18
-17 -3 18
-17 -2 -18
-17 -2 18
-17 -1 -18
-17 -1 18
-17 0 -19
-17 0 19
-17 1 -18
-17 1 18
-17 2 -18
-17 2 18
-17 3 -18
-17 3 18
-17 4 -18
-17 4 18
-17 5 -18
-17 5 18
-17 6 -18
-17 6 18
-17 7 -17
-17 7 17
-17 8 -17
-17 8 17
-17 9 -16
-17 9 16
-17 10 -16
-17 10 16
-17 11 -15
-17 11 15
-17 12 -14
-17 12 14
-17 13 -13
-17 13 13
-17 14 -12
-17 14 12
-17 15 -11
-17 15 11
-17 16 -10
-17 16 -9
-17 16 9
-17 16 10
-17 17 -8
-17 17 -7
-17 17 7
-17 17 8
-17 18 -6
-17 18 -5
-17 18 -4
-17 18 -3
-17 18 -2
-17 18 -1
-17 18 1
-17 18 2
-17 18 3
-17 18 4
-17 18 5
-17 18 6
-17 19 0
-16 -19 -5
-16 -19 -4
-16 -19 -3
-16 -19 -2
-16 -19 -1
-16 -19 0
-16 -19 1
-16 -19 2
-16 -19 3
-16 -19 4
-16 -19 5
-16 -18 -8
-16 -18 -7
-16 -18 -6
-16 -18 6
-16 -18 7
-16 -18 8
-16 -17 -10
-16 -17 -9
-16 -17 9
-16 -17 10
-16 -16 -11
-16 -16 11
-16 -15 -13
-16 -15 -12
-16 -15 12
-16 -15 13
-16 -14 -14
-16 -14 -13
-16 -14 13
-16 -14 14
-16 -13 -15
-16 -13 -14
-16 -13 14
-16 -13 15
-16 -12 -15
-16 -12 15
-16 -11 -16
-16 -11 16
-16 -10 -17
-16 -10 17
-16 -9 -17
-16 -9 17
-16 -8 -18
-16 -8 18
-16 -7 -18
-16 -7 18
-16 -6 -18
-16 -6 18
-16 -5 -19
-16 -5 19
-16 -4 -19
-16 -4 19
-16 -3 -19
-16 -3 19
-16 -2 -19
-16 -2 19
-16 -1 -19
-16 -1 19
-16 0 -19
-16 0 19
-16 1 -19
-16 1 19
-16 2 -19
-16 2 19
-16 3 -19
-16 3 19
-16 4 -19
-16 4 19
-16 5 -19
-16 5 19
-16 6 -18
-16 6 18
-16 7 -18
-16 7 18
-16 8 -18
-16 8 18
-16 9 -17
-16 9 17
-16 10 -17
-16 10 17
-16 11 -16
-16 11 16
-16 12 -15
-16 12 15
-16 13 -15
-16 13 -14
-16 13 14
-16 13 15
-16 14 -14
-16 14 -13
-16 14 13
-16 14 14
-16 15 -13
-16 15 -12
-16 15 12
-16 15 13
-16 16 -11
-16 16 11
-16 17 -10
-16 17 -9
-16 17 9
-16 17 10
-16 18 -8
-16 18 -7
-16 18 -6
-16 18 6
-16 18 7
-16 18 8
-16 19 -5
-16 19 -4
-16 19 -3
-16 19 -2
-16 19 -1
-16 19 0
-16 19 1
-16 19 2
-16 19 3
-16 19 4
-16 19 5
-15 -20 -5
-15 -20 -4
-15 -20 -3
-15 -20 -2
-15 -20 -1
-15 -20 0
-15 -20 1
-15 -20 2
-15 -20 3
-15 -20 4
-15 -20 5
-15 -19 -8
-15 -19 -7
-15 -19 -6
-15 -19 6
-15 -19 7
-15 -19 8
-15 -18 -10
-15 -18 -9
-15 -18 9
-15 -18 10
-15 -17 -11
-15 -17 11
-15 -16 -13
-15 -16 -12
-15 -16 12
-15 -16 13
-15 -15 -14
-15 -15 14
-15 -14 -15
-15 -14 15
-15 -13 -16
-15 -13 16
-15 -12 -16
-15 -12 16
-15 -11 -17
-15 -11 17
-15 -10 -18
-15 -10 18
-15 -9 -18
-15 -9 18
-15 -8 -19
-15 -8 19
-15 -7 -19
-15 -7 19
-15 -6 -19
-15 -6 19
-15 -5 -20
-15 -5 20
-15 -4 -20
-15 -4 20
-15 -3 -20
-15 -3 20
-15 -2 -20
-15 -2 20
-15 -1 -20
-15 -1 20
-15 0 -20
-15 0 20
-15 1 -20
-15 1 20
-15 2 -20
-15 2 20
-15 3 -20
-15 3 20
-15 4 -20
-15 4 20
-15 5 -20
-15 5 20
-15 6 -19
-15 6 19
-15 7 -19
-15 7 19
-15 8 -19
-15 8 19
-15 9 -18
-15 9 18
-15 10 -18
-15 10 18
-15 11 -17
-15 11 17
-15 12 -16
-15 12 16
-15 13 -16
-15 13 16
-15 14 -15
-15 14 15
-15 15 -14
-15 15 14
-15 16 -13
-15 16 -12
-15 16 12
-15 16 13
-15 17 -11
-15 17 11
-15 18 -10
-15 18 -9
-15 18 9
-15 18 10
-15 19 -8
-15 19 -7
-15 19 -6
-15 19 6
-15 19 7
-15 19 8
-15 20 -5
-15 20 -4
-15 20 -3
-15 20 -2
-15 20 -1
-15 20 0
-15 20 1
-15 20 2
-15 20 3
-15 20 4
-15 20 5
-14 -21 -3
-14 -21 -2
-14 -21 -1
-14 -21 0
-14 -21 1
-14 -21 2
-14 -21 3
-14 -20 -7
-14 -20 -6
-14 -20 -5
-14 -20 -4
-14 -20 4
-14 -20 5
-14 -20 6
-14 -20 7
-14 -19 -9
-14 -19 -8
-14 -19 8
-14 -19 9
-14 -18 -11
-14 -18 -10
-14 -18 10
-14 -18 11
-14 -17 -12
-14 -17 12
-14 -16 -14
-14 -16 -13
-14 -16 13
-14 -16 14
-14 -15 -15
-14 -15 15
-14 -14 -16
-14 -14 16
-14 -13 -16
-14 -13 16
-14 -12 -17
-14 -12 17
-14 -11 -18
-14 -11 18
-14 -10 -18
-14 -10 18
-14 -9 -19
-14 -9 19
-14 -8 -19
-14 -8 19
-14 -7 -20
-14 -7 20
-14 -6 -20
-14 -6 20
-14 -5 -20
-14 -5 20
-14 -4 -20
-14 -4 20
-14 -3 -21
-14 -3 21
-14 -2 -21
-14 -2 21
-14 -1 -21
-14 -1 21
-14 0 -21
-14 0 21
-14 1 -21
-14 1 21
-14 2 -21
-14 2 21
-14 3 -21
-14 3 21
-14 4 -20
-14 4 20
-14 5 -20
-14 5 20
-14 6 -20
-14 6 20
-14 7 -20
-14 7 20
-14 8 -19
-14 8 19
-14 9 -19
-14 9 19
-14 10 -18
-14 10 18
-14 11 -18
-14 11 18
-14 12 -17
-14 12 17
-14 13 -16
-14 13 16
-14 14 -16
-14 14 16
-14 15 -15
-14 15 15
-14 16 -14
-14 16 -13
-14 16 13
-14 16 14
-14 17 -12
-14 17 12
-14 18 -11
-14 18 -10
-14 18 10
-14 18 11
-14 19 -9
-14 19 -8
-14 19 8
-14 19 9
-14 20 -7
-14 20 -6
-14 20 -5
-14 20 -4
-14 20 4
-14 20 5
-14 20 6
-14 20 7
-14 21 -3
-14 21 -2
-14 21 -1
-14 21 0
-14 21 1
-14 21 2
-14 21 3
-13 -21 -6
-13 -21 -5
-13 -21 -4
-13 -21 -3
-13 -21 -2
-13 -21 -1
-13 -21 0
-13 -21 1
-13 -21 2
-13 -21 3
-13 -21 4
-13 -21 5
-13 -21 6
-13 -20 -9
-13 -20 -8
-13 -20 -7
-13 -20 7
-13 -20 8
-13 -20 9
-13 -19 -10
-13 -19 10
-13 -18 -12
-13 -18 -11
-13 -18 11
-13 -18 12
-13 -17 -13
-13 -17 13
-13 -16 -15
-13 -16 -14
-13 -16 14
-13 -16 15
-13 -15 -16
-13 -15 16
-13 -14 -16
-13 -14 16
-13 -13 -17
-13 -13 17
-13 -12 -18
-13 -12 18
-13 -11 -18
-13 -11 18
-13 -10 -19
-13 -10 19
-13 -9 -20
-13 -9 20
-13 -8 -20
-13 -8 20
-13 -7 -20
-13 -7 20
-13 -6 -21
-13 -6 21
-13 -5 -21
-13 -5 21
-13 -4 -21
-13 -4 21
-13 -3 -21
-13 -3 21
-13 -2 -21
-13 -2 21
-13 -1 -21
-13 -1 21
-13 0 -21
-13 0 21
-13 1 -21
-13 1 21
-13 2 -21
-13 2 21
-13 3 -21
-13 3 21
-13 4 -21
-13 4 21
-13 5 -21
-13 5 21
-13 6 -21
-13 6 21
-13 7 -20
-13 7 20
-13 8 -20
-13 8 20
-13 9 -20
-13 9 20
-13 10 -19
-13 10 19
-13 11 -18
-13 11 18
-13 12 -18
-13 12 18
-13 13 -17
-13 13 17
-13 14 -16
-13 14 16
-13 15 -16
-13 15 16
-13 16 -15
-13 16 -14
-13 16 14
-13 16 15
-13 17 -13
-13 17 13
-13 18 -12
-13 18 -11
-13 18 11
-13 18 12
-13 19 -10
-13 19 10
-13 20 -9
-13 20 -8
-13 20 -7
-13 20 7
-13 20 8
-13 20 9
-13 21 -6
-13 21 -5
-13 21 -4
-13 21 -3
-13 21 -2
-13 21 -1
-13 21 0
-13 21 1
-13 21 2
-13 21 3
-13 21 4
-13 21 5
-13 21 6
-12 -22 -4
-12 -22 -3
-12 -22 -2
-12 -22 -1
-12 -22 0
-12 -22 1
-12 -22 2
-12 -22 3
-12 -22 4
-12 -21 -8
-12 -21 -7
-12 -21 -6
-12 -21 -5
-12 -21 5
-12 -21 6
-12 -21 7
-12 -21 8
-12 -20 -10
-12 -20 -9
-12 -20 9
-12 -20 10
-12 -19 -12
-12 -19 -11
-12 -19 11
-12 -19 12
-12 -18 -13
-12 -18 13
-12 -17 -14
-12 -17 14
-12 -16 -15
-12 -16 15
-12 -15 -16
-12 -15 16
-12 -14 -17
-12 -14 17
-12 -13 -18
-12 -13 18
-12 -12 -19
-12 -12 19
-12 -11 -19
-12 -11 19
-12 -10 -20
-12 -10 20
-12 -9 -20
-12 -9 20
-12 -8 -21
-12 -8 21
-12 -7 -21
-12 -7 21
-12 -6 -21
-12 -6 21
-12 -5 -21
-12 -5 21
-12 -4 -22
-12 -4 22
-12 -3 -22
-12 -3 22
-12 -2 -22
-12 -2 22
-12 -1 -22
-12 -1 22
-12 0 -22
-12 0 22
-12 1 -22
-12 1 22
-12 2 -22
-12 2 22
-12 3 -22
-12 3 22
-12 4 -22
-12 4 22
-12 5 -21
-12 5 21
-12 6 -21
-12 6 21
-12 7 -21
-12 7 21
-12 8 -21
-12 8 21
-12 9 -20
-12 9 20
-12 10 -20
-12 10 20
-12 11 -19
-12 11 19
-12 12 -19
-12 12 19
-12 13 -18
-12 13 18
-12 14 -17
-12 14 17
-12 15 -16
-12 15 16
-12 16 -15
-12 16 15
-12 17 -14
-12 17 14
-12 18 -13
-12 18 13
-12 19 -12
-12 19 -11
-12 19 11
-12 19 12
-12 20 -10
-12 20 -9
-12 20 9
-12 20 10
-12 21 -8
-12 21 -7
-12 21 -6
-12 21 -5
-12 21 5
-12 21 6
-12 21 7
-12 21 8
-12 22 -4
-12 22 -3
-12 22 -2
-12 22 -1
-12 22 0
-12 22 1
-12 22 2
-12 22 3
-12 22 4
-11 -23 0
-11 -22 -6
-11 -22 -5
-11 -22 -4
-11 -22 -3
-11 -22 -2
-11 -22 -1
-11 -22 1
-11 -22 2
-11 -22 3
-11 -22 4
-11 -22 5
-11 -22 6
-11 -21 -9
-11 -21 -8
-11 -21 -7
-11 -21 7
-11 -21 8
-11 -21 9
-11 -20 -11
-11 -20 -10
-11 -20 10
-11 -20 11
-11 -19 -12
-11 -19 12
-11 -18 -14
-11 -18 -13
-11 -18 13
-11 -18 14
-11 -17 -15
-11 -17 15
-11 -16 -16
-11 -16 16
-11 -15 -17
-11 -15 17
-11 -14 -18
-11 -14 18
-11 -13 -18
-11 -13 18
-11 -12 -19
-11 -12 19
-11 -11 -20
-11 -11 20
-11 -10 -20
-11 -10 20
-11 -9 -21
-11 -9 21
-11 -8 -21
-11 -8 21
-11 -7 -21
-11 -7 21
-11 -6 -22
-11 -6 22
-11 -5 -22
-11 -5 22
-11 -4 -22
-11 -4 22
-11 -3 -22
-11 -3 22
-11 -2 -22
-11 -2 22
-11 -1 -22
-11 -1 22
-11 0 -23
-11 0 23
-11 1 -22
-11 1 22
-11 2 -22
-11 2 22
-11 3 -22
-11 3 22
-11 4 -22
-11 4 22
-11 5 -22
-11 5 22
-11 6 -22
-11 6 22
-11 7 -21
-11 7 21
-11 8 -21
-11 8 21
-11 9 -21
-11 9 21
-11 10 -20
-11 10 20
-11 11 -20
-11 11 20
-11 12 -19
-11 12 19
-11 13 -18
-11 13 18
-11 14 -18
-11 14 18
-11 15 -17
-11 15 17
-11 16 -16
-11 16 16
-11 17 -15
-11 17 15
-11 18 -14
-11 18 -13
-11 18 13
-11 18 14
-11 19 -12
-11 19 12
-11 20 -11
-11 20 -10
-11 20 10
-11 20 11
-11 21 -9
-11 21 -8
-11 21 -7
-11 21 7
-11 21 8
-11 21 9
-11 22 -6
-11 22 -5
-11 22 -4
-11 22 -3
-11 22 -2
-11 22 -1
-11 22 1
-11 22 2
-11 22 3
-11 22 4
-11 22 5
-11 22 6
-11 23 0
-10 -23 -4
-10 -23 -3
-10 -23 -2
-10 -23 -1
-10 -23 0
-10 -23 1
-10 -23 2
-10 -23 3
-10 -23 4
-10 -22 -8
-10 -22 -7
-10 -22 -6
-10 -22 -5
-10 -22 5
-10 -22 6
-10 -22 7
-10 -22 8
-10 -21 -10
-10 -21 -9
-10 -21 9
-10 -21 10
-10 -20 -12
-10 -20 -11
-10 -20 11
-10 -20 12
-10 -19 -13
-10 -19 13
-10 -18 -15
-10 -18 -14
-10 -18 14
-10 -18 15
-10 -17 -16
-10 -17 16
-10 -16 -17
-10 -16 17
-10 -15 -18
-10 -15 18
-10 -14 -18
-10 -14 18
-10 -13 -19
-10 -13 19
-10 -12 -20
-10 -12 20
-10 -11 -20
-10 -11 20
-10 -10 -21
-10 -10 21
-10 -9 -21
-10 -9 21
-10 -8 -22
-10 -8 22
-10 -7 -22
-10 -7 22
-10 -6 -22
-10 -6 22
-10 -5 -22
-10 -5 22
-10 -4 -23
-10 -4 23
-10 -3 -23
-10 -3 23
-10 -2 -23
-10 -2 23
-10 -1 -23
-10 -1 23
-10 0 -23
-10 0 23
-10 1 -23
-10 1 23
-10 2 -23
-10 2 23
-10 3 -23
-10 3 23
-10 4 -23
-10 4 23
-10 5 -22
-10 5 22
-10 6 -22
-10 6 22
-10 7 -22
-10 7 22
-10 8 -22
-10 8 22
-10 9 -21
-10 9 21
-10 10 -21
-10 10 21
-10 11 -20
-10 11 20
-10 12 -20
-10 12 20
-10 13 -19
-10 13 19
-10 14 -18
-10 14 18
-10 15 -18
-10 15 18
-10 16 -17
-10 16 17
-10 17 -16
-10 17 16
-10 18 -15
-10 18 -14
-10 18 14
-10 18 15
-10 19 -13
-10 19 13
-10 20 -12
-10 20 -11
-10 20 11
-10 20 12
-10 21 -10
-10 21 -9
-10 21 9
-10 21 10
-10 22 -8
-10 22 -7
-10 22 -6
-10 22 -5
-10 22 5
-10 22 6
-10 22 7
-10 22 8
-10 23 -4
-10 23 -3
-10 23 -2
-10 23 -1
-10 23 0
-10 23 1
-10 23 2
-10 23 3
-10 23 4
-9 -23 -6
-9 -23 -5
-9 -23 -4
-9 -23 -3
-9 -23 -2
-9 -23 -1
-9 -23 0
-9 -23 1
-9 -23 2
-9 -23 3
-9 -23 4
-9 -23 5
-9 -23 6
-9 -22 -9
-9 -22 -8
-9 -22 -7
-9 -22 7
-9 -22 8
-9 -22 9
-9 -21 -11
-9 -21 -10
-9 -21 10
-9 -21 11
-9 -20 -13
-9 -20 -12
-9 -20 12
-9 -20 13
-9 -19 -14
-9 -19 14
-9 -18 -15
-9 -18 15
-9 -17 -16
-9 -17 16
-9 -16 -17
-9 -16 17
-9 -15 -18
-9 -15 18
-9 -14 -19
-9 -14 19
-9 -13 -20
-9 -13 20
-9 -12 -20
-9 -12 20
-9 -11 -21
-9 -11 21
-9 -10 -21
-9 -10 21
-9 -9 -22
-9 -9 22
-9 -8 -22
-9 -8 22
-9 -7 -22
-9 -7 22
-9 -6 -23
-9 -6 23
-9 -5 -23
-9 -5 23
-9 -4 -23
-9 -4 23
-9 -3 -23
-9 -3 23
-9 -2 -23
-9 -2 23
-9 -1 -23
-9 -1 23
-9 0 -23
-9 0 23
-9 1 -23
-9 1 23
-9 2 -23
-9 2 23
-9 3 -23
-9 3 23
-9 4 -23
-9 4 23
-9 5 -23
-9 5 23
-9 6 -23
-9 6 23
-9 7 -22
-9 7 22
-9 8 -22
-9 8 22
-9 9 -22
-9 9 22
-9 10 -21
-9 10 21
-9 11 -21
-9 11 21
-9 12 -20
-9 12 20
-9 13 -20
-9 13 20
-9 14 -19
-9 14 19
-9 15 -18
-9 15 18
-9 16 -17
-9 16 17
-9 17 -16
-9 17 16
-9 18 -15
-9 18 15
-9 19 -14
-9 19 14
-9 20 -13
-9 20 -12
-9 20 12
-9 20 13
-9 21 -11
-9 21 -10
-9 21 10
-9 21 11
-9 22 -9
-9 22 -8
-9 22 -7
-9 22 7
-9 22 8
-9 22 9
-9 23 -6
-9 23 -5
-9 23 -4
-9 23 -3
-9 23 -2
-9 23 -1
-9 23 0
-9 23 1
-9 23 2
-9 23 3
-9 23 4
-9 23 5
-9 23 6
-8 -24 -3
-8 -24 -2
-8 -24 -1
-8 -24 0
-8 -24 1
-8 -24 2
-8 -24 3
-8 -23 -7
-8 -23 -6
-8 -23 -5
-8 -23 -4
-8 -23 4
-8 -23 5
-8 -23 6
-8 -23 7
-8 -22 -10
-8 -22 -9
-8 -22 -8
-8 -22 8
-8 -22 9
-8 -22 10
-8 -21 -12
-8 -21 -11
-8 -21 11
-8 -21 12
-8 -20 -13
-8 -20 13
-8 -19 -15
-8 -19 -14
-8 -19 14
-8 -19 15
-8 -18 -16
-8 -18 16
-8 -17 -17
-8 -17 17
-8 -16 -18
-8 -16 18
-8 -15 -19
-8 -15 19
-8 -14 -19
-8 -14 19
-8 -13 -20
-8 -13 20
-8 -12 -21
-8 -12 21
-8 -11 -21
-8 -11 21
-8 -10 -22
-8 -10 22
-8 -9 -22
-8 -9 22
-8 -8 -22
-8 -8 22
-8 -7 -23
-8 -7 23
-8 -6 -23
-8 -6 23
-8 -5 -23
-8 -5 23
-8 -4 -23
-8 -4 23
-8 -3 -24
-8 -3 24
-8 -2 -24
-8 -2 24
-8 -1 -24
-8 -1 24
-8 0 -24
-8 0 24
-8 1 -24
-8 1 24
-8 2 -24
-8 2 24
-8 3 -24
-8 3 24
-8 4 -23
-8 4 23
-8 5 -23
-8 5 23
-8 6 -23
-8 6 23
-8 7 -23
-8 7 23
-8 8 -22
-8 8 22
-8 9 -22
-8 9 22
-8 10 -22
-8 10 22
-8 11 -21
-8 11 21
-8 12 -21
-8 12 21
-8 13 -20
-8 13 20
-8 14 -19
-8 14 19
-8 15 -19
-8 15 19
-8 16 -18
-8 16 18
-8 17 -17
-8 17 17
-8 18 -16
-8 18 16
-8 19 -15
-8 19 -14
-8 19 14
-8 19 15
-8 20 -13
-8 20 13
-8 21 -12
-8 21 -11
-8 21 11
-8 21 12
-8 22 -10
-8 22 -9
-8 22 -8
-8 22 8
-8 22 9
-8 22 10
-8 23 -7
-8 23 -6
-8 23 -5
-8 23 -4
-8 23 4
-8 23 5
-8 23 6
-8 23 7
-8 24 -3
-8 24 -2
-8 24 -1
-8 24 0
-8 24 1
-8 24 2
-8 24 3
-7 -24 -5
-7 -24 -4
-7 -24 -3
-7 -24 -2
-7 -24 -1
-7 -24 0
-7 -24 1
-7 -24 2
-7 -24 3
-7 -24 4
-7 -24 5
-7 -23 -8
-7 -23 -7
-7 -23 -6
-7 -23 6
-7 -23 7
-7 -23 8
-7 -22 -10
-7 -22 -9
-7 -22 9
-7 -22 10
-7 -21 -12
-7 -21 -11
-7 -21 11
-7 -21 12
-7 -20 -14
-7 -20 -13
-7 -20 13
-7 -20 14
-7 -19 -15
-7 -19 15
-7 -18 -16
-7 -18 16
-7 -17 -17
-7 -17 17
-7 -16 -18
-7 -16 18
-7 -15 -19
-7 -15 19
-7 -14 -20
-7 -14 20
-7 -13 -20
-7 -13 20
-7 -12 -21
-7 -12 21
-7 -11 -21
-7 -11 21
-7 -10 -22
-7 -10 22
-7 -9 -22
-7 -9 22
-7 -8 -23
-7 -8 23
-7 -7 -23
-7 -7 23
-7 -6 -23
-7 -6 23
-7 -5 -24
-7 -5 24
-7 -4 -24
-7 -4 24
-7 -3 -24
-7 -3 24
-7 -2 -24
-7 -2 24
-7 -1 -24
-7 -1 24
-7 0 -24
-7 0 24
-7 1 -24
-7 1 24
-7 2 -24
-7 2 24
-7 3 -24
-7 3 24
-7 4 -24
-7 4 24
-7 5 -24
-7 5 24
-7 6 -23
-7 6 23
-7 7 -23
-7 7 23
-7 8 -23
-7 8 23
-7 9 -22
-7 9 22
-7 10 -22
-7 10 22
-7 11 -21
-7 11 21
-7 12 -21
-7 12 21
-7 13 -20
-7 13 20
-7 14 -20
-7 14 20
-7 15 -19
-7 15 19
-7 16 -18
-7 16 18
-7 17 -17
-7 17 17
-7 18 -16
-7 18 16
-7 19 -15
-7 19 15
-7 20 -14
-7 20 -13
-7 20 13
-7 20 14
-7 21 -12
-7 21 -11
-7 21 11
-7 21 12
-7 22 -10
-7 22 -9
-7 22 9
-7 22 10
-7 23 -8
-7 23 -7
-7 23 -6
-7 23 6
-7 23 7
-7 23 8
-7 24 -5
-7 24 -4
-7 24 -3
-7 24 -2
-7 24 -1
-7 24 0
-7 24 1
-7 24 2
-7 24 3
-7 24 4
-7 24 5
-6 -24 -6
-6 -24 -5
-6 -24 -4
-6 -24 -3
-6 -24 -2
-6 -24 -1
-6 -24 0
-6 -24 1
-6 -24 2
-6 -24 3
-6 -24 4
-6 -24 5
-6 -24 6
-6 -23 -9
-6 -23 -8
-6 -23 -7
-6 -23 7
-6 -23 8
-6 -23 9
-6 -22 -11
-6 -22 -10
-6 -22 10
-6 -22 11
-6 -21 -13
-6 -21 -12
-6 -21 12
-6 -21 13
-6 -20 -14
-6 -20 14
-6 -19 -15
-6 -19 15
-6 -18 -17
-6 -18 -16
-6 -18 16
-6 -18 17
-6 -17 -18
-6 -17 18
-6 -16 -18
-6 -16 18
-6 -15 -19
-6 -15 19
-6 -14 -20
-6 -14 20
-6 -13 -21
-6 -13 21
-6 -12 -21
-6 -12 21
-6 -11 -22
-6 -11 22
-6 -10 -22
-6 -10 22
-6 -9 -23
-6 -9 23
-6 -8 -23
-6 -8 23
-6 -7 -23
-6 -7 23
-6 -6 -24
-6 -6 24
-6 -5 -24
-6 -5 24
-6 -4 -24
-6 -4 24
-6 -3 -24
-6 -3 24
-6 -2 -24
-6 -2 24
-6 -1 -24
-6 -1 24
-6 0 -24
-6 0 24
-6 1 -24
-6 1 24
-6 2 -24
-6 2 24
-6 3 -24
-6 3 24
-6 4 -24
-6 4 24
-6 5 -24
-6 5 24
-6 6 -24
-6 6 24
-6 7 -23
-6 7 23
-6 8 -23
-6 8 23
-6 9 -23
-6 9 23
-6 10 -22
-6 10 22
-6 11 -22
-6 11 22
-6 12 -21
-6 12 21
-6 13 -21
-6 13 21
-6 14 -20
-6 14 20
-6 15 -19
-6 15 19
-6 16 -18
-6 16 18
-6 17 -18
-6 17 18
-6 18 -17
-6 18 -16
-6 18 16
-6 18 17
-6 19 -15
-6 19 15
-6 20 -14
-6 20 14
-6 21 -13
-6 21 -12
-6 21 12
-6 21 13
-6 22 -11
-6 22 -10
-6 22 10
-6 22 11
-6 23 -9
-6 23 -8
-6 23 -7
-6 23 7
-6 23 8
-6 23 9
-6 24 -6
-6 24 -5
-6 24 -4
-6 24 -3
-6 24 -2
-6 24 -1
-6 24 0
-6 24 1
-6 24 2
-6 24 3
-6 24 4
-6 24 5
-6 24 6
-5 -25 0
-5 -24 -7
-5 -24 -6
-5 -24 -5
-5 -24 -4
-5 -24 -3
-5 -24 -2
-5 -24 -1
-5 -24 1
-5 -24 2
-5 -24 3
-5 -24 4
-5 -24 5
-5 -24 6
-5 -24 7
-5 -23 -9
-5 -23 -8
-5 -23 8
-5 -23 9
-5 -22 -11
-5 -22 -10
-5 -22 10
-5 -22 11
-5 -21 -13
-5 -21 -12
-5 -21 12
-5 -21 13
-5 -20 -15
-5 -20 -14
-5 -20 14
-5 -20 15
-5 -19 -16
-5 -19 16
-5 -18 -17
-5 -18 17
-5 -17 -18
-5 -17 18
-5 -16 -19
-5 -16 19
-5 -15 -20
-5 -15 20
-5 -14 -20
-5 -14 20
-5 -13 -21
-5 -13 21
-5 -12 -21
-5 -12 21
-5 -11 -22
-5 -11 22
-5 -10 -22
-5 -10 22
-5 -9 -23
-5 -9 23
-5 -8 -23
-5 -8 23
-5 -7 -24
-5 -7 24
-5 -6 -24
-5 -6 24
-5 -5 -24
-5 -5 24
-5 -4 -24
-5 -4 24
-5 -3 -24
-5 -3 24
-5 -2 -24
-5 -2 24
-5 -1 -24
-5 -1 24
-5 0 -25
-5 0 25
-5 1 -24
-5 1 24
-5 2 -24
-5 2 24
-5 3 -24
-5 3 24
-5 4 -24
-5 4 24
-5 5 -24
-5 5 24
-5 6 -24
-5 6 24
-5 7 -24
-5 7 24
-5 8 -23
-5 8 23
-5 9 -23
-5 9 23
-5 10 -22
-5 10 22
-5 11 -22
-5 11 22
-5 12 -21
-5 12 21
-5 13 -21
-5 13 21
-5 14 -20
-5 14 20
-5 15 -20
-5 15 20
-5 16 -19
-5 16 19
-5 17 -18
-5 17 18
-5 18 -17
-5 18 17
-5 19 -16
-5 19 16
-5 20 -15
-5 20 -14
-5 20 14
-5 20 15
-5 21 -13
-5 21 -12
-5 21 12
-5 21 13
-5 22 -11
-5 22 -10
-5 22 10
-5 22 11
-5 23 -9
-5 23 -8
-5 23 8
-5 23 9
-5 24 -7
-5 24 -6
-5 24 -5
-5 24 -4
-5 24 -3
-5 24 -2
-5 24 -1
-5 24 1
-5 24 2
-5 24 3
-5 24 4
-5 24 5
-5 24 6
-5 24 7
-5 25 0
-4 -25 -3
-4 -25 -2
-4 -25 -1
-4 -25 0
-4 -25 1
-4 -25 2
-4 -25 3
-4 -24 -7
-4 -24 -6
-4 -24 -5
-4 -24 -4
-4 -24 4
-4 -24 5
-4 -24 6
-4 -24 7
-4 -23 -10
-4 -23 -9
-4 -23 -8
-4 -23 8
-4 -23 9
-4 -23 10
-4 -22 -12
-4 -22 -11
-4 -22 11
-4 -22 12
-4 -21 -13
-4 -21 13
-4 -20 -15
-4 -20 -14
-4 -20 14
-4 -20 15
-4 -19 -16
-4 -19 16
-4 -18 -17
-4 -18 17
-4 -17 -18
-4 -17 18
-4 -16 -19
-4 -16 19
-4 -15 -20
-4 -15 20
-4 -14 -20
-4 -14 20
-4 -13 -21
-4 -13 21
-4 -12 -22
-4 -12 22
-4 -11 -22
-4 -11 22
-4 -10 -23
-4 -10 23
-4 -9 -23
-4 -9 23
-4 -8 -23
-4 -8 23
-4 -7 -24
-4 -7 24
-4 -6 -24
-4 -6 24
-4 -5 -24
-4 -5 24
-4 -4 -24
-4 -4 24
-4 -3 -25
-4 -3 25
-4 -2 -25
-4 -2 25
-4 -1 -25
-4 -1 25
-4 0 -25
-4 0 25
-4 1 -25
-4 1 25
-4 2 -25
-4 2 25
-4 3 -25
-4 3 25
-4 4 -24
-4 4 24
-4 5 -24
-4 5 24
-4 6 -24
-4 6 24
-4 7 -24
-4 7 24
-4 8 -23
-4 8 23
-4 9 -23
-4 9 23
-4 10 -23
-4 10 23
-4 11 -22
-4 11 22
-4 12 -22
-4 12 22
-4 13 -21
-4 13 21
-4 14 -20
-4 14 20
-4 15 -20
-4 15 20
-4 16 -19
-4 16 19
-4 17 -18
-4 17 18
-4 18 -17
-4 18 17
-4 19 -16
-4 19 16
-4 20 -15
-4 20 -14
-4 20 14
-4 20 15
-4 21 -13
-4 21 13
-4 22 -12
-4 22 -11
-4 22 11
-4 22 12
-4 23 -10
-4 23 -9
-4 23 -8
-4 23 8
-4 23 9
-4 23 10
-4 24 -7
-4 24 -6
-4 24 -5
-4 24 -4
-4 24 4
-4 24 5
-4 24 6
-4 24 7
-4 25 -3
-4 25 -2
-4 25 -1
-4 25 0
-4 25 1
-4 25 2
-4 25 3
-3 -25 -4
-3 -25 -3
-3 -25 -2
-3 -25 -1
-3 -25 0
-3 -25 1
-3 -25 2
-3 -25 3
-3 -25 4
-3 -24 -8
-3 -24 -7
-3 -24 -6
-3 -24 -5
-3 -24 5
-3 -24 6
-3 -24 7
-3 -24 8
-3 -23 -10
-3 -23 -9
-3 -23 9
-3 -23 10
-3 -22 -12
-3 -22 -11
-3 -22 11
-3 -22 12
-3 -21 -14
-3 -21 -13
-3 -21 13
-3 -21 14
-3 -20 -15
-3 -20 15
-3 -19 -16
-3 -19 16
-3 -18 -17
-3 -18 17
-3 -17 -18
-3 -17 18
-3 -16 -19
-3 -16 19
-3 -15 -20
-3 -15 20
-3 -14 -21
-3 -14 21
-3 -13 -21
-3 -13 21
-3 -12 -22
-3 -12 22
-3 -11 -22
-3 -11 22
-3 -10 -23
-3 -10 23
-3 -9 -23
-3 -9 23
-3 -8 -24
-3 -8 24
-3 -7 -24
-3 -7 24
-3 -6 -24
-3 -6 24
-3 -5 -24
-3 -5 24
-3 -4 -25
-3 -4 25
-3 -3 -25
-3 -3 25
-3 -2 -25
-3 -2 25
-3 -1 -25
-3 -1 25
-3 0 -25
-3 0 25
-3 1 -25
-3 1 25
-3 2 -25
-3 2 25
-3 3 -25
-3 3 25
-3 4 -25
-3 4 25
-3 5 -24
-3 5 24
-3 6 -24
-3 6 24
-3 7 -24
-3 7 24
-3 8 -24
-3 8 24
-3 9 -23
-3 9 23
-3 10 -23
-3 10 23
-3 11 -22
-3 11 22
-3 12 -22
-3 12 22
-3 13 -21
-3 13 21
-3 14 -21
-3 14 21
-3 15 -20
-3 15 20
-3 16 -19
-3 16 19
-3 17 -18
-3 17 18
-3 18 -17
-3 18 17
-3 19 -16
-3 19 16
-3 20 -15
-3 20 15
-3 21 -14
-3 21 -13
-3 21 13
-3 21 14
-3 22 -12
-3 22 -11
-3 22 11
-3 22 12
-3 23 -10
-3 23 -9
-3 23 9
-3 23 10
-3 24 -8
-3 24 -7
-3 24 -6
-3 24 -5
-3 24 5
-3 24 6
-3 24 7
-3 24 8
-3 25 -4
-3 25 -3
-3 25 -2
-3 25 -1
-3 25 0
-3 25 1
-3 25 2
-3 25 3
-3 25 4
-2 -25 -4
-2 -25 -3
-2 -25 -2
-2 -25 -1
-2 -25 0
-2 -25 1
-2 -25 2
-2 -25 3
-2 -25 4
-2 -24 -8
-2 -24 -7
-2 -24 -6
-2 -24 -5
-2 -24 5
-2 -24 6
-2 -24 7
-2 -24 8
-2 -23 -10
-2 -23 -9
-2 -23 9
-2 -23 10
-2 -22 -12
-2 -22 -11
-2 -22 11
-2 -22 12
-2 -21 -14
-2 -21 -13
-2 -21 13
-2 -21 14
-2 -20 -15
-2 -20 15
-2 -19 -16
-2 -19 16
-2 -18 -17
-2 -18 17
-2 -17 -18
-2 -17 18
-2 -16 -19
-2 -16 19
-2 -15 -20
-2 -15 20
-2 -14 -21
-2 -14 21
-2 -13 -21
-2 -13 21
-2 -12 -22
-2 -12 22
-2 -11 -22
-2 -11 22
-2 -10 -23
-2 -10 23
-2 -9 -23
-2 -9 23
-2 -8 -24
-2 -8 24
-2 -7 -24
-2 -7 24
-2 -6 -24
-2 -6 24
-2 -5 -24
-2 -5 24
-2 -4 -25
-2 -4 25
-2 -3 -25
-2 -3 25
-2 -2 -25
-2 -2 25
-2 -1 -25
-2 -1 25
-2 0 -25
-2 0 25
-2 1 -25
-2 1 25
-2 2 -25
-2 2 25
-2 3 -25
-2 3 25
-2 4 -25
-2 4 25
-2 5 -24
-2 5 24
-2 6 -24
-2 6 24
-2 7 -24
-2 7 24
-2 8 -24
-2 8 24
-2 9 -23
-2 9 23
-2 10 -23
-2 10 23
-2 11 -22
-2 11 22
-2 12 -22
-2 12 22
-2 13 -21
-2 13 21
-2 14 -21
-2 14 21
-2 15 -20
-2 15 20
-2 16 -19
-2 16 19
-2 17 -18
-2 17 18
-2 18 -17
-2 18 17
-2 19 -16
-2 19 16
-2 20 -15
-2 20 15
-2 21 -14
-2 21 -13
-2 21 13
-2 21 14
-2 22 -12
-2 22 -11
-2 22 11
-2 22 12
-2 23 -10
-2 23 -9
-2 23 9
-2 23 10
-2 24 -8
-2 24 -7
-2 24 -6
-2 24 -5
-2 24 5
-2 24 6
-2 24 7
-2 24 8
-2 25 -4
-2 25 -3
-2 25 -2
-2 25 -1
-2 25 0
-2 25 1
-2 25 2
-2 25 3
-2 25 4
-1 -25 -4
-1 -25 -3
-1 -25 -2
-1 -25 -1
-1 -25 0
-1 -25 1
-1 -25 2
-1 -25 3
-1 -25 4
-1 -24 -8
-1 -24 -7
-1 -24 -6
-1 -24 -5
-1 -24 5
-1 -24 6
-1 -24 7
-1 -24 8
-1 -23 -10
-1 -23 -9
-1 -23 9
-1 -23 10
-1 -22 -12
-1 -22 -11
-1 -22 11
-1 -22 12
-1 -21 -14
-1 -21 -13
-1 -21 13
-1 -21 14
-1 -20 -15
-1 -20 15
-1 -19 -16
-1 -19 16
-1 -18 -18
-1 -18 -17
-1 -18 17
-1 -18 18
-1 -17 -18
-1 -17 18
-1 -16 -19
-1 -16 19
-1 -15 -20
-1 -15 20
-1 -14 -21
-1 -14 21
-1 -13 -21
-1 -13 21
-1 -12 -22
-1 -12 22
-1 -11 -22
-1 -11 22
-1 -10 -23
-1 -10 23
-1 -9 -23
-1 -9 23
-1 -8 -24
-1 -8 24
-1 -7 -24
-1 -7 24
-1 -6 -24
-1 -6 24
-1 -5 -24
-1 -5 24
-1 -4 -25
-1 -4 25
-1 -3 -25
-1 -3 25
-1 -2 -25
-1 -2 25
-1 -1 -25
-1 -1 25
-1 0 -25
-1 0 25
-1 1 -25
-1 1 25
-1 2 -25
-1 2 25
-1 3 -25
-1 3 25
-1 4 -25
-1 4 25
-1 5 -24
-1 5 24
-1 6 -24
-1 6 24
-1 7 -24
-1 7 24
-1 8 -24
-1 8 24
-1 9 -23
-1 9 23
-1 10 -23
-1 10 23
-1 11 -22
-1 11 22
-1 12 -22
-1 12 22
-1 13 -21
-1 13 21
-1 14 -21
-1 14 21
-1 15 -20
-1 15 20
-1 16 -19
-1 16 19
-1 17 -18
-1 17 18
-1 18 -18
-1 18 -17
-1 18 17
-1 18 18
-1 19 -16
-1 19 16
-1 20 -15
-1 20 15
-1 21 -14
-1 21 -13
-1 21 13
-1 21 14
-1 22 -12
-1 22 -11
-1 22 11
-1 22 12
-1 23 -10
-1 23 -9
-1 23 9
-1 23 10
-1 24 -8
-1 24 -7
-1 24 -6
-1 24 -5
-1 24 5
-1 24 6
-1 24 7
-1 24 8
-1 25 -4
-1 25 -3
-1 25 -2
-1 25 -1
-1 25 0
-1 25 1
-1 25 2
-1 25 3
-1 25 4
0 -25 -5
0 -25 -4
0 -25 -3
0 -25 -2
0 -25 -1
0 -25 0
0 -25 1
0 -25 2
0 -25 3
0 -25 4
0 -25 5
0 -24 -8
0 -24 -7
0 -24 -6
0 -24 6
0 -24 7
0 -24 8
0 -23 -11
0 -23 -10
0 -23 -9
0 -23 9
0 -23 10
0 -23 11
0 -22 -12
0 -22 12
0 -21 -14
0 -21 -13
0 -21 13
0 -21 14
0 -20 -15
0 -20 15
0 -19 -17
0 -19 -16
0 -19 16
0 -19 17
0 -18 -18
0 -18 18
0 -17 -19
0 -17 19
0 -16 -19
0 -16 19
0 -15 -20
0 -15 20
0 -14 -21
0 -14 21
0 -13 -21
0 -13 21
0 -12 -22
0 -12 22
0 -11 -23
0 -11 23
0 -10 -23
0 -10 23
0 -9 -23
0 -9 23
0 -8 -24
0 -8 24
0 -7 -24
0 -7 24
0 -6 -24
0 -6 24
0 -5 -25
0 -5 25
0 -4 -25
0 -4 25
0 -3 -25
0 -3 25
0 -2 -25
0 -2 25
0 -1 -25
0 -1 25
0 0 -25
0 0 25
0 1 -25
0 1 25
0 2 -25
0 2 25
0 3 -25
0 3 25
0 4 -25
0 4 25
0 5 -25
0 5 25
0 6 -24
0 6 24
0 7 -24
0 7 24
0 8 -24
0 8 24
0 9 -23
0 9 23
0 10 -23
0 10 23
0 11 -23
0 11 23
0 12 -22
0 12 22
0 13 -21
0 13 21
0 14 -21
0 14 21
0 15 -20
0 15 20
0 16 -19
0 16 19
0 17 -19
0 17 19
0 18 -18
0 18 18
0 19 -17
0 19 -16
0 19 16
0 19 17
0 20 -15
0 20 15
0 21 -14
0 21 -13
0 21 13
0 21 14
0 22 -12
0 22 12
0 23 -11
0 23 -10
0 23 -9
0 23 9
0 23 10
0 23 11
0 24 -8
0 24 -7
0 24 -6
0 24 6
0 24 7
0 24 8
0 25 -5
0 25 -4
0 25 -3
0 25 -2
0 25 -1
0 25 0
0 25 1
0 25 2
0 25 3
0 25 4
0 25 5
1 -25 -4
1 -25 -3
1 -25 -2
1 -25 -1
1 -25 0
1 -25 1
1 -25 2
1 -25 3
1 -25 4
1 -24 -8
1 -24 -7
1 -24 -6
1 -24 -5
1 -24 5
1 -24 6
1 -24 7
1 -24 8
1 -23 -10
1 -23 -9
1 -23 9
1 -23 10
1 -22 -12
1 -22 -11
1 -22 11
1 -22 12
1 -21 -14
1 -21 -13
1 -21 13
1 -21 14
1 -20 -15
1 -20 15
1 -19 -16
1 -19 16
1 -18 -18
1 -18 -17
1 -18 17
1 -18 18
1 -17 -18
1 -17 18
1 -16 -19
1 -16 19
1 -15 -20
1 -15 20
1 -14 -21
1 -14 21
1 -13 -21
1 -13 21
1 -12 -22
1 -12 22
1 -11 -22
1 -11 22
1 -10 -23
1 -10 23
1 -9 -23
1 -9 23
1 -8 -24
1 -8 24
1 -7 -24
1 -7 24
1 -6 -24
1 -6 24
1 -5 -24
1 -5 24
1 -4 -25
1 -4 25
1 -3 -25
1 -3 25
1 -2 -25
1 -2 25
1 -1 -25
1 -1 25
1 0 -25
1 0 25
1 1 -25
1 1 25
1 2 -25
1 2 25
1 3 -25
1 3 25
1 4 -25
1 4 25
1 5 -24
1 5 24
1 6 -24
1 6 24
1 7 -24
1 7 24
1 8 -24
1 8 24
1 9 -23
1 9 23
1 10 -23
1 10 23
1 11 -22
1 11 22
1 12 -22
1 12 22
1 13 -21
1 13 21
1 14 -21
1 14 21
1 15 -20
1 15 20
1 16 -19
1 16 19
1 17 -18
1 17 18
1 18 -18
1 18 -17
1 18 17
1 18 18
1 19 -16
1 19 16
1 20 -15
1 20 15
1 21 -14
1 21 -13
1 21 13
1 21 14
1 22 -12
1 22 -11
1 22 11
1 22 12
1 23 -10
1 23 -9
1 23 9
1 23 10
1 24 -8
1 24 -7
1 24 -6
1 24 -5
1 24 5
1 24 6
1 24 7
1 24 8
1 25 -4
1 25 -3
1 25 -2
1 25 -1
1 25 0
1 25 1
1 25 2
1 25 3
1 25 4
2 -25 -4
2 -25 -3
2 -25 -2
2 -25 -1
2 -25 0
2 -25 1
2 -25 2
2 -25 3
2 -25 4
2 -24 -8
2 -24 -7
2 -24 -6
2 -24 -5
2 -24 5
2 -24 6
2 -24 7
2 -24 8
2 -23 -10
2 -23 -9
2 -23 9
2 -23 10
2 -22 -12
2 -22 -11
2 -22 11
2 -22 12
2 -21 -14
2 -21 -13
2 -21 13
2 -21 14
2 -20 -15
2 -20 15
2 -19 -16
2 -19 16
2 -18 -17
2 -18 17
2 -17 -18
2 -17 18
2 -16 -19
2 -16 19
2 -15 -20
2 -15 20
2 -14 -21
2 -14 21
2 -13 -21
2 -13 21
2 -12 -22
2 -12 22
2 -11 -22
2 -11 22
2 -10 -23
2 -10 23
2 -9 -23
2 -9 23
2 -8 -24
2 -8 24
2 -7 -24
2 -7 24
2 -6 -24
2 -6 24
2 -5 -24
2 -5 24
2 -4 -25
2 -4 25
2 -3 -25
2 -3 25
2 -2 -25
2 -2 25
2 -1 -25
2 -1 25
2 0 -25
2 0 25
2 1 -25
2 1 25
2 2 -25
2 2 25
2 3 -25
2 3 25
2 4 -25
2 4 25
2 5 -24
2 5 24
2 6 -24
2 6 24
2 7 -24
2 7 24
2 8 -24
2 8 24
2 9 -23
2 9 23
2 10 -23
2 10 23
2 11 -22
2 11 22
2 12 -22
2 12 22
2 13 -21
2 13 21
2 14 -21
2 14 21
2 15 -20
2 15 20
2 16 -19
2 16 19
2 17 -18
2 17 18
2 18 -17
2 18 17
2 19 -16
2 19 16
2 20 -15
2 20 15
2 21 -14
2 21 -13
2 21 13
2 21 14
2 22 -12
2 22 -11
2 22 11
2 22 12
2 23 -10
2 23 -9
2 23 9
2 23 10
2 24 -8
2 24 -7
2 24 -6
2 24 -5
2 24 5
2 24 6
2 24 7
2 24 8
2 25 -4
2 25 -3
2 25 -2
2 25 -1
2 25 0
2 25 1
2 25 2
2 25 3
2 25 4
3 -25 -4
3 -25 -3
3 -25 -2
3 -25 -1
3 -25 0
3 -25 1
3 -25 2
3 -25 3
3 -25 4
3 -24 -8
3 -24 -7
3 -24 -6
3 -24 -5
3 -24 5
3 -24 6
3 -24 7
3 -24 8
3 -23 -10
3 -23 -9
3 -23 9
3 -23 10
3 -22 -12
3 -22 -11
3 -22 11
3 -22 12
3 -21 -14
3 -21 -13
3 -21 13
3 -21 14
3 -20 -15
3 -20 15
3 -19 -16
3 -19 16
3 -18 -17
3 -18 17
3 -17 -18
3 -17 18
3 -16 -19
3 -16 19
3 -15 -20
3 -15 20
3 -14 -21
3 -14 21
3 -13 -21
3 -13 21
3 -12 -22
3 -12 22
3 -11 -22
3 -11 22
3 -10 -23
3 -10 23
3 -9 -23
3 -9 23
3 -8 -24
3 -8 24
3 -7 -24
3 -7 24
3 -6 -24
3 -6 24
3 -5 -24
3 -5 24
3 -4 -25
3 -4 25
3 -3 -25
3 -3 25
3 -2 -25
3 -2 25
3 -1 -25
3 -1 25
3 0 -25
3 0 25
3 1 -25
3 1 25
3 2 -25
3 2 25
3 3 -25
3 3 25
3 4 -25
3 4 25
3 5 -24
3 5 24
3 6 -24
3 6 24
3 7 -24
3 7 24
3 8 -24
3 8 24
3 9 -23
3 9 23
3 10 -23
3 10 23
3 11 -22
3 11 22
3 12 -22
3 12 22
3 13 -21
3 13 21
3 14 -21
3 14 21
3 15 -20
3 15 20
3 16 -19
3 16 19
3 17 -18
3 17 18
3 18 -17
3 18 17
3 19 -16
3 19 16
3 20 -15
3 20 15
3 21 -14
3 21 -13
3 21 13
3 21 14
3 22 -12
3 22 -11
3 22 11
3 22 12
3 23 -10
3 23 -9
3 23 9
3 23 10
3 24 -8
3 24 -7
3 24 -6
3 24 -5
3 24 5
3 24 6
3 24 7
3 24 8
3 25 -4
3 25 -3
3 25 -2
3 25 -1
3 25 0
3 25 1
3 25 2
3 25 3
3 25 4
4 -25 -3
4 -25 -2
4 -25 -1
4 -25 0
4 -25 1
4 -25 2
4 -25 3
4 -24 -7
4 -24 -6
4 -24 -5
4 -24 -4
4 -24 4
4 -24 5
4 -24 6
4 -24 7
4 -23 -10
4 -23 -9
4 -23 -8
4 -23 8
4 -23 9
4 -23 10
4 -22 -12
4 -22 -11
4 -22 11
4 -22 12
4 -21 -13
4 -21 13
4 -20 -15
4 -20 -14
4 -20 14
4 -20 15
4 -19 -16
4 -19 16
4 -18 -17
4 -18 17
4 -17 -18
4 -17 18
4 -16 -19
4 -16 19
4 -15 -20
4 -15 20
4 -14 -20
4 -14 20
4 -13 -21
4 -13 21
4 -12 -22
4 -12 22
4 -11 -22
4 -11 22
4 -10 -23
4 -10 23
4 -9 -23
4 -9 23
4 -8 -23
4 -8 23
4 -7 -24
4 -7 24
4 -6 -24
4 -6 24
4 -5 -24
4 -5 24
4 -4 -24
4 -4 24
4 -3 -25
4 -3 25
4 -2 -25
4 -2 25
4 -1 -25
4 -1 25
4 0 -25
4 0 25
4 1 -25
4 1 25
4 2 -25
4 2 25
4 3 -25
4 3 25
4 4 -24
4 4 24
4 5 -24
4 5 24
4 6 -24
4 6 24
4 7 -24
4 7 24
4 8 -23
4 8 23
4 9 -23
4 9 23
4 10 -23
4 10 23
4 11 -22
4 11 22
4 12 -22
4 12 22
4 13 -21
4 13 21
4 14 -20
4 14 20
4 15 -20
4 15 20
4 16 -19
4 16 19
4 17 -18
4 17 18
4 18 -17
4 18 17
4 19 -16
4 19 16
4 20 -15
4 20 -14
4 20 14
4 20 15
4 21 -13
4 21 13
4 22 -12
4 22 -11
4 22 11
4 22 12
4 23 -10
4 23 -9
4 23 -8
4 23 8
4 23 9
4 23 10
4 24 -7
4 24 -6
4 24 -5
4 24 -4
4 24 4
4 24 5
4 24 6
4 24 7
4 25 -3
4 25 -2
4 25 -1
4 25 0
4 25 1
4 25 2
4 25 3
5 -25 0
5 -24 -7
5 -24 -6
5 -24 -5
5 -24 -4
5 -24 -3
5 -24 -2
5 -24 -1
5 -24 1
5 -24 2
5 -24 3
5 -24 4
5 -24 5
5 -24 6
5 -24 7
5 -23 -9
5 -23 -8
5 -23 8
5 -23 9
5 -22 -11
5 -22 -10
5 -22 10
5 -22 11
5 -21 -13
5 -21 -12
5 -21 12
5 -21 13
5 -20 -15
5 -20 -14
5 -20 14
5 -20 15
5 -19 -16
5 -19 16
5 -18 -17
5 -18 17
5 -17 -18
5 -17 18
5 -16 -19
5 -16 19
5 -15 -20
5 -15 20
5 -14 -20
5 -14 20
5 -13 -21
5 -13 21
5 -12 -21
5 -12 21
5 -11 -22
5 -11 22
5 -10 -22
5 -10 22
5 -9 -23
5 -9 23
5 -8 -23
5 -8 23
5 -7 -24
5 -7 24
5 -6 -24
5 -6 24
5 -5 -24
5 -5 24
5 -4 -24
5 -4 24
5 -3 -24
5 -3 24
5 -2 -24
5 -2 24
5 -1 -24
5 -1 24
5 0 -25
5 0 25
5 1 -24
5 1 24
5 2 -24
5 2 24
5 3 -24
5 3 24
5 4 -24
5 4 24
5 5 -24
5 5 24
5 6 -24
5 6 24
5 7 -24
5 7 24
5 8 -23
5 8 23
5 9 -23
5 9 23
5 10 -22
5 10 22
5 11 -22
5 11 22
5 12 -21
5 12 21
5 13 -21
5 13 21
5 14 -20
5 14 20
5 15 -20
5 15 20
5 16 -19
5 16 19
5 17 -18
5 17 18
5 18 -17
5 18 17
5 19 -16
5 19 16
5 20 -15
5 20 -14
5 20 14
5 20 15
5 21 -13
5 21 -12
5 21 12
5 21 13
5 22 -11
5 22 -10
5 22 10
5 22 11
5 23 -9
5 23 -8
5 23 8
5 23 9
5 24 -7
5 24 -6
5 24 -5
5 24 -4
5 24 -3
5 24 -2
5 24 -1
5 24 1
5 24 2
5 24 3
5 24 4
5 24 5
5 24 6
5 24 7
5 25 0
6 -24 -6
6 -24 -5
6 -24 -4
6 -24 -3
6 -24 -2
6 -24 -1
6 -24 0
6 -24 1
6 -24 2
6 -24 3
6 -24 4
6 -24 5
6 -24 6
6 -23 -9
6 -23 -8
6 -23 -7
6 -23 7
6 -23 8
6 -23 9
6 -22 -11
6 -22 -10
6 -22 10
6 -22 11
6 -21 -13
6 -21 -12
6 -21 12
6 -21 13
6 -20 -14
6 -20 14
6 -19 -15
6 -19 15
6 -18 -17
6 -18 -16
6 -18 16
6 -18 17
6 -17 -18
6 -17 18
6 -16 -18
6 -16 18
6 -15 -19
6 -15 19
6 -14 -20
6 -14 20
6 -13 -21
6 -13 21
6 -12 -21
6 -12 21
6 -11 -22
6 -11 22
6 -10 -22
6 -10 22
6 -9 -23
6 -9 23
6 -8 -23
6 -8 23
6 -7 -23
6 -7 23
6 -6 -24
6 -6 24
6 -5 -24
6 -5 24
6 -4 -24
6 -4 24
6 -3 -24
6 -3 24
6 -2 -24
6 -2 24
6 -1 -24
6 -1 24
6 0 -24
6 0 24
6 1 -24
6 1 24
6 2 -24
6 2 24
6 3 -24
6 3 24
6 4 -24
6 4 24
6 5 -24
6 5 24
6 6 -24
6 6 24
6 7 -23
6 7 23
6 8 -23
6 8 23
6 9 -23
6 9 23
6 10 -22
6 10 22
6 11 -22
6 11 22
6 12 -21
6 12 21
6 13 -21
6 13 21
6 14 -20
6 14 20
6 15 -19
6 15 19
6 16 -18
6 16 18
6 17 -18
6 17 18
6 18 -17
6 18 -16
6 18 16
6 18 17
6 19 -15
6 19 15
6 20 -14
6 20 14
6 21 -13
6 21 -12
6 21 12
6 21 13
6 22 -11
6 22 -10
6 22 10
6 22 11
6 23 -9
6 23 -8
6 23 -7
6 23 7
6 23 8
6 23 9
6 24 -6
6 24 -5
6 24 -4
6 24 -3
6 24 -2
6 24 -1
6 24 0
6 24 1
6 24 2
6 24 3
6 24 4
6 24 5
6 24 6
7 -24 -5
7 -24 -4
7 -24 -3
7 -24 -2
7 -24 -1
7 -24 0
7 -24 1
7 -24 2
7 -24 3
7 -24 4
7 -24 5
7 -23 -8
7 -23 -7
7 -23 -6
7 -23 6
7 -23 7
7 -23 8
7 -22 -10
7 -22 -9
7 -22 9
7 -22 10
7 -21 -12
7 -21 -11
7 -21 11
7 -21 12
7 -20 -14
7 -20 -13
7 -20 13
7 -20 14
7 -19 -15
7 -19 15
7 -18 -16
7 -18 16
7 -17 -17
7 -17 17
7 -16 -18
7 -16 18
7 -15 -19
7 -15 19
7 -14 -20
7 -14 20
7 -13 -20
7 -13 20
7 -12 -21
7 -12 21
7 -11 -21
7 -11 21
7 -10 -22
7 -10 22
7 -9 -22
7 -9 22
7 -8 -23
7 -8 23
7 -7 -23
7 -7 23
7 -6 -23
7 -6 23
7 -5 -24
7 -5 24
7 -4 -24
7 -4 24
7 -3 -24
7 -3 24
7 -2 -24
7 -2 24
7 -1 -24
7 -1 24
7 0 -24
7 0 24
7 1 -24
7 1 24
7 2 -24
7 2 24
7 3 -24
7 3 24
7 4 -24
7 4 24
7 5 -24
7 5 24
7 6 -23
7 6 23
7 7 -23
7 7 23
7 8 -23
7 8 23
7 9 -22
7 9 22
7 10 -22
7 10 22
7 11 -21
7 11 21
7 12 -21
7 12 21
7 13 -20
7 13 20
7 14 -20
7 14 20
7 15 -19
7 15 19
7 16 -18
7 16 18
7 17 -17
7 17 17
7 18 -16
7 18 16
7 19 -15
7 19 15
7 20 -14
7 20 -13
7 20 13
7 20 14
7 21 -12
7 21 -11
7 21 11
7 21 12
7 22 -10
7 22 -9
7 22 9
7 22 10
7 23 -8
7 23 -7
7 23 -6
7 23 6
7 23 7
7 23 8
7 24 -5
7 24 -4
7 24 -3
7 24 -2
7 24 -1
7 24 0
7 24 1
7 24 2
7 24 3
7 24 4
7 24 5
8 -24 -3
8 -24 -2
8 -24 -1
8 -24 0
8 -24 1
8 -24 2
8 -24 3
8 -23 -7
8 -23 -6
8 -23 -5
8 -23 -4
8 -23 4
8 -23 5
8 -23 6
8 -23 7
8 -22 -10
8 -22 -9
8 -22 -8
8 -22 8
8 -22 9
8 -22 10
8 -21 -12
8 -21 -11
8 -21 11
8 -21 12
8 -20 -13
8 -20 13
8 -19 -15
8 -19 -14
8 -19 14
8 -19 15
8 -18 -16
8 -18 16
8 -17 -17
8 -17 17
8 -16 -18
8 -16 18
8 -15 -19
8 -15 19
8 -14 -19
8 -14 19
8 -13 -20
8 -13 20
8 -12 -21
8 -12 21
8 -11 -21
8 -11 21
8 -10 -22
8 -10 22
8 -9 -22
8 -9 22
8 -8 -22
8 -8 22
8 -7 -23
8 -7 23
8 -6 -23
8 -6 23
8 -5 -23
8 -5 23
8 -4 -23
8 -4 23
8 -3 -24
8 -3 24
8 -2 -24
8 -2 24
8 -1 -24
8 -1 24
8 0 -24
8 0 24
8 1 -24
8 1 24
8 2 -24
8 2 24
8 3 -24
8 3 24
8 4 -23
8 4 23
8 5 -23
8 5 23
8 6 -23
8 6 23
8 7 -23
8 7 23
8 8 -22
8 8 22
8 9 -22
8 9 22
8 10 -22
8 10 22
8 11 -21
8 11 21
8 12 -21
8 12 21
8 13 -20
8 13 20
8 14 -19
8 14 19
8 15 -19
8 15 19
8 16 -18
8 16 18
8 17 -17
8 17 17
8 18 -16
8 18 16
8 19 -15
8 19 -14
8 19 14
8 19 15
8 20 -13
8 20 13
8 21 -12
8 21 -11
8 21 11
8 21 12
8 22 -10
8 22 -9
8 22 -8
8 22 8
8 22 9
8 22 10
8 23 -7
8 23 -6
8 23 -5
8 23 -4
8 23 4
8 23 5
8 23 6
8 23 7
8 24 -3
8 24 -2
8 24 -1
8 24 0
8 24 1
8 24 2
8 24 3
9 -23 -6
9 -23 -5
9 -23 -4
9 -23 -3
9 -23 -2
9 -23 -1
9 -23 0
9 -23 1
9 -23 2
9 -23 3
9 -23 4
9 -23 5
9 -23 6
9 -22 -9
9 -22 -8
9 -22 -7
9 -22 7
9 -22 8
9 -22 9
9 -21 -11
9 -21 -10
9 -21 10
9 -21 11
9 -20 -13
9 -20 -12
9 -20 12
9 -20 13
9 -19 -14
9 -19 14
9 -18 -15
9 -18 15
9 -17 -16
9 -17 16
9 -16 -17
9 -16 17
9 -15 -18
9 -15 18
9 -14 -19
9 -14 19
9 -13 -20
9 -13 20
9 -12 -20
9 -12 20
9 -11 -21
9 -11 21
9 -10 -21
9 -10 21
9 -9 -22
9 -9 22
9 -8 -22
9 -8 22
9 -7 -22
9 -7 22
9 -6 -23
9 -6 23
9 -5 -23
9 -5 23
9 -4 -23
9 -4 23
9 -3 -23
9 -3 23
9 -2 -23
9 -2 23
9 -1 -23
9 -1 23
9 0 -23
9 0 23
9 1 -23
9 1 23
9 2 -23
9 2 23
9 3 -23
9 3 23
9 4 -23
9 4 23
9 5 -23
9 5 23
9 6 -23
9 6 23
9 7 -22
9 7 22
9 8 -22
9 8 22
9 9 -22
9 9 22
9 10 -21
9 10 21
9 11 -21
9 11 21
9 12 -20
9 12 20
9 13 -20
9 13 20
9 14 -19
9 14 19
9 15 -18
9 15 18
9 16 -17
9 16 17
9 17 -16
9 17 16
9 18 -15
9 18 15
9 19 -14
9 19 14
9 20 -13
9 20 -12
9 20 12
9 20 13
9 21 -11
9 21 -10
9 21 10
9 21 11
9 22 -9
9 22 -8
9 22 -7
9 22 7
9 22 8
9 22 9
9 23 -6
9 23 -5
9 23 -4
9 23 -3
9 23 -2
9 23 -1
9 23 0
9 23 1
9 23 2
9 23 3
9 23 4
9 23 5
9 23 6
10 -23 -4
10 -23 -3
10 -23 -2
10 -23 -1
10 -23 0
10 -23 1
10 -23 2
10 -23 3
10 -23 4
10 -22 -8
10 -22 -7
10 -22 -6
10 -22 -5
10 -22 5
10 -22 6
10 -22 7
10 -22 8
10 -21 -10
10 -21 -9
10 -21 9
10 -21 10
10 -20 -12
10 -20 -11
10 -20 11
10 -20 12
10 -19 -13
10 -19 13
10 -18 -15
10 -18 -14
10 -18 14
10 -18 15
10 -17 -16
10 -17 16
10 -16 -17
10 -16 17
10 -15 -18
10 -15 18
10 -14 -18
10 -14 18
10 -13 -19
10 -13 19
10 -12 -20
10 -12 20
10 -11 -20
10 -11 20
10 -10 -21
10 -10 21
10 -9 -21
10 -9 21
10 -8 -22
10 -8 22
10 -7 -22
10 -7 22
10 -6 -22
10 -6 22
10 -5 -22
10 -5 22
10 -4 -23
10 -4 23
10 -3 -23
10 -3 23
10 -2 -23
10 -2 23
10 -1 -23
10 -1 23
10 0 -23
10 0 23
10 1 -23
10 1 23
10 2 -23
10 2 23
10 3 -23
10 3 23
10 4 -23
10 4 23
10 5 -22
10 5 22
10 6 -22
10 6 22
10 7 -22
10 7 22
10 8 -22
10 8 22
10 9 -21
10 9 21
10 10 -21
10 10 21
10 11 -20
10 11 20
10 12 -20
10 12 20
10 13 -19
10 13 19
10 14 -18
10 14 18
10 15 -18
10 15 18
10 16 -17
10 16 17
10 17 -16
10 17 16
10 18 -15
10 18 -14
10 18 14
10 18 15
10 19 -13
10 19 13
10 20 -12
10 20 -11
10 20 11
10 20 12
10 21 -10
10 21 -9
10 21 9
10 21 10
10 22 -8
10 22 -7
10 22 -6
10 22 -5
10 22 5
10 22 6
10 22 7
10 22 8
10 23 -4
10 23 -3
10 23 -2
10 23 -1
10 23 0
10 23 1
10 23 2
10 23 3
10 23 4
11 -23 0
11 -22 -6
11 -22 -5
11 -22 -4
11 -22 -3
11 -22 -2
11 -22 -1
11 -22 1
11 -22 2
11 -22 3
11 -22 4
11 -22 5
11 -22 6
11 -21 -9
11 -21 -8
11 -21 -7
11 -21 7
11 -21 8
11 -21 9
11 -20 -11
11 -20 -10
11 -20 10
11 -20 11
11 -19 -12
11 -19 12
11 -18 -14
11 -18 -13
11 -18 13
11 -18 14
11 -17 -15
11 -17 15
11 -16 -16
11 -16 16
11 -15 -17
11 -15 17
11 -14 -18
11 -14 18
11 -13 -18
11 -13 18
11 -12 -19
11 -12 19
11 -11 -20
11 -11 20
11 -10 -20
11 -10 20
11 -9 -21
11 -9 21
11 -8 -21
11 -8 21
11 -7 -21
11 -7 21
11 -6 -22
11 -6 22
11 -5 -22
11 -5 22
11 -4 -22
11 -4 22
11 -3 -22
11 -3 22
11 -2 -22
11 -2 22
11 -1 -22
11 -1 22
11 0 -23
11 0 23
11 1 -22
11 1 22
11 2 -22
11 2 22
11 3 -22
11 3 22
11 4 -22
11 4 22
11 5 -22
11 5 22
11 6 -22
11 6 22
11 7 -21
11 7 21
11 8 -21
11 8 21
11 9 -21
11 9 21
11 10 -20
11 10 20
11 11 -20
11 11 20
11 12 -19
11 12 19
11 13 -18
11 13 18
11 14 -18
11 14 18
11 15 -17
11 15 17
11 16 -16
11 16 16
11 17 -15
11 17 15
11 18 -14
11 18 -13
11 18 13
11 18 14
11 19 -12
11 19 12
11 20 -11
11 20 -10
11 20 10
11 20 11
11 21 -9
11 21 -8
11 21 -7
11 21 7
11 21 8
11 21 9
11 22 -6
11 22 -5
11 22 -4
11 22 -3
11 22 -2
11 22 -1
11 22 1
11 22 2
11 22 3
11 22 4
11 22 5
11 22 6
11 23 0
12 -22 -4
12 -22 -3
12 -22 -2
12 -22 -1
12 -22 0
12 -22 1
12 -22 2
12 -22 3
12 -22 4
12 -21 -8
12 -21 -7
12 -21 -6
12 -21 -5
12 -21 5
12 -21 6
12 -21 7
12 -21 8
12 -20 -10
12 -20 -9
12 -20 9
12 -20 10
12 -19 -12
12 -19 -11
12 -19 11
12 -19 12
12 -18 -13
12 -18 13
12 -17 -14
12 -17 14
12 -16 -15
12 -16 15
12 -15 -16
12 -15 16
12 -14 -17
12 -14 17
12 -13 -18
12 -13 18
12 -12 -19
12 -12 19
12 -11 -19
12 -11 19
12 -10 -20
12 -10 20
12 -9 -20
12 -9 20
12 -8 -21
12 -8 21
12 -7 -21
12 -7 21
12 -6 -21
12 -6 21
12 -5 -21
12 -5 21
12 -4 -22
12 -4 22
12 -3 -22
12 -3 22
12 -2 -22
12 -2 22
12 -1 -22
12 -1 22
12 0 -22
12 0 22
12 1 -22
12 1 22
12 2 -22
12 2 22
12 3 -22
12 3 22
12 4 -22
12 4 22
12 5 -21
12 5 21
12 6 -21
12 6 21
12 7 -21
12 7 21
12 8 -21
12 8 21
12 9 -20
12 9 20
12 10 -20
12 10 20
12 11 -19
12 11 19
12 12 -19
12 12 19
12 13 -18
12 13 18
12 14 -17
12 14 17
12 15 -16
12 15 16
12 16 -15
12 16 15
12 17 -14
12 17 14
12 18 -13
12 18 13
12 19 -12
12 19 -11
12 19 11
12 19 12
12 20 -10
12 20 -9
12 20 9
12 20 10
12 21 -8
12 21 -7
12 21 -6
12 21 -5
12 21 5
12 21 6
12 21 7
12 21 8
12 22 -4
12 22 -3
12 22 -2
12 22 -1
12 22 0
12 22 1
12 22 2
12 22 3
12 22 4
13 -21 -6
13 -21 -5
13 -21 -4
13 -21 -3
13 -21 -2
13 -21 -1
13 -21 0
13 -21 1
13 -21 2
13 -21 3
13 -21 4
13 -21 5
13 -21 6
13 -20 -9
13 -20 -8
13 -20 -7
13 -20 7
13 -20 8
13 -20 9
13 -19 -10
13 -19 10
13 -18 -12
13 -18 -11
13 -18 11
13 -18 12
13 -17 -13
13 -17 13
13 -16 -15
13 -16 -14
13 -16 14
13 -16 15
13 -15 -16
13 -15 16
13 -14 -16
13 -14 16
13 -13 -17
13 -13 17
13 -12 -18
13 -12 18
13 -11 -18
13 -11 18
13 -10 -19
13 -10 19
13 -9 -20
13 -9 20
13 -8 -20
13 -8 20
13 -7 -20
13 -7 20
13 -6 -21
13 -6 21
13 -5 -21
13 -5 21
13 -4 -21
13 -4 21
13 -3 -21
13 -3 21
13 -2 -21
13 -2 21
13 -1 -21
13 -1 21
13 0 -21
13 0 21
13 1 -21
13 1 21
13 2 -21
13 2 21
13 3 -21
13 3 21
13 4 -21
13 4 21
13 5 -21
13 5 21
13 6 -21
13 6 21
13 7 -20
13 7 20
13 8 -20
13 8 20
13 9 -20
13 9 20
13 10 -19
13 10 19
13 11 -18
13 11 18
13 12 -18
13 12 18
13 13 -17
13 13 17
13 14 -16
13 14 16
13 15 -16
13 15 16
13 16 -15
13 16 -14
13 16 14
13 16 15
13 17 -13
13 17 13
13 18 -12
13 18 -11
13 18 11
13 18 12
13 19 -10
13 19 10
13 20 -9
13 20 -8
13 20 -7
13 20 7
13 20 8
13 20 9
13 21 -6
13 21 -5
13 21 -4
13 21 -3
13 21 -2
13 21 -1
13 21 0
13 21 1
13 21 2
13 21 3
13 21 4
13 21 5
13 21 6
14 -21 -3
14 -21 -2
14 -21 -1
14 -21 0
14 -21 1
14 -21 2
14 -21 3
14 -20 -7
14 -20 -6
14 -20 -5
14 -20 -4
14 -20 4
14 -20 5
14 -20 6
14 -20 7
14 -19 -9
14 -19 -8
14 -19 8
14 -19 9
14 -18 -11
14 -18 -10
14 -18 10
14 -18 11
14 -17 -12
14 -17 12
14 -16 -14
14 -16 -13
14 -16 13
14 -16 14
14 -15 -15
14 -15 15
14 -14 -16
14 -14 16
14 -13 -16
14 -13 16
14 -12 -17
14 -12 17
14 -11 -18
14 -11 18
14 -10 -18
14 -10 18
14 -9 -19
14 -9 19
14 -8 -19
14 -8 19
14 -7 -20
14 -7 20
14 -6 -20
14 -6 20
14 -5 -20
14 -5 20
14 -4 -20
14 -4 20
14 -3 -21
14 -3 21
14 -2 -21
14 -2 21
14 -1 -21
14 -1 21
14 0 -21
14 0 21
14 1 -21
14 1 21
14 2 -21
14 2 21
14 3 -21
14 3 21
14 4 -20
14 4 20
14 5 -20
14 5 20
14 6 -20
14 6 20
14 7 -20
14 7 20
14 8 -19
14 8 19
14 9 -19
14 9 19
14 10 -18
14 10 18
14 11 -18
14 11 18
14 12 -17
14 12 17
14 13 -16
14 13 16
14 14 -16
14 14 16
14 15 -15
14 15 15
14 16 -14
14 16 -13
14 16 13
14 16 14
14 17 -12
14 17 12
14 18 -11
14 18 -10
14 18 10
14 18 11
14 19 -9
14 19 -8
14 19 8
14 19 9
14 20 -7
14 20 -6
14 20 -5
14 20 -4
14 20 4
14 20 5
14 20 6
14 20 7
14 21 -3
14 21 -2
14 21 -1
14 21 0
14 21 1
14 21 2
14 21 3
15 -20 -5
15 -20 -4
15 -20 -3
15 -20 -2
15 -20 -1
15 -20 0
15 -20 1
15 -20 2
15 -20 3
15 -20 4
15 -20 5
15 -19 -8
15 -19 -7
15 -19 -6
15 -19 6
15 -19 7
15 -19 8
15 -18 -10
15 -18 -9
15 -18 9
15 -18 10
15 -17 -11
15 -17 11
15 -16 -13
15 -16 -12
15 -16 12
15 -16 13
15 -15 -14
15 -15 14
15 -14 -15
15 -14 15
15 -13 -16
15 -13 16
15 -12 -16
15 -12 16
15 -11 -17
15 -11 17
15 -10 -18
15 -10 18
15 -9 -18
15 -9 18
15 -8 -19
15 -8 19
15 -7 -19
15 -7 19
15 -6 -19
15 -6 19
15 -5 -20
15 -5 20
15 -4 -20
15 -4 20
15 -3 -20
15 -3 20
15 -2 -20
15 -2 20
15 -1 -20
15 -1 20
15 0 -20
15 0 20
15 1 -20
15 1 20
15 2 -20
15 2 20
15 3 -20
15 3 20
15 4 -20
15 4 20
15 5 -20
15 5 20
15 6 -19
15 6 19
15 7 -19
15 7 19
15 8 -19
15 8 19
15 9 -18
15 9 18
15 10 -18
15 10 18
15 11 -17
15 11 17
15 12 -16
15 12 16
15 13 -16
15 13 16
15 14 -15
15 14 15
15 15 -14
15 15 14
15 16 -13
15 16 -12
15 16 12
15 16 13
15 17 -11
15 17 11
15 18 -10
15 18 -9
15 18 9
15 18 10
15 19 -8
15 19 -7
15 19 -6
15 19 6
15 19 7
15 19 8
15 20 -5
15 20 -4
15 20 -3
15 20 -2
15 20 -1
15 20 0
15 20 1
15 20 2
15 20 3
15 20 4
15 20 5
16 -19 -5
16 -19 -4
16 -19 -3
16 -19 -2
16 -19 -1
16 -19 0
16 -19 1
16 -19 2
16 -19 3
16 -19 4
16 -19 5
16 -18 -8
16 -18 -7
16 -18 -6
16 -18 6
16 -18 7
16 -18 8
16 -17 -10
16 -17 -9
16 -17 9
16 -17 10
16 -16 -11
16 -16 11
16 -15 -13
16 -15 -12
16 -15 12
16 -15 13
16 -14 -14
16 -14 -13
16 -14 13
16 -14 14
16 -13 -15
16 -13 -14
16 -13 14
16 -13 15
16 -12 -15
16 -12 15
16 -11 -16
16 -11 16
16 -10 -17
16 -10 17
16 -9 -17
16 -9 17
16 -8 -18
16 -8 18
16 -7 -18
16 -7 18
16 -6 -18
16 -6 18
16 -5 -19
16 -5 19
16 -4 -19
16 -4 19
16 -3 -19
16 -3 19
16 -2 -19
16 -2 19
16 -1 -19
16 -1 19
16 0 -19
16 0 19
16 1 -19
16 1 19
16 2 -19
16 2 19
16 3 -19
16 3 19
16 4 -19
16 4 19
16 5 -19
16 5 19
16 6 -18
16 6 18
16 7 -18
16 7 18
16 8 -18
16 8 18
16 9 -17
16 9 17
16 10 -17
16 10 17
16 11 -16
16 11 16
16 12 -15
16 12 15
16 13 -15
16 13 -14
16 13 14
16 13 15
16 14 -14
16 14 -13
16 14 13
16 14 14
16 15 -13
16 15 -12
16 15 12
16 15 13
16 16 -11
16 16 11
16 17 -10
16 17 -9
16 17 9
16 17 10
16 18 -8
16 18 -7
16 18 -6
16 18 6
16 18 7
16 18 8
16 19 -5
16 19 -4
16 19 -3
16 19 -2
16 19 -1
16 19 0
16 19 1
16 19 2
16 19 3
16 19 4
16 19 5
17 -19 0
17 -18 -6
17 -18 -5
17 -18 -4
17 -18 -3
17 -18 -2
17 -18 -1
17 -18 1
17 -18 2
17 -18 3
17 -18 4
17 -18 5
17 -18 6
17 -17 -8
17 -17 -7
17 -17 7
17 -17 8
17 -16 -10
17 -16 -9
17 -16 9
17 -16 10
17 -15 -11
17 -15 11
17 -14 -12
17 -14 12
17 -13 -13
17 -13 13
17 -12 -14
17 -12 14
17 -11 -15
17 -11 15
17 -10 -16
17 -10 16
17 -9 -16
17 -9 16
17 -8 -17
17 -8 17
17 -7 -17
17 -7 17
17 -6 -18
17 -6 18
17 -5 -18
17 -5 18
17 -4 -18
17 -4 18
17 -3 -18
17 -3 18
17 -2 -18
17 -2 18
17 -1 -18
17 -1 18
17 0 -19
17 0 19
17 1 -18
17 1 18
17 2 -18
17 2 18
17 3 -18
17 3 18
17 4 -18
17 4 18
17 5 -18
17 5 18
17 6 -18
17 6 18
17 7 -17
17 7 17
17 8 -17
17 8 17
17 9 -16
17 9 16
17 10 -16
17 10 16
17 11 -15
17 11 15
17 12 -14
17 12 14
17 13 -13
17 13 13
17 14 -12
17 14 12
17 15 -11
17 15 11
17 16 -10
17 16 -9
17 16 9
17 16 10
17 17 -8
17 17 -7
17 17 7
17 17 8
17 18 -6
17 18 -5
17 18 -4
17 18 -3
17 18 -2
17 18 -1
17 18 1
17 18 2
17 18 3
17 18 4
17 18 5
17 18 6
17 19 0
18 -18 -1
18 -18 0
18 -18 1
18 -17 -6
18 -17 -5
18 -17 -4
18 -17 -3
18 -17 -2
18 -17 -1
18 -17 1
18 -17 2
18 -17 3
18 -17 4
18 -17 5
18 -17 6
18 -16 -8
18 -16 -7
18 -16 -6
18 -16 6
18 -16 7
18 -16 8
18 -15 -10
18 -15 -9
18 -15 9
18 -15 10
18 -14 -11
18 -14 -10
18 -14 10
18 -14 11
18 -13 -12
18 -13 -11
18 -13 11
18 -13 12
18 -12 -13
18 -12 13
18 -11 -14
18 -11 -13
18 -11 13
18 -11 14
18 -10 -15
18 -10 -14
18 -10 14
18 -10 15
18 -9 -15
18 -9 15
18 -8 -16
18 -8 16
18 -7 -16
18 -7 16
18 -6 -17
18 -6 -16
18 -6 16
18 -6 17
18 -5 -17
18 -5 17
18 -4 -17
18 -4 17
18 -3 -17
18 -3 17
18 -2 -17
18 -2 17
18 -1 -18
18 -1 -17
18 -1 17
18 -1 18
18 0 -18
18 0 18
18 1 -18
18 1 -17
18 1 17
18 1 18
18 2 -17
18 2 17
18 3 -17
18 3 17
18 4 -17
18 4 17
18 5 -17
18 5 17
18 6 -17
18 6 -16
18 6 16
18 6 17
18 7 -16
18 7 16
18 8 -16
18 8 16
18 9 -15
18 9 15
18 10 -15
18 10 -14
18 10 14
18 10 15
18 11 -14
18 11 -13
18 11 13
18 11 14
18 12 -13
18 12 13
18 13 -12
18 13 -11
18 13 11
18 13 12
18 14 -11
18 14 -10
18 14 10
18 14 11
18 15 -10
18 15 -9
18 15 9
18 15 10
18 16 -8
18 16 -7
18 16 -6
18 16 6
18 16 7
18 16 8
18 17 -6
18 17 -5
18 17 -4
18 17 -3
18 17 -2
18 17 -1
18 17 1
18 17 2
18 17 3
18 17 4
18 17 5
18 17 6
18 18 -1
18 18 0
18 18 1
19 -17 0
19 -16 -5
19 -16 -4
19 -16 -3
19 -16 -2
19 -16 -1
19 -16 0
19 -16 1
19 -16 2
19 -16 3
19 -16 4
19 -16 5
19 -15 -8
19 -15 -7
19 -15 -6
19 -15 6
19 -15 7
19 -15 8
19 -14 -9
19 -14 -8
19 -14 8
19 -14 9
19 -13 -10
19 -13 10
19 -12 -12
19 -12 -11
19 -12 11
19 -12 12
19 -11 -12
19 -11 12
19 -10 -13
19 -10 13
19 -9 -14
19 -9 14
19 -8 -15
19 -8 -14
19 -8 14
19 -8 15
19 -7 -15
19 -7 15
19 -6 -15
19 -6 15
19 -5 -16
19 -5 16
19 -4 -16
19 -4 16
19 -3 -16
19 -3 16
19 -2 -16
19 -2 16
19 -1 -16
19 -1 16
19 0 -17
19 0 -16
19 0 16
19 0 17
19 1 -16
19 1 16
19 2 -16
19 2 16
19 3 -16
19 3 16
19 4 -16
19 4 16
19 5 -16
19 5 16
19 6 -15
19 6 15
19 7 -15
19 7 15
19 8 -15
19 8 -14
19 8 14
19 8 15
19 9 -14
19 9 14
19 10 -13
19 10 13
19 11 -12
19 11 12
19 12 -12
19 12 -11
19 12 11
19 12 12
19 13 -10
19 13 10
19 14 -9
19 14 -8
19 14 8
19 14 9
19 15 -8
19 15 -7
19 15 -6
19 15 6
19 15 7
19 15 8
19 16 -5
19 16 -4
19 16 -3
19 16 -2
19 16 -1
19 16 0
19 16 1
19 16 2
19 16 3
19 16 4
19 16 5
19 17 0
20 -15 -5
20 -15 -4
20 -15 -3
20 -15 -2
20 -15 -1
20 -15 0
20 -15 1
20 -15 2
20 -15 3
20 -15 4
20 -15 5
20 -14 -7
20 -14 -6
20 -14 -5
20 -14 -4
20 -14 4
20 -14 5
20 -14 6
20 -14 7
20 -13 -9
20 -13 -8
20 -13 -7
20 -13 7
20 -13 8
20 -13 9
20 -12 -10
20 -12 -9
20 -12 9
20 -12 10
20 -11 -11
20 -11 -10
20 -11 10
20 -11 11
20 -10 -12
20 -10 -11
20 -10 11
20 -10 12
20 -9 -13
20 -9 -12
20 -9 12
20 -9 13
20 -8 -13
20 -8 13
20 -7 -14
20 -7 -13
20 -7 13
20 -7 14
20 -6 -14
20 -6 14
20 -5 -15
20 -5 -14
20 -5 14
20 -5 15
20 -4 -15
20 -4 -14
20 -4 14
20 -4 15
20 -3 -15
20 -3 15
20 -2 -15
20 -2 15
20 -1 -15
20 -1 15
20 0 -15
20 0 15
20 1 -15
20 1 15
20 2 -15
20 2 15
20 3 -15
20 3 15
20 4 -15
20 4 -14
20 4 14
20 4 15
20 5 -15
20 5 -14
20 5 14
20 5 15
20 6 -14
20 6 14
20 7 -14
20 7 -13
20 7 13
20 7 14
20 8 -13
20 8 13
20 9 -13
20 9 -12
20 9 12
20 9 13
20 10 -12
20 10 -11
20 10 11
20 10 12
20 11 -11
20 11 -10
20 11 10
20 11 11
20 12 -10
20 12 -9
20 12 9
20 12 10
20 13 -9
20 13 -8
20 13 -7
20 13 7
20 13 8
20 13 9
20 14 -7
20 14 -6
20 14 -5
20 14 -4
20 14 4
20 14 5
20 14 6
20 14 7
20 15 -5
20 15 -4
20 15 -3
20 15 -2
20 15 -1
20 15 0
20 15 1
20 15 2
20 15 3
20 15 4
20 15 5
21 -14 -3
21 -14 -2
21 -14 -1
21 -14 0
21 -14 1
21 -14 2
21 -14 3
21 -13 -6
21 -13 -5
21 -13 -4
21 -13 -3
21 -13 -2
21 -13 -1
21 -13 0
21 -13 1
21 -13 2
21 -13 3
21 -13 4
21 -13 5
21 -13 6
21 -12 -8
21 -12 -7
21 -12 -6
21 -12 -5
21 -12 5
21 -12 6
21 -12 7
21 -12 8
21 -11 -9
21 -11 -8
21 -11 -7
21 -11 7
21 -11 8
21 -11 9
21 -10 -10
21 -10 -9
21 -10 9
21 -10 10
21 -9 -11
21 -9 -10
21 -9 10
21 -9 11
21 -8 -12
21 -8 -11
21 -8 11
21 -8 12
21 -7 -12
21 -7 -11
21 -7 11
21 -7 12
21 -6 -13
21 -6 -12
21 -6 12
21 -6 13
21 -5 -13
21 -5 -12
21 -5 12
21 -5 13
21 -4 -13
21 -4 13
21 -3 -14
21 -3 -13
21 -3 13
21 -3 14
21 -2 -14
21 -2 -13
21 -2 13
21 -2 14
21 -1 -14
21 -1 -13
21 -1 13
21 -1 14
21 0 -14
21 0 -13
21 0 13
21 0 14
21 1 -14
21 1 -13
21 1 13
21 1 14
21 2 -14
21 2 -13
21 2 13
21 2 14
21 3 -14
21 3 -13
21 3 13
21 3 14
21 4 -13
21 4 13
21 5 -13
21 5 -12
21 5 12
21 5 13
21 6 -13
21 6 -12
21 6 12
21 6 13
21 7 -12
21 7 -11
21 7 11
21 7 12
21 8 -12
21 8 -11
21 8 11
21 8 12
21 9 -11
21 9 -10
21 9 10
21 9 11
21 10 -10
21 10 -9
21 10 9
21 10 10
21 11 -9
21 11 -8
21 11 -7
21 11 7
21 11 8
21 11 9
21 12 -8
21 12 -7
21 12 -6
21 12 -5
21 12 5
21 12 6
21 12 7
21 12 8
21 13 -6
21 13 -5
21 13 -4
21 13 -3
21 13 -2
21 13 -1
21 13 0
21 13 1
21 13 2
21 13 3
21 13 4
21 13 5
21 13 6
21 14 -3
21 14 -2
21 14 -1
21 14 0
21 14 1
21 14 2
21 14 3
22 -12 -4
22 -12 -3
22 -12 -2
22 -12 -1
22 -12 0
22 -12 1
22 -12 2
22 -12 3
22 -12 4
22 -11 -6
22 -11 -5
22 -11 -4
22 -11 -3
22 -11 -2
22 -11 -1
22 -11 1
22 -11 2
22 -11 3
22 -11 4
22 -11 5
22 -11 6
22 -10 -8
22 -10 -7
22 -10 -6
22 -10 -5
22 -10 5
22 -10 6
22 -10 7
22 -10 8
22 -9 -9
22 -9 -8
22 -9 -7
22 -9 7
22 -9 8
22 -9 9
22 -8 -10
22 -8 -9
22 -8 -8
22 -8 8
22 -8 9
22 -8 10
22 -7 -10
22 -7 -9
22 -7 9
22 -7 10
22 -6 -11
22 -6 -10
22 -6 10
22 -6 11
22 -5 -11
22 -5 -10
22 -5 10
22 -5 11
22 -4 -12
22 -4 -11
22 -4 11
22 -4 12
22 -3 -12
22 -3 -11
22 -3 11
22 -3 12
22 -2 -12
22 -2 -11
22 -2 11
22 -2 12
22 -1 -12
22 -1 -11
22 -1 11
22 -1 12
22 0 -12
22 0 12
22 1 -12
22 1 -11
22 1 11
22 1 12
22 2 -12
22 2 -11
22 2 11
22 2 12
22 3 -12
22 3 -11
22 3 11
22 3 12
22 4 -12
22 4 -11
22 4 11
22 4 12
22 5 -11
22 5 -10
22 5 10
22 5 11
22 6 -11
22 6 -10
22 6 10
22 6 11
22 7 -10
22 7 -9
22 7 9
22 7 10
22 8 -10
22 8 -9
22 8 -8
22 8 8
22 8 9
22 8 10
22 9 -9
22 9 -8
22 9 -7
22 9 7
22 9 8
22 9 9
22 10 -8
22 10 -7
22 10 -6
22 10 -5
22 10 5
22 10 6
22 10 7
22 10 8
22 11 -6
22 11 -5
22 11 -4
22 11 -3
22 11 -2
22 11 -1
22 11 1
22 11 2
22 11 3
22 11 4
22 11 5
22 11 6
22 12 -4
22 12 -3
22 12 -2
22 12 -1
22 12 0
22 12 1
22 12 2
22 12 3
22 12 4
23 -11 0
23 -10 -4
23 -10 -3
23 -10 -2
23 -10 -1
23 -10 0
23 -10 1
23 -10 2
23 -10 3
23 -10 4
23 -9 -6
23 -9 -5
23 -9 -4
23 -9 -3
23 -9 -2
23 -9 -1
23 -9 0
23 -9 1
23 -9 2
23 -9 3
23 -9 4
23 -9 5
23 -9 6
23 -8 -7
23 -8 -6
23 -8 -5
23 -8 -4
23 -8 4
23 -8 5
23 -8 6
23 -8 7
23 -7 -8
23 -7 -7
23 -7 -6
23 -7 6
23 -7 7
23 -7 8
23 -6 -9
23 -6 -8
23 -6 -7
23 -6 7
23 -6 8
23 -6 9
23 -5 -9
23 -5 -8
23 -5 8
23 -5 9
23 -4 -10
23 -4 -9
23 -4 -8
23 -4 8
23 -4 9
23 -4 10
23 -3 -10
23 -3 -9
23 -3 9
23 -3 10
23 -2 -10
23 -2 -9
23 -2 9
23 -2 10
23 -1 -10
23 -1 -9
23 -1 9
23 -1 10
23 0 -11
23 0 -10
23 0 -9
23 0 9
23 0 10
23 0 11
23 1 -10
23 1 -9
23 1 9
23 1 10
23 2 -10
23 2 -9
23 2 9
23 2 10
23 3 -10
23 3 -9
23 3 9
23 3 10
23 4 -10
23 4 -9
23 4 -8
23 4 8
23 4 9
23 4 10
23 5 -9
23 5 -8
23 5 8
23 5 9
23 6 -9
23 6 -8
23 6 -7
23 6 7
23 6 8
23 6 9
23 7 -8
23 7 -7
23 7 -6
23 7 6
23 7 7
23 7 8
23 8 -7
23 8 -6
23 8 -5
23 8 -4
23 8 4
23 8 5
23 8 6
23 8 7
23 9 -6
23 9 -5
23 9 -4
23 9 -3
23 9 -2
23 9 -1
23 9 0
23 9 1
23 9 2
23 9 3
23 9 4
23 9 5
23 9 6
23 10 -4
23 10 -3
23 10 -2
23 10 -1
23 10 0
23 10 1
23 10 2
23 10 3
23 10 4
23 11 0
24 -8 -3
24 -8 -2
24 -8 -1
24 -8 0
24 -8 1
24 -8 2
24 -8 3
24 -7 -5
24 -7 -4
24 -7 -3
24 -7 -2
24 -7 -1
24 -7 0
24 -7 1
24 -7 2
24 -7 3
24 -7 4
24 -7 5
24 -6 -6
24 -6 -5
24 -6 -4
24 -6 -3
24 -6 -2
24 -6 -1
24 -6 0
24 -6 1
24 -6 2
24 -6 3
24 -6 4
24 -6 5
24 -6 6
24 -5 -7
24 -5 -6
24 -5 -5
24 -5 -4
24 -5 -3
24 -5 -2
24 -5 -1
24 -5 1
24 -5 2
24 -5 3
24 -5 4
24 -5 5
24 -5 6
24 -5 7
24 -4 -7
24 -4 -6
24 -4 -5
24 -4 -4
24 -4 4
24 -4 5
24 -4 6
24 -4 7
24 -3 -8
24 -3 -7
24 -3 -6
24 -3 -5
24 -3 5
24 -3 6
24 -3 7
24 -3 8
24 -2 -8
24 -2 -7
24 -2 -6
24 -2 -5
24 -2 5
24 -2 6
24 -2 7
24 -2 8
24 -1 -8
24 -1 -7
24 -1 -6
24 -1 -5
24 -1 5
24 -1 6
24 -1 7
24 -1 8
24 0 -8
24 0 -7
24 0 -6
24 0 6
24 0 7
24 0 8
24 1 -8
24 1 -7
24 1 -6
24 1 -5
24 1 5
24 1 6
24 1 7
24 1 8
24 2 -8
24 2 -7
24 2 -6
24 2 -5
24 2 5
24 2 6
24 2 7
24 2 8
24 3 -8
24 3 -7
24 3 -6
24 3 -5
24 3 5
24 3 6
24 3 7
24 3 8
24 4 -7
24 4 -6
24 4 -5
24 4 -4
24 4 4
24 4 5
24 4 6
24 4 7
24 5 -7
24 5 -6
24 5 -5
24 5 -4
24 5 -3
24 5 -2
24 5 -1
24 5 1
24 5 2
24 5 3
24 5 4
24 5 5
24 5 6
24 5 7
24 6 -6
24 6 -5
24 6 -4
24 6 -3
24 6 -2
24 6 -1
24 6 0
24 6 1
24 6 2
24 6 3
24 6 4
24 6 5
24 6 6
24 7 -5
24 7 -4
24 7 -3
24 7 -2
24 7 -1
24 7 0
24 7 1
24 7 2
24 7 3
24 7 4
24 7 5
24 8 -3
24 8 -2
24 8 -1
24 8 0
24 8 1
24 8 2
24 8 3
25 -5 0
25 -4 -3
25 -4 -2
25 -4 -1
25 -4 0
25 -4 1
25 -4 2
25 -4 3
25 -3 -4
25 -3 -3
25 -3 -2
25 -3 -1
25 -3 0
25 -3 1
25 -3 2
25 -3 3
25 -3 4
25 -2 -4
25 -2 -3
25 -2 -2
25 -2 -1
25 -2 0
25 -2 1
25 -2 2
25 -2 3
25 -2 4
25 -1 -4
25 -1 -3
25 -1 -2
25 -1 -1
25 -1 0
25 -1 1
25 -1 2
25 -1 3
25 -1 4
25 0 -5
25 0 -4
25 0 -3
25 0 -2
25 0 -1
25 0 0
25 0 1
25 0 2
25 0 3
25 0 4
25 0 5
25 1 -4
25 1 -3
25 1 -2
25 1 -1
25 1 0
25 1 1
25 1 2
25 1 3
25 1 4
25 2 -4
25 2 -3
25 2 -2
25 2 -1
25 2 0
25 2 1
25 2 2
25 2 3
25 2 4
25 3 -4
25 3 -3
25 3 -2
25 3 -1
25 3 0
25 3 1
25 3 2
25 3 3
25 3 4
25 4 -3
25 4 -2
25 4 -1
25 4 0
25 4 1
25 4 2
25 4 3
25 5 0
