-12 -3 -1
-12 -3 0
-12 -3 1
-12 -2 -2
-12 -2 -1
-12 -2 0
-12 -2 1
-12 -2 2
-12 -1 -3
-12 -1 -2
-12 -1 -1
-12 -1 0
-12 -1 1
-12 -1 2
-12 -1 3
-12 0 -3
-12 0 -2
-12 0 -1
-12 0 0
-12 0 1
-12 0 2
-12 0 3
-12 1 -3
-12 1 -2
-12 1 -1
-12 1 0
-12 1 1
-12 1 2
-12 1 3
-12 2 -2
-12 2 -1
-12 2 0
-12 2 1
-12 2 2
-12 3 -1
-12 3 0
-12 3 1
-11 -5 -3
-11 -5 -2
-11 -5 -1
-11 -5 0
-11 -5 1
-11 -5 2
-11 -5 3
-11 -4 -4
-11 -4 -3
-11 -4 -2
-11 -4 -1
-11 -4 0
-11 -4 1
-11 -4 2
-11 -4 3
-11 -4 4
-11 -3 -5
-11 -3 -4
-11 -3 -3
-11 -3 -2
-11 -3 2
-11 -3 3
-11 -3 4
-11 -3 5
-11 -2 -5
-11 -2 -4
-11 -2 -3
-11 -2 3
-11 -2 4
-11 -2 5
-11 -1 -5
-11 -1 -4
-11 -1 4
-11 -1 5
-11 0 -5
-11 0 -4
-11 0 4
-11 0 5
-11 1 -5
-11 1 -4
-11 1 4
-11 1 5
-11 2 -5
-11 2 -4
-11 2 -3
-11 2 3
-11 2 4
-11 2 5
-11 3 -5
-11 3 -4
-11 3 -3
-11 3 -2
-11 3 2
-11 3 3
-11 3 4
-11 3 5
-11 4 -4
-11 4 -3
-11 4 -2
-11 4 -1
-11 4 0
-11 4 1
-11 4 2
-11 4 3
-11 4 4
-11 5 -3
-11 5 -2
-11 5 -1
-11 5 0
-11 5 1
-11 5 2
-11 5 3
-10 -7 -2
-10 -7 -1
-10 -7 0
-10 -7 1
-10 -7 2
-10 -6 -4
-10 -6 -3
-10 -6 -2
-10 -6 -1
-10 -6 0
-10 -6 1
-10 -6 2
-10 -6 3
-10 -6 4
-10 -5 -5
-10 -5 -4
-10 -5 4
-10 -5 5
-10 -4 -6
-10 -4 -5
-10 -4 5
-10 -4 6
-10 -3 -6
-10 -3 6
-10 -2 -7
-10 -2 -6
-10 -2 6
-10 -2 7
-10 -1 -7
-10 -1 -6
-10 -1 6
-10 -1 7
-10 0 -7
-10 0 -6
-10 0 6
-10 0 7
-10 1 -7
-10 1 -6
-10 1 6
-10 1 7
-10 2 -7
-10 2 -6
-10 2 6
-10 2 7
-10 3 -6
-10 3 6
-10 4 -6
-10 4 -5
-10 4 5
-10 4 6
-10 5 -5
-10 5 -4
-10 5 4
-10 5 5
-10 6 -4
-10 6 -3
-10 6 -2
-10 6 -1
-10 6 0
-10 6 1
-10 6 2
-10 6 3
-10 6 4
-10 7 -2
-10 7 -1
-10 7 0
-10 7 1
-10 7 2
-9 -8 -3
-9 -8 -2
-9 -8 -1
-9 -8 0
-9 -8 1
-9 -8 2
-9 -8 3
-9 -7 -5
-9 -7 -4
-9 -7 -3
-9 -7 3
-9 -7 4
-9 -7 5
-9 -6 -6
-9 -6 -5
-9 -6 5
-9 -6 6
-9 -5 -7
-9 -5 -6
-9 -5 6
-9 -5 7
-9 -4 -7
-9 -4 7
-9 -3 -8
-9 -3 -7
-9 -3 7
-9 -3 8
-9 -2 -8
-9 -2 8
-9 -1 -8
-9 -1 8
-9 0 -8
-9 0 8
-9 1 -8
-9 1 8
-9 2 -8
-9 2 8
-9 3 -8
-9 3 -7
-9 3 7
-9 3 8
-9 4 -7
-9 4 7
-9 5 -7
-9 5 -6
-9 5 6
-9 5 7
-9 6 -6
-9 6 -5
-9 6 5
-9 6 6
-9 7 -5
-9 7 -4
-9 7 -3
-9 7 3
-9 7 4
-9 7 5
-9 8 -3
-9 8 -2
-9 8 -1
-9 8 0
-9 8 1
-9 8 2
-9 8 3
-8 -9 -3
-8 -9 -2
-8 -9 -1
-8 -9 0
-8 -9 1
-8 -9 2
-8 -9 3
-8 -8 -5
-8 -8 -4
-8 -8 4
-8 -8 5
-8 -7 -6
-8 -7 6
-8 -6 -7
-8 -6 7
-8 -5 -8
-8 -5 8
-8 -4 -8
-8 -4 8
-8 -3 -9
-8 -3 9
-8 -2 -9
-8 -2 9
-8 -1 -9
-8 -1 9
-8 0 -9
-8 0 9
-8 1 -9
-8 1 9
-8 2 -9
-8 2 9
-8 3 -9
-8 3 9
-8 4 -8
-8 4 8
-8 5 -8
-8 5 8
-8 6 -7
-8 6 7
-8 7 -6
-8 7 6
-8 8 -5
-8 8 -4
-8 8 4
-8 8 5
-8 9 -3
-8 9 -2
-8 9 -1
-8 9 0
-8 9 1
-8 9 2
-8 9 3
-7 -10 -2
-7 -10 -1
-7 -10 0
-7 -10 1
-7 -10 2
-7 -9 -5
-7 -9 -4
-7 -9 -3
-7 -9 3
-7 -9 4
-7 -9 5
-7 -8 -6
-7 -8 6
-7 -7 -7
-7 -7 7
-7 -6 -8
-7 -6 8
-7 -5 -9
-7 -5 9
-7 -4 -9
-7 -4 9
-7 -3 -9
-7 -3 9
-7 -2 -10
-7 -2 10
-7 -1 -10
-7 -1 10
-7 0 -10
-7 0 10
-7 1 -10
-7 1 10
-7 2 -10
-7 2 10
-7 3 -9
-7 3 9
-7 4 -9
-7 4 9
-7 5 -9
-7 5 9
-7 6 -8
-7 6 8
-7 7 -7
-7 7 7
-7 8 -6
-7 8 6
-7 9 -5
-7 9 -4
-7 9 -3
-7 9 3
-7 9 4
-7 9 5
-7 10 -2
-7 10 -1
-7 10 0
-7 10 1
-7 10 2
-6 -10 -4
-6 -10 -3
-6 -10 -2
-6 -10 -1
-6 -10 0
-6 -10 1
-6 -10 2
-6 -10 3
-6 -10 4
-6 -9 -6
-6 -9 -5
-6 -9 5
-6 -9 6
-6 -8 -7
-6 -8 7
-6 -7 -8
-6 -7 8
-6 -6 -9
-6 -6 9
-6 -5 -9
-6 -5 9
-6 -4 -10
-6 -4 10
-6 -3 -10
-6 -3 10
-6 -2 -10
-6 -2 10
-6 -1 -10
-6 -1 10
-6 0 -10
-6 0 10
-6 1 -10
-6 1 10
-6 2 -10
-6 2 10
-6 3 -10
-6 3 10
-6 4 -10
-6 4 10
-6 5 -9
-6 5 9
-6 6 -9
-6 6 9
-6 7 -8
-6 7 8
-6 8 -7
-6 8 7
-6 9 -6
-6 9 -5
-6 9 5
-6 9 6
-6 10 -4
-6 10 -3
-6 10 -2
-6 10 -1
-6 10 0
-6 10 1
-6 10 2
-6 10 3
-6 10 4
-5 -11 -3
-5 -11 -2
-5 -11 -1
-5 -11 0
-5 -11 1
-5 -11 2
-5 -11 3
-5 -10 -5
-5 -10 -4
-5 -10 4
-5 -10 5
-5 -9 -7
-5 -9 -6
-5 -9 6
-5 -9 7
-5 -8 -8
-5 -8 8
-5 -7 -9
-5 -7 9
-5 -6 -9
-5 -6 9
-5 -5 -10
-5 -5 10
-5 -4 -10
-5 -4 10
-5 -3 -11
-5 -3 11
-5 -2 -11
-5 -2 11
-5 -1 -11
-5 -1 11
-5 0 -11
-5 0 11
-5 1 -11
-5 1 11
-5 2 -11
-5 2 11
-5 3 -11
-5 3 11
-5 4 -10
-5 4 10
-5 5 -10
-5 5 10
-5 6 -9
-5 6 9
-5 7 -9
-5 7 9
-5 8 -8
-5 8 8
-5 9 -7
-5 9 -6
-5 9 6
-5 9 7
-5 10 -5
-5 10 -4
-5 10 4
-5 10 5
-5 11 -3
-5 11 -2
-5 11 -1
-5 11 0
-5 11 1
-5 11 2
-5 11 3
-4 -11 -4
-4 -11 -3
-4 -11 -2
-4 -11 -1
-4 -11 0
-4 -11 1
-4 -11 2
-4 -11 3
-4 -11 4
-4 -10 -6
-4 -10 -5
-4 -10 5
-4 -10 6
-4 -9 -7
-4 -9 7
-4 -8 -8
-4 -8 8
-4 -7 -9
-4 -7 9
-4 -6 -10
-4 -6 10
-4 -5 -10
-4 -5 10
-4 -4 -11
-4 -4 11
-4 -3 -11
-4 -3 11
-4 -2 -11
-4 -2 11
-4 -1 -11
-4 -1 11
-4 0 -11
-4 0 11
-4 1 -11
-4 1 11
-4 2 -11
-4 2 11
-4 3 -11
-4 3 11
-4 4 -11
-4 4 11
-4 5 -10
-4 5 10
-4 6 -10
-4 6 10
-4 7 -9
-4 7 9
-4 8 -8
-4 8 8
-4 9 -7
-4 9 7
-4 10 -6
-4 10 -5
-4 10 5
-4 10 6
-4 11 -4
-4 11 -3
-4 11 -2
-4 11 -1
-4 11 0
-4 11 1
-4 11 2
-4 11 3
-4 11 4
-3 -12 -1
-3 -12 0
-3 -12 1
-3 -11 -5
-3 -11 -4
-3 -11 -3
-3 -11 -2
-3 -11 2
-3 -11 3
-3 -11 4
-3 -11 5
-3 -10 -6
-3 -10 6
-3 -9 -8
-3 -9 -7
-3 -9 7
-3 -9 8
-3 -8 -9
-3 -8 9
-3 -7 -9
-3 -7 9
-3 -6 -10
-3 -6 10
-3 -5 -11
-3 -5 11
-3 -4 -11
-3 -4 11
-3 -3 -11
-3 -3 11
-3 -2 -11
-3 -2 11
-3 -1 -12
-3 -1 12
-3 0 -12
-3 0 12
-3 1 -12
-3 1 12
-3 2 -11
-3 2 11
-3 3 -11
-3 3 11
-3 4 -11
-3 4 11
-3 5 -11
-3 5 11
-3 6 -10
-3 6 10
-3 7 -9
-3 7 9
-3 8 -9
-3 8 9
-3 9 -8
-3 9 -7
-3 9 7
-3 9 8
-3 10 -6
-3 10 6
-3 11 -5
-3 11 -4
-3 11 -3
-3 11 -2
-3 11 2
-3 11 3
-3 11 4
-3 11 5
-3 12 -1
-3 12 0
-3 12 1
-2 -12 -2
-2 -12 -1
-2 -12 0
-2 -12 1
-2 -12 2
-2 -11 -5
-2 -11 -4
-2 -11 -3
-2 -11 3
-2 -11 4
-2 -11 5
-2 -10 -7
-2 -10 -6
-2 -10 6
-2 -10 7
-2 -9 -8
-2 -9 8
-2 -8 -9
-2 -8 9
-2 -7 -10
-2 -7 10
-2 -6 -10
-2 -6 10
-2 -5 -11
-2 -5 11
-2 -4 -11
-2 -4 11
-2 -3 -11
-2 -3 11
-2 -2 -12
-2 -2 12
-2 -1 -12
-2 -1 12
-2 0 -12
-2 0 12
-2 1 -12
-2 1 12
-2 2 -12
-2 2 12
-2 3 -11
-2 3 11
-2 4 -11
-2 4 11
-2 5 -11
-2 5 11
-2 6 -10
-2 6 10
-2 7 -10
-2 7 10
-2 8 -9
-2 8 9
-2 9 -8
-2 9 8
-2 10 -7
-2 10 -6
-2 10 6
-2 10 7
-2 11 -5
-2 11 -4
-2 11 -3
-2 11 3
-2 11 4
-2 11 5
-2 12 -2
-2 12 -1
-2 12 0
-2 12 1
-2 12 2
-1 -12 -3
-1 -12 -2
-1 -12 -1
-1 -12 0
-1 -12 1
-1 -12 2
-1 -12 3
-1 -11 -5
-1 -11 -4
-1 -11 4
-1 -11 5
-1 -10 -7
-1 -10 -6
-1 -10 6
-1 -10 7
-1 -9 -8
-1 -9 8
-1 -8 -9
-1 -8 9
-1 -7 -10
-1 -7 10
-1 -6 -10
-1 -6 10
-1 -5 -11
-1 -5 11
-1 -4 -11
-1 -4 11
-1 -3 -12
-1 -3 12
-1 -2 -12
-1 -2 12
-1 -1 -12
-1 -1 12
-1 0 -12
-1 0 12
-1 1 -12
-1 1 12
-1 2 -12
-1 2 12
-1 3 -12
-1 3 12
-1 4 -11
-1 4 11
-1 5 -11
-1 5 11
-1 6 -10
-1 6 10
-1 7 -10
-1 7 10
-1 8 -9
-1 8 9
-1 9 -8
-1 9 8
-1 10 -7
-1 10 -6
-1 10 6
-1 10 7
-1 11 -5
-1 11 -4
-1 11 4
-1 11 5
-1 12 -3
-1 12 -2
-1 12 -1
-1 12 0
-1 12 1
-1 12 2
-1 12 3
0 -12 -3
0 -12 -2
0 -12 -1
0 -12 0
0 -12 1
0 -12 2
0 -12 3
0 -11 -5
0 -11 -4
0 -11 4
0 -11 5
0 -10 -7
0 -10 -6
0 -10 6
0 -10 7
0 -9 -8
0 -9 8
0 -8 -9
0 -8 9
0 -7 -10
0 -7 10
0 -6 -10
0 -6 10
0 -5 -11
0 -5 11
0 -4 -11
0 -4 11
0 -3 -12
0 -3 12
0 -2 -12
0 -2 12
0 -1 -12
0 -1 12
0 0 -12
0 0 12
0 1 -12
0 1 12
0 2 -12
0 2 12
0 3 -12
0 3 12
0 4 -11
0 4 11
0 5 -11
0 5 11
0 6 -10
0 6 10
0 7 -10
0 7 10
0 8 -9
0 8 9
0 9 -8
0 9 8
0 10 -7
0 10 -6
0 10 6
0 10 7
0 11 -5
0 11 -4
0 11 4
0 11 5
0 12 -3
0 12 -2
0 12 -1
0 12 0
0 12 1
0 12 2
0 12 3
1 -12 -3
1 -12 -2
1 -12 -1
1 -12 0
1 -12 1
1 -12 2
1 -12 3
1 -11 -5
1 -11 -4
1 -11 4
1 -11 5
1 -10 -7
1 -10 -6
1 -10 6
1 -10 7
1 -9 -8
1 -9 8
1 -8 -9
1 -8 9
1 -7 -10
1 -7 10
1 -6 -10
1 -6 10
1 -5 -11
1 -5 11
1 -4 -11
1 -4 11
1 -3 -12
1 -3 12
1 -2 -12
1 -2 12
1 -1 -12
1 -1 12
1 0 -12
1 0 12
1 1 -12
1 1 12
1 2 -12
1 2 12
1 3 -12
1 3 12
1 4 -11
1 4 11
1 5 -11
1 5 11
1 6 -10
1 6 10
1 7 -10
1 7 10
1 8 -9
1 8 9
1 9 -8
1 9 8
1 10 -7
1 10 -6
1 10 6
1 10 7
1 11 -5
1 11 -4
1 11 4
1 11 5
1 12 -3
1 12 -2
1 12 -1
1 12 0
1 12 1
1 12 2
1 12 3
2 -12 -2
2 -12 -1
2 -12 0
2 -12 1
2 -12 2
2 -11 -5
2 -11 -4
2 -11 -3
2 -11 3
2 -11 4
2 -11 5
2 -10 -7
2 -10 -6
2 -10 6
2 -10 7
2 -9 -8
2 -9 8
2 -8 -9
2 -8 9
2 -7 -10
2 -7 10
2 -6 -10
2 -6 10
2 -5 -11
2 -5 11
2 -4 -11
2 -4 11
2 -3 -11
2 -3 11
2 -2 -12
2 -2 12
2 -1 -12
2 -1 12
2 0 -12
2 0 12
2 1 -12
2 1 12
2 2 -12
2 2 12
2 3 -11
2 3 11
2 4 -11
2 4 11
2 5 -11
2 5 11
2 6 -10
2 6 10
2 7 -10
2 7 10
2 8 -9
2 8 9
2 9 -8
2 9 8
2 10 -7
2 10 -6
2 10 6
2 10 7
2 11 -5
2 11 -4
2 11 -3
2 11 3
2 11 4
2 11 5
2 12 -2
2 12 -1
2 12 0
2 12 1
2 12 2
3 -12 -1
3 -12 0
3 -12 1
3 -11 -5
3 -11 -4
3 -11 -3
3 -11 -2
3 -11 2
3 -11 3
3 -11 4
3 -11 5
3 -10 -6
3 -10 6
3 -9 -8
3 -9 -7
3 -9 7
3 -9 8
3 -8 -9
3 -8 9
3 -7 -9
3 -7 9
3 -6 -10
3 -6 10
3 -5 -11
3 -5 11
3 -4 -11
3 -4 11
3 -3 -11
3 -3 11
3 -2 -11
3 -2 11
3 -1 -12
3 -1 12
3 0 -12
3 0 12
3 1 -12
3 1 12
3 2 -11
3 2 11
3 3 -11
3 3 11
3 4 -11
3 4 11
3 5 -11
3 5 11
3 6 -10
3 6 10
3 7 -9
3 7 9
3 8 -9
3 8 9
3 9 -8
3 9 -7
3 9 7
3 9 8
3 10 -6
3 10 6
3 11 -5
3 11 -4
3 11 -3
3 11 -2
3 11 2
3 11 3
3 11 4
3 11 5
3 12 -1
3 12 0
3 12 1
4 -11 -4
4 -11 -3
4 -11 -2
4 -11 -1
4 -11 0
4 -11 1
4 -11 2
4 -11 3
4 -11 4
4 -10 -6
4 -10 -5
4 -10 5
4 -10 6
4 -9 -7
4 -9 7
4 -8 -8
4 -8 8
4 -7 -9
4 -7 9
4 -6 -10
4 -6 10
4 -5 -10
4 -5 10
4 -4 -11
4 -4 11
4 -3 -11
4 -3 11
4 -2 -11
4 -2 11
4 -1 -11
4 -1 11
4 0 -11
4 0 11
4 1 -11
4 1 11
4 2 -11
4 2 11
4 3 -11
4 3 11
4 4 -11
4 4 11
4 5 -10
4 5 10
4 6 -10
4 6 10
4 7 -9
4 7 9
4 8 -8
4 8 8
4 9 -7
4 9 7
4 10 -6
4 10 -5
4 10 5
4 10 6
4 11 -4
4 11 -3
4 11 -2
4 11 -1
4 11 0
4 11 1
4 11 2
4 11 3
4 11 4
5 -11 -3
5 -11 -2
5 -11 -1
5 -11 0
5 -11 1
5 -11 2
5 -11 3
5 -10 -5
5 -10 -4
5 -10 4
5 -10 5
5 -9 -7
5 -9 -6
5 -9 6
5 -9 7
5 -8 -8
5 -8 8
5 -7 -9
5 -7 9
5 -6 -9
5 -6 9
5 -5 -10
5 -5 10
5 -4 -10
5 -4 10
5 -3 -11
5 -3 11
5 -2 -11
5 -2 11
5 -1 -11
5 -1 11
5 0 -11
5 0 11
5 1 -11
5 1 11
5 2 -11
5 2 11
5 3 -11
5 3 11
5 4 -10
5 4 10
5 5 -10
5 5 10
5 6 -9
5 6 9
5 7 -9
5 7 9
5 8 -8
5 8 8
5 9 -7
5 9 -6
5 9 6
5 9 7
5 10 -5
5 10 -4
5 10 4
5 10 5
5 11 -3
5 11 -2
5 11 -1
5 11 0
5 11 1
5 11 2
5 11 3
6 -10 -4
6 -10 -3
6 -10 -2
6 -10 -1
6 -10 0
6 -10 1
6 -10 2
6 -10 3
6 -10 4
6 -9 -6
6 -9 -5
6 -9 5
6 -9 6
6 -8 -7
6 -8 7
6 -7 -8
6 -7 8
6 -6 -9
6 -6 9
6 -5 -9
6 -5 9
6 -4 -10
6 -4 10
6 -3 -10
6 -3 10
6 -2 -10
6 -2 10
6 -1 -10
6 -1 10
6 0 -10
6 0 10
6 1 -10
6 1 10
6 2 -10
6 2 10
6 3 -10
6 3 10
6 4 -10
6 4 10
6 5 -9
6 5 9
6 6 -9
6 6 9
6 7 -8
6 7 8
6 8 -7
6 8 7
6 9 -6
6 9 -5
6 9 5
6 9 6
6 10 -4
6 10 -3
6 10 -2
6 10 -1
6 10 0
6 10 1
6 10 2
6 10 3
6 10 4
7 -10 -2
7 -10 -1
7 -10 0
7 -10 1
7 -10 2
7 -9 -5
7 -9 -4
7 -9 -3
7 -9 3
7 -9 4
7 -9 5
7 -8 -6
7 -8 6
7 -7 -7
7 -7 7
7 -6 -8
7 -6 8
7 -5 -9
7 -5 9
7 -4 -9
7 -4 9
7 -3 -9
7 -3 9
7 -2 -10
7 -2 10
7 -1 -10
7 -1 10
7 0 -10
7 0 10
7 1 -10
7 1 10
7 2 -10
7 2 10
7 3 -9
7 3 9
7 4 -9
7 4 9
7 5 -9
7 5 9
7 6 -8
7 6 8
7 7 -7
7 7 7
7 8 -6
7 8 6
7 9 -5
7 9 -4
7 9 -3
7 9 3
7 9 4
7 9 5
7 10 -2
7 10 -1
7 10 0
7 10 1
7 10 2
8 -9 -3
8 -9 -2
8 -9 -1
8 -9 0
8 -9 1
8 -9 2
8 -9 3
8 -8 -5
8 -8 -4
8 -8 4
8 -8 5
8 -7 -6
8 -7 6
8 -6 -7
8 -6 7
8 -5 -8
8 -5 8
8 -4 -8
8 -4 8
8 -3 -9
8 -3 9
8 -2 -9
8 -2 9
8 -1 -9
8 -1 9
8 0 -9
8 0 9
8 1 -9
8 1 9
8 2 -9
8 2 9
8 3 -9
8 3 9
8 4 -8
8 4 8
8 5 -8
8 5 8
8 6 -7
8 6 7
8 7 -6
8 7 6
8 8 -5
8 8 -4
8 8 4
8 8 5
8 9 -3
8 9 -2
8 9 -1
8 9 0
8 9 1
8 9 2
8 9 3
9 -8 -3
9 -8 -2
9 -8 -1
9 -8 0
9 -8 1
9 -8 2
9 -8 3
9 -7 -5
9 -7 -4
9 -7 -3
9 -7 3
9 -7 4
9 -7 5
9 -6 -6
9 -6 -5
9 -6 5
9 -6 6
9 -5 -7
9 -5 -6
9 -5 6
9 -5 7
9 -4 -7
9 -4 7
9 -3 -8
9 -3 -7
9 -3 7
9 -3 8
9 -2 -8
9 -2 8
9 -1 -8
9 -1 8
9 0 -8
9 0 8
9 1 -8
9 1 8
9 2 -8
9 2 8
9 3 -8
9 3 -7
9 3 7
9 3 8
9 4 -7
9 4 7
9 5 -7
9 5 -6
9 5 6
9 5 7
9 6 -6
9 6 -5
9 6 5
9 6 6
9 7 -5
9 7 -4
9 7 -3
9 7 3
9 7 4
9 7 5
9 8 -3
9 8 -2
9 8 -1
9 8 0
9 8 1
9 8 2
9 8 3
10 -7 -2
10 -7 -1
10 -7 0
10 -7 1
10 -7 2
10 -6 -4
10 -6 -3
10 -6 -2
10 -6 -1
10 -6 0
10 -6 1
10 -6 2
10 -6 3
10 -6 4
10 -5 -5
10 -5 -4
10 -5 4
10 -5 5
10 -4 -6
10 -4 -5
10 -4 5
10 -4 6
10 -3 -6
10 -3 6
10 -2 -7
10 -2 -6
10 -2 6
10 -2 7
10 -1 -7
10 -1 -6
10 -1 6
10 -1 7
10 0 -7
10 0 -6
10 0 6
10 0 7
10 1 -7
10 1 -6
10 1 6
10 1 7
10 2 -7
10 2 -6
10 2 6
10 2 7
10 3 -6
10 3 6
10 4 -6
10 4 -5
10 4 5
10 4 6
10 5 -5
10 5 -4
10 5 4
10 5 5
10 6 -4
10 6 -3
10 6 -2
10 6 -1
10 6 0
10 6 1
10 6 2
10 6 3
10 6 4
10 7 -2
10 7 -1
10 7 0
10 7 1
10 7 2
11 -5 -3
11 -5 -2
11 -5 -1
11 -5 0
11 -5 1
11 -5 2
11 -5 3
11 -4 -4
11 -4 -3
11 -4 -2
11 -4 -1
11 -4 0
11 -4 1
11 -4 2
11 -4 3
11 -4 4
11 -3 -5
11 -3 -4
11 -3 -3
11 -3 -2
11 -3 2
11 -3 3
11 -3 4
11 -3 5
11 -2 -5
11 -2 -4
11 -2 -3
11 -2 3
11 -2 4
11 -2 5
11 -1 -5
11 -1 -4
11 -1 4
11 -1 5
11 0 -5
11 0 -4
11 0 4
11 0 5
11 1 -5
11 1 -4
11 1 4
11 1 5
11 2 -5
11 2 -4
11 2 -3
11 2 3
11 2 4
11 2 5
11 3 -5
11 3 -4
11 3 -3
11 3 -2
11 3 2
11 3 3
11 3 4
11 3 5
11 4 -4
11 4 -3
11 4 -2
11 4 -1
11 4 0
11 4 1
11 4 2
11 4 3
11 4 4
11 5 -3
11 5 -2
11 5 -1
11 5 0
11 5 1
11 5 2
11 5 3
12 -3 -1
12 -3 0
12 -3 1
12 -2 -2
12 -2 -1
12 -2 0
12 -2 1
12 -2 2
12 -1 -3
12 -1 -2
12 -1 -1
12 -1 0
12 -1 1
12 -1 2
12 -1 3
12 0 -3
12 0 -2
12 0 -1
12 0 0
12 0 1
12 0 2
12 0 3
12 1 -3
12 1 -2
12 1 -1
12 1 0
12 1 1
12 1 2
12 1 3
12 2 -2
12 2 -1
12 2 0
12 2 1
12 2 2
12 3 -1
12 3 0
12 3 1
