-26 -5 -1
-26 -5 0
-26 -5 1
-26 -4 -3
-26 -4 -2
-26 -4 -1
-26 -4 0
-26 -4 1
-26 -4 2
-26 -4 3
-26 -3 -4
-26 -3 -3
-26 -3 -2
-26 -3 -1
-26 -3 0
-26 -3 1
-26 -3 2
-26 -3 3
-26 -3 4
-26 -2 -4
-26 -2 -3
-26 -2 -2
-26 -2 -1
-26 -2 0
-26 -2 1
-26 -2 2
-26 -2 3
-26 -2 4
-26 -1 -5
-26 -1 -4
-26 -1 -3
-26 -1 -2
-26 -1 -1
-26 -1 0
-26 -1 1
-26 -1 2
-26 -1 3
-26 -1 4
-26 -1 5
-26 0 -5
-26 0 -4
-26 0 -3
-26 0 -2
-26 0 -1
-26 0 0
-26 0 1
-26 0 2
-26 0 3
-26 0 4
-26 0 5
-26 1 -5
-26 1 -4
-26 1 -3
-26 1 -2
-26 1 -1
-26 1 0
-26 1 1
-26 1 2
-26 1 3
-26 1 4
-26 1 5
-26 2 -4
-26 2 -3
-26 2 -2
-26 2 -1
-26 2 0
-26 2 1
-26 2 2
-26 2 3
-26 2 4
-26 3 -4
-26 3 -3
-26 3 -2
-26 3 -1
-26 3 0
-26 3 1
-26 3 2
-26 3 3
-26 3 4
-26 4 -3
-26 4 -2
-26 4 -1
-26 4 0
-26 4 1
-26 4 2
-26 4 3
-26 5 -1
-26 5 0
-26 5 1
-25 -8 -3
-25 -8 -2
-25 -8 -1
-25 -8 0
-25 -8 1
-25 -8 2
-25 -8 3
-25 -7 -5
-25 -7 -4
-25 -7 -3
-25 -7 -2
-25 -7 -1
-25 -7 0
-25 -7 1
-25 -7 2
-25 -7 3
-25 -7 4
-25 -7 5
-25 -6 -6
-25 -6 -5
-25 -6 -4
-25 -6 -3
-25 -6 -2
-25 -6 -1
-25 -6 0
-25 -6 1
-25 -6 2
-25 -6 3
-25 -6 4
-25 -6 5
-25 -6 6
-25 -5 -7
-25 -5 -6
-25 -5 -5
-25 -5 -4
-25 -5 -3
-25 -5 -2
-25 -5 2
-25 -5 3
-25 -5 4
-25 -5 5
-25 -5 6
-25 -5 7
-25 -4 -7
-25 -4 -6
-25 -4 -5
-25 -4 -4
-25 -4 4
-25 -4 5
-25 -4 6
-25 -4 7
-25 -3 -8
-25 -3 -7
-25 -3 -6
-25 -3 -5
-25 -3 5
-25 -3 6
-25 -3 7
-25 -3 8
-25 -2 -8
-25 -2 -7
-25 -2 -6
-25 -2 -5
-25 -2 5
-25 -2 6
-25 -2 7
-25 -2 8
-25 -1 -8
-25 -1 -7
-25 -1 -6
-25 -1 6
-25 -1 7
-25 -1 8
-25 0 -8
-25 0 -7
-25 0 -6
-25 0 6
-25 0 7
-25 0 8
-25 1 -8
-25 1 -7
-25 1 -6
-25 1 6
-25 1 7
-25 1 8
-25 2 -8
-25 2 -7
-25 2 -6
-25 2 -5
-25 2 5
-25 2 6
-25 2 7
-25 2 8
-25 3 -8
-25 3 -7
-25 3 -6
-25 3 -5
-25 3 5
-25 3 6
-25 3 7
-25 3 8
-25 4 -7
-25 4 -6
-25 4 -5
-25 4 -4
-25 4 4
-25 4 5
-25 4 6
-25 4 7
-25 5 -7
-25 5 -6
-25 5 -5
-25 5 -4
-25 5 -3
-25 5 -2
-25 5 2
-25 5 3
-25 5 4
-25 5 5
-25 5 6
-25 5 7
-25 6 -6
-25 6 -5
-25 6 -4
-25 6 -3
-25 6 -2
-25 6 -1
-25 6 0
-25 6 1
-25 6 2
-25 6 3
-25 6 4
-25 6 5
-25 6 6
-25 7 -5
-25 7 -4
-25 7 -3
-25 7 -2
-25 7 -1
-25 7 0
-25 7 1
-25 7 2
-25 7 3
-25 7 4
-25 7 5
-25 8 -3
-25 8 -2
-25 8 -1
-25 8 0
-25 8 1
-25 8 2
-25 8 3
-24 -11 -2
-24 -11 -1
-24 -11 0
-24 -11 1
-24 -11 2
-24 -10 -5
-24 -10 -4
-24 -10 -3
-24 -10 -2
-24 -10 -1
-24 -10 0
-24 -10 1
-24 -10 2
-24 -10 3
-24 -10 4
-24 -10 5
-24 -9 -6
-24 -9 -5
-24 -9 -4
-24 -9 -3
-24 -9 -2
-24 -9 -1
-24 -9 0
-24 -9 1
-24 -9 2
-24 -9 3
-24 -9 4
-24 -9 5
-24 -9 6
-24 -8 -7
-24 -8 -6
-24 -8 -5
-24 -8 -4
-24 -8 4
-24 -8 5
-24 -8 6
-24 -8 7
-24 -7 -8
-24 -7 -7
-24 -7 -6
-24 -7 6
-24 -7 7
-24 -7 8
-24 -6 -9
-24 -6 -8
-24 -6 -7
-24 -6 7
-24 -6 8
-24 -6 9
-24 -5 -10
-24 -5 -9
-24 -5 -8
-24 -5 8
-24 -5 9
-24 -5 10
-24 -4 -10
-24 -4 -9
-24 -4 -8
-24 -4 8
-24 -4 9
-24 -4 10
-24 -3 -10
-24 -3 -9
-24 -3 9
-24 -3 10
-24 -2 -11
-24 -2 -10
-24 -2 -9
-24 -2 9
-24 -2 10
-24 -2 11
-24 -1 -11
-24 -1 -10
-24 -1 -9
-24 -1 9
-24 -1 10
-24 -1 11
-24 0 -11
-24 0 -10
-24 0 -9
-24 0 9
-24 0 10
-24 0 11
-24 1 -11
-24 1 -10
-24 1 -9
-24 1 9
-24 1 10
-24 1 11
-24 2 -11
-24 2 -10
-24 2 -9
-24 2 9
-24 2 10
-24 2 11
-24 3 -10
-24 3 -9
-24 3 9
-24 3 10
-24 4 -10
-24 4 -9
-24 4 -8
-24 4 8
-24 4 9
-24 4 10
-24 5 -10
-24 5 -9
-24 5 -8
-24 5 8
-24 5 9
-24 5 10
-24 6 -9
-24 6 -8
-24 6 -7
-24 6 7
-24 6 8
-24 6 9
-24 7 -8
-24 7 -7
-24 7 -6
-24 7 6
-24 7 7
-24 7 8
-24 8 -7
-24 8 -6
-24 8 -5
-24 8 -4
-24 8 4
-24 8 5
-24 8 6
-24 8 7
-24 9 -6
-24 9 -5
-24 9 -4
-24 9 -3
-24 9 -2
-24 9 -1
-24 9 0
-24 9 1
-24 9 2
-24 9 3
-24 9 4
-24 9 5
-24 9 6
-24 10 -5
-24 10 -4
-24 10 -3
-24 10 -2
-24 10 -1
-24 10 0
-24 10 1
-24 10 2
-24 10 3
-24 10 4
-24 10 5
-24 11 -2
-24 11 -1
-24 11 0
-24 11 1
-24 11 2
-23 -13 -2
-23 -13 -1
-23 -13 0
-23 -13 1
-23 -13 2
-23 -12 -5
-23 -12 -4
-23 -12 -3
-23 -12 -2
-23 -12 -1
-23 -12 0
-23 -12 1
-23 -12 2
-23 -12 3
-23 -12 4
-23 -12 5
-23 -11 -7
-23 -11 -6
-23 -11 -5
-23 -11 -4
-23 -11 -3
-23 -11 3
-23 -11 4
-23 -11 5
-23 -11 6
-23 -11 7
-23 -10 -8
-23 -10 -7
-23 -10 -6
-23 -10 6
-23 -10 7
-23 -10 8
-23 -9 -9
-23 -9 -8
-23 -9 -7
-23 -9 7
-23 -9 8
-23 -9 9
-23 -8 -10
-23 -8 -9
-23 -8 -8
-23 -8 8
-23 -8 9
-23 -8 10
-23 -7 -11
-23 -7 -10
-23 -7 -9
-23 -7 9
-23 -7 10
-23 -7 11
-23 -6 -11
-23 -6 -10
-23 -6 10
-23 -6 11
-23 -5 -12
-23 -5 -11
-23 -5 11
-23 -5 12
-23 -4 -12
-23 -4 -11
-23 -4 11
-23 -4 12
-23 -3 -12
-23 -3 -11
-23 -3 11
-23 -3 12
-23 -2 -13
-23 -2 -12
-23 -2 12
-23 -2 13
-23 -1 -13
-23 -1 -12
-23 -1 12
-23 -1 13
-23 0 -13
-23 0 -12
-23 0 12
-23 0 13
-23 1 -13
-23 1 -12
-23 1 12
-23 1 13
-23 2 -13
-23 2 -12
-23 2 12
-23 2 13
-23 3 -12
-23 3 -11
-23 3 11
-23 3 12
-23 4 -12
-23 4 -11
-23 4 11
-23 4 12
-23 5 -12
-23 5 -11
-23 5 11
-23 5 12
-23 6 -11
-23 6 -10
-23 6 10
-23 6 11
-23 7 -11
-23 7 -10
-23 7 -9
-23 7 9
-23 7 10
-23 7 11
-23 8 -10
-23 8 -9
-23 8 -8
-23 8 8
-23 8 9
-23 8 10
-23 9 -9
-23 9 -8
-23 9 -7
-23 9 7
-23 9 8
-23 9 9
-23 10 -8
-23 10 -7
-23 10 -6
-23 10 6
-23 10 7
-23 10 8
-23 11 -7
-23 11 -6
-23 11 -5
-23 11 -4
-23 11 -3
-23 11 3
-23 11 4
-23 11 5
-23 11 6
-23 11 7
-23 12 -5
-23 12 -4
-23 12 -3
-23 12 -2
-23 12 -1
-23 12 0
-23 12 1
-23 12 2
-23 12 3
-23 12 4
-23 12 5
-23 13 -2
-23 13 -1
-23 13 0
-23 13 1
-23 13 2
-22 -14 -4
-22 -14 -3
-22 -14 -2
-22 -14 -1
-22 -14 0
-22 -14 1
-22 -14 2
-22 -14 3
-22 -14 4
-22 -13 -7
-22 -13 -6
-22 -13 -5
-22 -13 -4
-22 -13 -3
-22 -13 3
-22 -13 4
-22 -13 5
-22 -13 6
-22 -13 7
-22 -12 -8
-22 -12 -7
-22 -12 -6
-22 -12 6
-22 -12 7
-22 -12 8
-22 -11 -9
-22 -11 -8
-22 -11 8
-22 -11 9
-22 -10 -10
-22 -10 -9
-22 -10 9
-22 -10 10
-22 -9 -11
-22 -9 -10
-22 -9 10
-22 -9 11
-22 -8 -12
-22 -8 -11
-22 -8 11
-22 -8 12
-22 -7 -13
-22 -7 -12
-22 -7 12
-22 -7 13
-22 -6 -13
-22 -6 -12
-22 -6 12
-22 -6 13
-22 -5 -13
-22 -5 13
-22 -4 -14
-22 -4 -13
-22 -4 13
-22 -4 14
-22 -3 -14
-22 -3 -13
-22 -3 13
-22 -3 14
-22 -2 -14
-22 -2 14
-22 -1 -14
-22 -1 14
-22 0 -14
-22 0 14
-22 1 -14
-22 1 14
-22 2 -14
-22 2 14
-22 3 -14
-22 3 -13
-22 3 13
-22 3 14
-22 4 -14
-22 4 -13
-22 4 13
-22 4 14
-22 5 -13
-22 5 13
-22 6 -13
-22 6 -12
-22 6 12
-22 6 13
-22 7 -13
-22 7 -12
-22 7 12
-22 7 13
-22 8 -12
-22 8 -11
-22 8 11
-22 8 12
-22 9 -11
-22 9 -10
-22 9 10
-22 9 11
-22 10 -10
-22 10 -9
-22 10 9
-22 10 10
-22 11 -9
-22 11 -8
-22 11 8
-22 11 9
-22 12 -8
-22 12 -7
-22 12 -6
-22 12 6
-22 12 7
-22 12 8
-22 13 -7
-22 13 -6
-22 13 -5
-22 13 -4
-22 13 -3
-22 13 3
-22 13 4
-22 13 5
-22 13 6
-22 13 7
-22 14 -4
-22 14 -3
-22 14 -2
-22 14 -1
-22 14 0
-22 14 1
-22 14 2
-22 14 3
-22 14 4
-21 -16 -2
-21 -16 -1
-21 -16 0
-21 -16 1
-21 -16 2
-21 -15 -6
-21 -15 -5
-21 -15 -4
-21 -15 -3
-21 -15 -2
-21 -15 -1
-21 -15 0
-21 -15 1
-21 -15 2
-21 -15 3
-21 -15 4
-21 -15 5
-21 -15 6
-21 -14 -8
-21 -14 -7
-21 -14 -6
-21 -14 -5
-21 -14 5
-21 -14 6
-21 -14 7
-21 -14 8
-21 -13 -9
-21 -13 -8
-21 -13 8
-21 -13 9
-21 -12 -10
-21 -12 -9
-21 -12 9
-21 -12 10
-21 -11 -11
-21 -11 -10
-21 -11 10
-21 -11 11
-21 -10 -12
-21 -10 -11
-21 -10 11
-21 -10 12
-21 -9 -13
-21 -9 -12
-21 -9 12
-21 -9 13
-21 -8 -14
-21 -8 -13
-21 -8 13
-21 -8 14
-21 -7 -14
-21 -7 14
-21 -6 -15
-21 -6 -14
-21 -6 14
-21 -6 15
-21 -5 -15
-21 -5 -14
-21 -5 14
-21 -5 15
-21 -4 -15
-21 -4 15
-21 -3 -15
-21 -3 15
-21 -2 -16
-21 -2 -15
-21 -2 15
-21 -2 16
-21 -1 -16
-21 -1 -15
-21 -1 15
-21 -1 16
-21 0 -16
-21 0 -15
-21 0 15
-21 0 16
-21 1 -16
-21 1 -15
-21 1 15
-21 1 16
-21 2 -16
-21 2 -15
-21 2 15
-21 2 16
-21 3 -15
-21 3 15
-21 4 -15
-21 4 15
-21 5 -15
-21 5 -14
-21 5 14
-21 5 15
-21 6 -15
-21 6 -14
-21 6 14
-21 6 15
-21 7 -14
-21 7 14
-21 8 -14
-21 8 -13
-21 8 13
-21 8 14
-21 9 -13
-21 9 -12
-21 9 12
-21 9 13
-21 10 -12
-21 10 -11
-21 10 11
-21 10 12
-21 11 -11
-21 11 -10
-21 11 10
-21 11 11
-21 12 -10
-21 12 -9
-21 12 9
-21 12 10
-21 13 -9
-21 13 -8
-21 13 8
-21 13 9
-21 14 -8
-21 14 -7
-21 14 -6
-21 14 -5
-21 14 5
-21 14 6
-21 14 7
-21 14 8
-21 15 -6
-21 15 -5
-21 15 -4
-21 15 -3
-21 15 -2
-21 15 -1
-21 15 0
-21 15 1
-21 15 2
-21 15 3
-21 15 4
-21 15 5
-21 15 6
-21 16 -2
-21 16 -1
-21 16 0
-21 16 1
-21 16 2
-20 -17 -3
-20 -17 -2
-20 -17 -1
-20 -17 0
-20 -17 1
-20 -17 2
-20 -17 3
-20 -16 -6
-20 -16 -5
-20 -16 -4
-20 -16 -3
-20 -16 3
-20 -16 4
-20 -16 5
-20 -16 6
-20 -15 -8
-20 -15 -7
-20 -15 7
-20 -15 8
-20 -14 -10
-20 -14 -9
-20 -14 9
-20 -14 10
-20 -13 -11
-20 -13 -10
-20 -13 10
-20 -13 11
-20 -12 -12
-20 -12 -11
-20 -12 11
-20 -12 12
-20 -11 -13
-20 -11 -12
-20 -11 12
-20 -11 13
-20 -10 -14
-20 -10 -13
-20 -10 13
-20 -10 14
-20 -9 -14
-20 -9 14
-20 -8 -15
-20 -8 15
-20 -7 -15
-20 -7 15
-20 -6 -16
-20 -6 16
-20 -5 -16
-20 -5 16
-20 -4 -16
-20 -4 16
-20 -3 -17
-20 -3 -16
-20 -3 16
-20 -3 17
-20 -2 -17
-20 -2 17
-20 -1 -17
-20 -1 17
-20 0 -17
-20 0 17
-20 1 -17
-20 1 17
-20 2 -17
-20 2 17
-20 3 -17
-20 3 -16
-20 3 16
-20 3 17
-20 4 -16
-20 4 16
-20 5 -16
-20 5 16
-20 6 -16
-20 6 16
-20 7 -15
-20 7 15
-20 8 -15
-20 8 15
-20 9 -14
-20 9 14
-20 10 -14
-20 10 -13
-20 10 13
-20 10 14
-20 11 -13
-20 11 -12
-20 11 12
-20 11 13
-20 12 -12
-20 12 -11
-20 12 11
-20 12 12
-20 13 -11
-20 13 -10
-20 13 10
-20 13 11
-20 14 -10
-20 14 -9
-20 14 9
-20 14 10
-20 15 -8
-20 15 -7
-20 15 7
-20 15 8
-20 16 -6
-20 16 -5
-20 16 -4
-20 16 -3
-20 16 3
-20 16 4
-20 16 5
-20 16 6
-20 17 -3
-20 17 -2
-20 17 -1
-20 17 0
-20 17 1
-20 17 2
-20 17 3
-19 -18 -4
-19 -18 -3
-19 -18 -2
-19 -18 -1
-19 -18 0
-19 -18 1
-19 -18 2
-19 -18 3
-19 -18 4
-19 -17 -7
-19 -17 -6
-19 -17 -5
-19 -17 -4
-19 -17 4
-19 -17 5
-19 -17 6
-19 -17 7
-19 -16 -9
-19 -16 -8
-19 -16 -7
-19 -16 7
-19 -16 8
-19 -16 9
-19 -15 -10
-19 -15 -9
-19 -15 9
-19 -15 10
-19 -14 -12
-19 -14 -11
-19 -14 11
-19 -14 12
-19 -13 -13
-19 -13 -12
-19 -13 12
-19 -13 13
-19 -12 -14
-19 -12 -13
-19 -12 13
-19 -12 14
-19 -11 -14
-19 -11 14
-19 -10 -15
-19 -10 15
-19 -9 -16
-19 -9 -15
-19 -9 15
-19 -9 16
-19 -8 -16
-19 -8 16
-19 -7 -17
-19 -7 -16
-19 -7 16
-19 -7 17
-19 -6 -17
-19 -6 17
-19 -5 -17
-19 -5 17
-19 -4 -18
-19 -4 -17
-19 -4 17
-19 -4 18
-19 -3 -18
-19 -3 18
-19 -2 -18
-19 -2 18
-19 -1 -18
-19 -1 18
-19 0 -18
-19 0 18
-19 1 -18
-19 1 18
-19 2 -18
-19 2 18
-19 3 -18
-19 3 18
-19 4 -18
-19 4 -17
-19 4 17
-19 4 18
-19 5 -17
-19 5 17
-19 6 -17
-19 6 17
-19 7 -17
-19 7 -16
-19 7 16
-19 7 17
-19 8 -16
-19 8 16
-19 9 -16
-19 9 -15
-19 9 15
-19 9 16
-19 10 -15
-19 10 15
-19 11 -14
-19 11 14
-19 12 -14
-19 12 -13
-19 12 13
-19 12 14
-19 13 -13
-19 13 -12
-19 13 12
-19 13 13
-19 14 -12
-19 14 -11
-19 14 11
-19 14 12
-19 15 -10
-19 15 -9
-19 15 9
-19 15 10
-19 16 -9
-19 16 -8
-19 16 -7
-19 16 7
-19 16 8
-19 16 9
-19 17 -7
-19 17 -6
-19 17 -5
-19 17 -4
-19 17 4
-19 17 5
-19 17 6
-19 17 7
-19 18 -4
-19 18 -3
-19 18 -2
-19 18 -1
-19 18 0
-19 18 1
-19 18 2
-19 18 3
-19 18 4
-18 -19 -4
-18 -19 -3
-18 -19 -2
-18 -19 -1
-18 -19 0
-18 -19 1
-18 -19 2
-18 -19 3
-18 -19 4
-18 -18 -7
-18 -18 -6
-18 -18 -5
-18 -18 5
-18 -18 6
-18 -18 7
-18 -17 -9
-18 -17 -8
-18 -17 8
-18 -17 9
-18 -16 -11
-18 -16 -10
-18 -16 10
-18 -16 11
-18 -15 -12
-18 -15 -11
-18 -15 11
-18 -15 12
-18 -14 -13
-18 -14 13
-18 -13 -14
-18 -13 14
-18 -12 -15
-18 -12 15
-18 -11 -16
-18 -11 -15
-18 -11 15
-18 -11 16
-18 -10 -16
-18 -10 16
-18 -9 -17
-18 -9 17
-18 -8 -17
-18 -8 17
-18 -7 -18
-18 -7 18
-18 -6 -18
-18 -6 18
-18 -5 -18
-18 -5 18
-18 -4 -19
-18 -4 19
-18 -3 -19
-18 -3 19
-18 -2 -19
-18 -2 19
-18 -1 -19
-18 -1 19
-18 0 -19
-18 0 19
-18 1 -19
-18 1 19
-18 2 -19
-18 2 19
-18 3 -19
-18 3 19
-18 4 -19
-18 4 19
-18 5 -18
-18 5 18
-18 6 -18
-18 6 18
-18 7 -18
-18 7 18
-18 8 -17
-18 8 17
-18 9 -17
-18 9 17
-18 10 -16
-18 10 16
-18 11 -16
-18 11 -15
-18 11 15
-18 11 16
-18 12 -15
-18 12 15
-18 13 -14
-18 13 14
-18 14 -13
-18 14 13
-18 15 -12
-18 15 -11
-18 15 11
-18 15 12
-18 16 -11
-18 16 -10
-18 16 10
-18 16 11
-18 17 -9
-18 17 -8
-18 17 8
-18 17 9
-18 18 -7
-18 18 -6
-18 18 -5
-18 18 5
-18 18 6
-18 18 7
-18 19 -4
-18 19 -3
-18 19 -2
-18 19 -1
-18 19 0
-18 19 1
-18 19 2
-18 19 3
-18 19 4
-17 -20 -3
-17 -20 -2
-17 -20 -1
-17 -20 0
-17 -20 1
-17 -20 2
-17 -20 3
-17 -19 -7
-17 -19 -6
-17 -19 -5
-17 -19 -4
-17 -19 4
-17 -19 5
-17 -19 6
-17 -19 7
-17 -18 -9
-17 -18 -8
-17 -18 8
-17 -18 9
-17 -17 -11
-17 -17 -10
-17 -17 10
-17 -17 11
-17 -16 -12
-17 -16 12
-17 -15 -13
-17 -15 13
-17 -14 -14
-17 -14 14
-17 -13 -15
-17 -13 15
-17 -12 -16
-17 -12 16
-17 -11 -17
-17 -11 17
-17 -10 -17
-17 -10 17
-17 -9 -18
-17 -9 18
-17 -8 -18
-17 -8 18
-17 -7 -19
-17 -7 19
-17 -6 -19
-17 -6 19
-17 -5 -19
-17 -5 19
-17 -4 -19
-17 -4 19
-17 -3 -20
-17 -3 20
-17 -2 -20
-17 -2 20
-17 -1 -20
-17 -1 20
-17 0 -20
-17 0 20
-17 1 -20
-17 1 20
-17 2 -20
-17 2 20
-17 3 -20
-17 3 20
-17 4 -19
-17 4 19
-17 5 -19
-17 5 19
-17 6 -19
-17 6 19
-17 7 -19
-17 7 19
-17 8 -18
-17 8 18
-17 9 -18
-17 9 18
-17 10 -17
-17 10 17
-17 11 -17
-17 11 17
-17 12 -16
-17 12 16
-17 13 -15
-17 13 15
-17 14 -14
-17 14 14
-17 15 -13
-17 15 13
-17 16 -12
-17 16 12
-17 17 -11
-17 17 -10
-17 17 10
-17 17 11
-17 18 -9
-17 18 -8
-17 18 8
-17 18 9
-17 19 -7
-17 19 -6
-17 19 -5
-17 19 -4
-17 19 4
-17 19 5
-17 19 6
-17 19 7
-17 20 -3
-17 20 -2
-17 20 -1
-17 20 0
-17 20 1
-17 20 2
-17 20 3
-16 -21 -2
-16 -21 -1
-16 -21 0
-16 -21 1
-16 -21 2
-16 -20 -6
-16 -20 -5
-16 -20 -4
-16 -20 -3
-16 -20 3
-16 -20 4
-16 -20 5
-16 -20 6
-16 -19 -9
-16 -19 -8
-16 -19 -7
-16 -19 7
-16 -19 8
-16 -19 9
-16 -18 -11
-16 -18 -10
-16 -18 10
-16 -18 11
-16 -17 -12
-16 -17 12
-16 -16 -13
-16 -16 13
-16 -15 -14
-16 -15 14
-16 -14 -15
-16 -14 15
-16 -13 -16
-16 -13 16
-16 -12 -17
-16 -12 17
-16 -11 -18
-16 -11 18
-16 -10 -18
-16 -10 18
-16 -9 -19
-16 -9 19
-16 -8 -19
-16 -8 19
-16 -7 -19
-16 -7 19
-16 -6 -20
-16 -6 20
-16 -5 -20
-16 -5 20
-16 -4 -20
-16 -4 20
-16 -3 -20
-16 -3 20
-16 -2 -21
-16 -2 21
-16 -1 -21
-16 -1 21
-16 0 -21
-16 0 21
-16 1 -21
-16 1 21
-16 2 -21
-16 2 21
-16 3 -20
-16 3 20
-16 4 -20
-16 4 20
-16 5 -20
-16 5 20
-16 6 -20
-16 6 20
-16 7 -19
-16 7 19
-16 8 -19
-16 8 19
-16 9 -19
-16 9 19
-16 10 -18
-16 10 18
-16 11 -18
-16 11 18
-16 12 -17
-16 12 17
-16 13 -16
-16 13 16
-16 14 -15
-16 14 15
-16 15 -14
-16 15 14
-16 16 -13
-16 16 13
-16 17 -12
-16 17 12
-16 18 -11
-16 18 -10
-16 18 10
-16 18 11
-16 19 -9
-16 19 -8
-16 19 -7
-16 19 7
-16 19 8
-16 19 9
-16 20 -6
-16 20 -5
-16 20 -4
-16 20 -3
-16 20 3
-16 20 4
-16 20 5
-16 20 6
-16 21 -2
-16 21 -1
-16 21 0
-16 21 1
-16 21 2
-15 -21 -6
-15 -21 -5
-15 -21 -4
-15 -21 -3
-15 -21 -2
-15 -21 -1
-15 -21 0
-15 -21 1
-15 -21 2
-15 -21 3
-15 -21 4
-15 -21 5
-15 -21 6
-15 -20 -8
-15 -20 -7
-15 -20 7
-15 -20 8
-15 -19 -10
-15 -19 -9
-15 -19 9
-15 -19 10
-15 -18 -12
-15 -18 -11
-15 -18 11
-15 -18 12
-15 -17 -13
-15 -17 13
-15 -16 -14
-15 -16 14
-15 -15 -15
-15 -15 15
-15 -14 -16
-15 -14 16
-15 -13 -17
-15 -13 17
-15 -12 -18
-15 -12 18
-15 -11 -18
-15 -11 18
-15 -10 -19
-15 -10 19
-15 -9 -19
-15 -9 19
-15 -8 -20
-15 -8 20
-15 -7 -20
-15 -7 20
-15 -6 -21
-15 -6 21
-15 -5 -21
-15 -5 21
-15 -4 -21
-15 -4 21
-15 -3 -21
-15 -3 21
-15 -2 -21
-15 -2 21
-15 -1 -21
-15 -1 21
-15 0 -21
-15 0 21
-15 1 -21
-15 1 21
-15 2 -21
-15 2 21
-15 3 -21
-15 3 21
-15 4 -21
-15 4 21
-15 5 -21
-15 5 21
-15 6 -21
-15 6 21
-15 7 -20
-15 7 20
-15 8 -20
-15 8 20
-15 9 -19
-15 9 19
-15 10 -19
-15 10 19
-15 11 -18
-15 11 18
-15 12 -18
-15 12 18
-15 13 -17
-15 13 17
-15 14 -16
-15 14 16
-15 15 -15
-15 15 15
-15 16 -14
-15 16 14
-15 17 -13
-15 17 13
-15 18 -12
-15 18 -11
-15 18 11
-15 18 12
-15 19 -10
-15 19 -9
-15 19 9
-15 19 10
-15 20 -8
-15 20 -7
-15 20 7
-15 20 8
-15 21 -6
-15 21 -5
-15 21 -4
-15 21 -3
-15 21 -2
-15 21 -1
-15 21 0
-15 21 1
-15 21 2
-15 21 3
-15 21 4
-15 21 5
-15 21 6
-14 -22 -4
-14 -22 -3
-14 -22 -2
-14 -22 -1
-14 -22 0
-14 -22 1
-14 -22 2
-14 -22 3
-14 -22 4
-14 -21 -8
-14 -21 -7
-14 -21 -6
-14 -21 -5
-14 -21 5
-14 -21 6
-14 -21 7
-14 -21 8
-14 -20 -10
-14 -20 -9
-14 -20 9
-14 -20 10
-14 -19 -12
-14 -19 -11
-14 -19 11
-14 -19 12
-14 -18 -13
-14 -18 13
-14 -17 -14
-14 -17 14
-14 -16 -15
-14 -16 15
-14 -15 -16
-14 -15 16
-14 -14 -17
-14 -14 17
-14 -13 -18
-14 -13 18
-14 -12 -19
-14 -12 19
-14 -11 -19
-14 -11 19
-14 -10 -20
-14 -10 20
-14 -9 -20
-14 -9 20
-14 -8 -21
-14 -8 21
-14 -7 -21
-14 -7 21
-14 -6 -21
-14 -6 21
-14 -5 -21
-14 -5 21
-14 -4 -22
-14 -4 22
-14 -3 -22
-14 -3 22
-14 -2 -22
-14 -2 22
-14 -1 -22
-14 -1 22
-14 0 -22
-14 0 22
-14 1 -22
-14 1 22
-14 2 -22
-14 2 22
-14 3 -22
-14 3 22
-14 4 -22
-14 4 22
-14 5 -21
-14 5 21
-14 6 -21
-14 6 21
-14 7 -21
-14 7 21
-14 8 -21
-14 8 21
-14 9 -20
-14 9 20
-14 10 -20
-14 10 20
-14 11 -19
-14 11 19
-14 12 -19
-14 12 19
-14 13 -18
-14 13 18
-14 14 -17
-14 14 17
-14 15 -16
-14 15 16
-14 16 -15
-14 16 15
-14 17 -14
-14 17 14
-14 18 -13
-14 18 13
-14 19 -12
-14 19 -11
-14 19 11
-14 19 12
-14 20 -10
-14 20 -9
-14 20 9
-14 20 10
-14 21 -8
-14 21 -7
-14 21 -6
-14 21 -5
-14 21 5
-14 21 6
-14 21 7
-14 21 8
-14 22 -4
-14 22 -3
-14 22 -2
-14 22 -1
-14 22 0
-14 22 1
-14 22 2
-14 22 3
-14 22 4
-13 -23 -2
-13 -23 -1
-13 -23 0
-13 -23 1
-13 -23 2
-13 -22 -7
-13 -22 -6
-13 -22 -5
-13 -22 -4
-13 -22 -3
-13 -22 3
-13 -22 4
-13 -22 5
-13 -22 6
-13 -22 7
-13 -21 -9
-13 -21 -8
-13 -21 8
-13 -21 9
-13 -20 -11
-13 -20 -10
-13 -20 10
-13 -20 11
-13 -19 -13
-13 -19 -12
-13 -19 12
-13 -19 13
-13 -18 -14
-13 -18 14
-13 -17 -15
-13 -17 15
-13 -16 -16
-13 -16 16
-13 -15 -17
-13 -15 17
-13 -14 -18
-13 -14 18
-13 -13 -19
-13 -13 19
-13 -12 -19
-13 -12 19
-13 -11 -20
-13 -11 20
-13 -10 -20
-13 -10 20
-13 -9 -21
-13 -9 21
-13 -8 -21
-13 -8 21
-13 -7 -22
-13 -7 22
-13 -6 -22
-13 -6 22
-13 -5 -22
-13 -5 22
-13 -4 -22
-13 -4 22
-13 -3 -22
-13 -3 22
-13 -2 -23
-13 -2 23
-13 -1 -23
-13 -1 23
-13 0 -23
-13 0 23
-13 1 -23
-13 1 23
-13 2 -23
-13 2 23
-13 3 -22
-13 3 22
-13 4 -22
-13 4 22
-13 5 -22
-13 5 22
-13 6 -22
-13 6 22
-13 7 -22
-13 7 22
-13 8 -21
-13 8 21
-13 9 -21
-13 9 21
-13 10 -20
-13 10 20
-13 11 -20
-13 11 20
-13 12 -19
-13 12 19
-13 13 -19
-13 13 19
-13 14 -18
-13 14 18
-13 15 -17
-13 15 17
-13 16 -16
-13 16 16
-13 17 -15
-13 17 15
-13 18 -14
-13 18 14
-13 19 -13
-13 19 -12
-13 19 12
-13 19 13
-13 20 -11
-13 20 -10
-13 20 10
-13 20 11
-13 21 -9
-13 21 -8
-13 21 8
-13 21 9
-13 22 -7
-13 22 -6
-13 22 -5
-13 22 -4
-13 22 -3
-13 22 3
-13 22 4
-13 22 5
-13 22 6
-13 22 7
-13 23 -2
-13 23 -1
-13 23 0
-13 23 1
-13 23 2
-12 -23 -5
-12 -23 -4
-12 -23 -3
-12 -23 -2
-12 -23 -1
-12 -23 0
-12 -23 1
-12 -23 2
-12 -23 3
-12 -23 4
-12 -23 5
-12 -22 -8
-12 -22 -7
-12 -22 -6
-12 -22 6
-12 -22 7
-12 -22 8
-12 -21 -10
-12 -21 -9
-12 -21 9
-12 -21 10
-12 -20 -12
-12 -20 -11
-12 -20 11
-12 -20 12
-12 -19 -14
-12 -19 -13
-12 -19 13
-12 -19 14
-12 -18 -15
-12 -18 15
-12 -17 -16
-12 -17 16
-12 -16 -17
-12 -16 17
-12 -15 -18
-12 -15 18
-12 -14 -19
-12 -14 19
-12 -13 -19
-12 -13 19
-12 -12 -20
-12 -12 20
-12 -11 -20
-12 -11 20
-12 -10 -21
-12 -10 21
-12 -9 -21
-12 -9 21
-12 -8 -22
-12 -8 22
-12 -7 -22
-12 -7 22
-12 -6 -22
-12 -6 22
-12 -5 -23
-12 -5 23
-12 -4 -23
-12 -4 23
-12 -3 -23
-12 -3 23
-12 -2 -23
-12 -2 23
-12 -1 -23
-12 -1 23
-12 0 -23
-12 0 23
-12 1 -23
-12 1 23
-12 2 -23
-12 2 23
-12 3 -23
-12 3 23
-12 4 -23
-12 4 23
-12 5 -23
-12 5 23
-12 6 -22
-12 6 22
-12 7 -22
-12 7 22
-12 8 -22
-12 8 22
-12 9 -21
-12 9 21
-12 10 -21
-12 10 21
-12 11 -20
-12 11 20
-12 12 -20
-12 12 20
-12 13 -19
-12 13 19
-12 14 -19
-12 14 19
-12 15 -18
-12 15 18
-12 16 -17
-12 16 17
-12 17 -16
-12 17 16
-12 18 -15
-12 18 15
-12 19 -14
-12 19 -13
-12 19 13
-12 19 14
-12 20 -12
-12 20 -11
-12 20 11
-12 20 12
-12 21 -10
-12 21 -9
-12 21 9
-12 21 10
-12 22 -8
-12 22 -7
-12 22 -6
-12 22 6
-12 22 7
-12 22 8
-12 23 -5
-12 23 -4
-12 23 -3
-12 23 -2
-12 23 -1
-12 23 0
-12 23 1
-12 23 2
-12 23 3
-12 23 4
-12 23 5
-11 -24 -2
-11 -24 -1
-11 -24 0
-11 -24 1
-11 -24 2
-11 -23 -7
-11 -23 -6
-11 -23 -5
-11 -23 -4
-11 -23 -3
-11 -23 3
-11 -23 4
-11 -23 5
-11 -23 6
-11 -23 7
-11 -22 -9
-11 -22 -8
-11 -22 8
-11 -22 9
-11 -21 -11
-11 -21 -10
-11 -21 10
-11 -21 11
-11 -20 -13
-11 -20 -12
-11 -20 12
-11 -20 13
-11 -19 -14
-11 -19 14
-11 -18 -16
-11 -18 -15
-11 -18 15
-11 -18 16
-11 -17 -17
-11 -17 17
-11 -16 -18
-11 -16 18
-11 -15 -18
-11 -15 18
-11 -14 -19
-11 -14 19
-11 -13 -20
-11 -13 20
-11 -12 -20
-11 -12 20
-11 -11 -21
-11 -11 21
-11 -10 -21
-11 -10 21
-11 -9 -22
-11 -9 22
-11 -8 -22
-11 -8 22
-11 -7 -23
-11 -7 23
-11 -6 -23
-11 -6 23
-11 -5 -23
-11 -5 23
-11 -4 -23
-11 -4 23
-11 -3 -23
-11 -3 23
-11 -2 -24
-11 -2 24
-11 -1 -24
-11 -1 24
-11 0 -24
-11 0 24
-11 1 -24
-11 1 24
-11 2 -24
-11 2 24
-11 3 -23
-11 3 23
-11 4 -23
-11 4 23
-11 5 -23
-11 5 23
-11 6 -23
-11 6 23
-11 7 -23
-11 7 23
-11 8 -22
-11 8 22
-11 9 -22
-11 9 22
-11 10 -21
-11 10 21
-11 11 -21
-11 11 21
-11 12 -20
-11 12 20
-11 13 -20
-11 13 20
-11 14 -19
-11 14 19
-11 15 -18
-11 15 18
-11 16 -18
-11 16 18
-11 17 -17
-11 17 17
-11 18 -16
-11 18 -15
-11 18 15
-11 18 16
-11 19 -14
-11 19 14
-11 20 -13
-11 20 -12
-11 20 12
-11 20 13
-11 21 -11
-11 21 -10
-11 21 10
-11 21 11
-11 22 -9
-11 22 -8
-11 22 8
-11 22 9
-11 23 -7
-11 23 -6
-11 23 -5
-11 23 -4
-11 23 -3
-11 23 3
-11 23 4
-11 23 5
-11 23 6
-11 23 7
-11 24 -2
-11 24 -1
-11 24 0
-11 24 1
-11 24 2
-10 -24 -5
-10 -24 -4
-10 -24 -3
-10 -24 -2
-10 -24 -1
-10 -24 0
-10 -24 1
-10 -24 2
-10 -24 3
-10 -24 4
-10 -24 5
-10 -23 -8
-10 -23 -7
-10 -23 -6
-10 -23 6
-10 -23 7
-10 -23 8
-10 -22 -10
-10 -22 -9
-10 -22 9
-10 -22 10
-10 -21 -12
-10 -21 -11
-10 -21 11
-10 -21 12
-10 -20 -14
-10 -20 -13
-10 -20 13
-10 -20 14
-10 -19 -15
-10 -19 15
-10 -18 -16
-10 -18 16
-10 -17 -17
-10 -17 17
-10 -16 -18
-10 -16 18
-10 -15 -19
-10 -15 19
-10 -14 -20
-10 -14 20
-10 -13 -20
-10 -13 20
-10 -12 -21
-10 -12 21
-10 -11 -21
-10 -11 21
-10 -10 -22
-10 -10 22
-10 -9 -22
-10 -9 22
-10 -8 -23
-10 -8 23
-10 -7 -23
-10 -7 23
-10 -6 -23
-10 -6 23
-10 -5 -24
-10 -5 24
-10 -4 -24
-10 -4 24
-10 -3 -24
-10 -3 24
-10 -2 -24
-10 -2 24
-10 -1 -24
-10 -1 24
-10 0 -24
-10 0 24
-10 1 -24
-10 1 24
-10 2 -24
-10 2 24
-10 3 -24
-10 3 24
-10 4 -24
-10 4 24
-10 5 -24
-10 5 24
-10 6 -23
-10 6 23
-10 7 -23
-10 7 23
-10 8 -23
-10 8 23
-10 9 -22
-10 9 22
-10 10 -22
-10 10 22
-10 11 -21
-10 11 21
-10 12 -21
-10 12 21
-10 13 -20
-10 13 20
-10 14 -20
-10 14 20
-10 15 -19
-10 15 19
-10 16 -18
-10 16 18
-10 17 -17
-10 17 17
-10 18 -16
-10 18 16
-10 19 -15
-10 19 15
-10 20 -14
-10 20 -13
-10 20 13
-10 20 14
-10 21 -12
-10 21 -11
-10 21 11
-10 21 12
-10 22 -10
-10 22 -9
-10 22 9
-10 22 10
-10 23 -8
-10 23 -7
-10 23 -6
-10 23 6
-10 23 7
-10 23 8
-10 24 -5
-10 24 -4
-10 24 -3
-10 24 -2
-10 24 -1
-10 24 0
-10 24 1
-10 24 2
-10 24 3
-10 24 4
-10 24 5
-9 -24 -6
-9 -24 -5
-9 -24 -4
-9 -24 -3
-9 -24 -2
-9 -24 -1
-9 -24 0
-9 -24 1
-9 -24 2
-9 -24 3
-9 -24 4
-9 -24 5
-9 -24 6
-9 -23 -9
-9 -23 -8
-9 -23 -7
-9 -23 7
-9 -23 8
-9 -23 9
-9 -22 -11
-9 -22 -10
-9 -22 10
-9 -22 11
-9 -21 -13
-9 -21 -12
-9 -21 12
-9 -21 13
-9 -20 -14
-9 -20 14
-9 -19 -16
-9 -19 -15
-9 -19 15
-9 -19 16
-9 -18 -17
-9 -18 17
-9 -17 -18
-9 -17 18
-9 -16 -19
-9 -16 19
-9 -15 -19
-9 -15 19
-9 -14 -20
-9 -14 20
-9 -13 -21
-9 -13 21
-9 -12 -21
-9 -12 21
-9 -11 -22
-9 -11 22
-9 -10 -22
-9 -10 22
-9 -9 -23
-9 -9 23
-9 -8 -23
-9 -8 23
-9 -7 -23
-9 -7 23
-9 -6 -24
-9 -6 24
-9 -5 -24
-9 -5 24
-9 -4 -24
-9 -4 24
-9 -3 -24
-9 -3 24
-9 -2 -24
-9 -2 24
-9 -1 -24
-9 -1 24
-9 0 -24
-9 0 24
-9 1 -24
-9 1 24
-9 2 -24
-9 2 24
-9 3 -24
-9 3 24
-9 4 -24
-9 4 24
-9 5 -24
-9 5 24
-9 6 -24
-9 6 24
-9 7 -23
-9 7 23
-9 8 -23
-9 8 23
-9 9 -23
-9 9 23
-9 10 -22
-9 10 22
-9 11 -22
-9 11 22
-9 12 -21
-9 12 21
-9 13 -21
-9 13 21
-9 14 -20
-9 14 20
-9 15 -19
-9 15 19
-9 16 -19
-9 16 19
-9 17 -18
-9 17 18
-9 18 -17
-9 18 17
-9 19 -16
-9 19 -15
-9 19 15
-9 19 16
-9 20 -14
-9 20 14
-9 21 -13
-9 21 -12
-9 21 12
-9 21 13
-9 22 -11
-9 22 -10
-9 22 10
-9 22 11
-9 23 -9
-9 23 -8
-9 23 -7
-9 23 7
-9 23 8
-9 23 9
-9 24 -6
-9 24 -5
-9 24 -4
-9 24 -3
-9 24 -2
-9 24 -1
-9 24 0
-9 24 1
-9 24 2
-9 24 3
-9 24 4
-9 24 5
-9 24 6
-8 -25 -3
-8 -25 -2
-8 -25 -1
-8 -25 0
-8 -25 1
-8 -25 2
-8 -25 3
-8 -24 -7
-8 -24 -6
-8 -24 -5
-8 -24 -4
-8 -24 4
-8 -24 5
-8 -24 6
-8 -24 7
-8 -23 -10
-8 -23 -9
-8 -23 -8
-8 -23 8
-8 -23 9
-8 -23 10
-8 -22 -12
-8 -22 -11
-8 -22 11
-8 -22 12
-8 -21 -14
-8 -21 -13
-8 -21 13
-8 -21 14
-8 -20 -15
-8 -20 15
-8 -19 -16
-8 -19 16
-8 -18 -17
-8 -18 17
-8 -17 -18
-8 -17 18
-8 -16 -19
-8 -16 19
-8 -15 -20
-8 -15 20
-8 -14 -21
-8 -14 21
-8 -13 -21
-8 -13 21
-8 -12 -22
-8 -12 22
-8 -11 -22
-8 -11 22
-8 -10 -23
-8 -10 23
-8 -9 -23
-8 -9 23
-8 -8 -23
-8 -8 23
-8 -7 -24
-8 -7 24
-8 -6 -24
-8 -6 24
-8 -5 -24
-8 -5 24
-8 -4 -24
-8 -4 24
-8 -3 -25
-8 -3 25
-8 -2 -25
-8 -2 25
-8 -1 -25
-8 -1 25
-8 0 -25
-8 0 25
-8 1 -25
-8 1 25
-8 2 -25
-8 2 25
-8 3 -25
-8 3 25
-8 4 -24
-8 4 24
-8 5 -24
-8 5 24
-8 6 -24
-8 6 24
-8 7 -24
-8 7 24
-8 8 -23
-8 8 23
-8 9 -23
-8 9 23
-8 10 -23
-8 10 23
-8 11 -22
-8 11 22
-8 12 -22
-8 12 22
-8 13 -21
-8 13 21
-8 14 -21
-8 14 21
-8 15 -20
-8 15 20
-8 16 -19
-8 16 19
-8 17 -18
-8 17 18
-8 18 -17
-8 18 17
-8 19 -16
-8 19 16
-8 20 -15
-8 20 15
-8 21 -14
-8 21 -13
-8 21 13
-8 21 14
-8 22 -12
-8 22 -11
-8 22 11
-8 22 12
-8 23 -10
-8 23 -9
-8 23 -8
-8 23 8
-8 23 9
-8 23 10
-8 24 -7
-8 24 -6
-8 24 -5
-8 24 -4
-8 24 4
-8 24 5
-8 24 6
-8 24 7
-8 25 -3
-8 25 -2
-8 25 -1
-8 25 0
-8 25 1
-8 25 2
-8 25 3
-7 -25 -5
-7 -25 -4
-7 -25 -3
-7 -25 -2
-7 -25 -1
-7 -25 0
-7 -25 1
-7 -25 2
-7 -25 3
-7 -25 4
-7 -25 5
-7 -24 -8
-7 -24 -7
-7 -24 -6
-7 -24 6
-7 -24 7
-7 -24 8
-7 -23 -11
-7 -23 -10
-7 -23 -9
-7 -23 9
-7 -23 10
-7 -23 11
-7 -22 -13
-7 -22 -12
-7 -22 12
-7 -22 13
-7 -21 -14
-7 -21 14
-7 -20 -15
-7 -20 15
-7 -19 -17
-7 -19 -16
-7 -19 16
-7 -19 17
-7 -18 -18
-7 -18 18
-7 -17 -19
-7 -17 19
-7 -16 -19
-7 -16 19
-7 -15 -20
-7 -15 20
-7 -14 -21
-7 -14 21
-7 -13 -22
-7 -13 22
-7 -12 -22
-7 -12 22
-7 -11 -23
-7 -11 23
-7 -10 -23
-7 -10 23
-7 -9 -23
-7 -9 23
-7 -8 -24
-7 -8 24
-7 -7 -24
-7 -7 24
-7 -6 -24
-7 -6 24
-7 -5 -25
-7 -5 25
-7 -4 -25
-7 -4 25
-7 -3 -25
-7 -3 25
-7 -2 -25
-7 -2 25
-7 -1 -25
-7 -1 25
-7 0 -25
-7 0 25
-7 1 -25
-7 1 25
-7 2 -25
-7 2 25
-7 3 -25
-7 3 25
-7 4 -25
-7 4 25
-7 5 -25
-7 5 25
-7 6 -24
-7 6 24
-7 7 -24
-7 7 24
-7 8 -24
-7 8 24
-7 9 -23
-7 9 23
-7 10 -23
-7 10 23
-7 11 -23
-7 11 23
-7 12 -22
-7 12 22
-7 13 -22
-7 13 22
-7 14 -21
-7 14 21
-7 15 -20
-7 15 20
-7 16 -19
-7 16 19
-7 17 -19
-7 17 19
-7 18 -18
-7 18 18
-7 19 -17
-7 19 -16
-7 19 16
-7 19 17
-7 20 -15
-7 20 15
-7 21 -14
-7 21 14
-7 22 -13
-7 22 -12
-7 22 12
-7 22 13
-7 23 -11
-7 23 -10
-7 23 -9
-7 23 9
-7 23 10
-7 23 11
-7 24 -8
-7 24 -7
-7 24 -6
-7 24 6
-7 24 7
-7 24 8
-7 25 -5
-7 25 -4
-7 25 -3
-7 25 -2
-7 25 -1
-7 25 0
-7 25 1
-7 25 2
-7 25 3
-7 25 4
-7 25 5
-6 -25 -6
-6 -25 -5
-6 -25 -4
-6 -25 -3
-6 -25 -2
-6 -25 -1
-6 -25 0
-6 -25 1
-6 -25 2
-6 -25 3
-6 -25 4
-6 -25 5
-6 -25 6
-6 -24 -9
-6 -24 -8
-6 -24 -7
-6 -24 7
-6 -24 8
-6 -24 9
-6 -23 -11
-6 -23 -10
-6 -23 10
-6 -23 11
-6 -22 -13
-6 -22 -12
-6 -22 12
-6 -22 13
-6 -21 -15
-6 -21 -14
-6 -21 14
-6 -21 15
-6 -20 -16
-6 -20 16
-6 -19 -17
-6 -19 17
-6 -18 -18
-6 -18 18
-6 -17 -19
-6 -17 19
-6 -16 -20
-6 -16 20
-6 -15 -21
-6 -15 21
-6 -14 -21
-6 -14 21
-6 -13 -22
-6 -13 22
-6 -12 -22
-6 -12 22
-6 -11 -23
-6 -11 23
-6 -10 -23
-6 -10 23
-6 -9 -24
-6 -9 24
-6 -8 -24
-6 -8 24
-6 -7 -24
-6 -7 24
-6 -6 -25
-6 -6 25
-6 -5 -25
-6 -5 25
-6 -4 -25
-6 -4 25
-6 -3 -25
-6 -3 25
-6 -2 -25
-6 -2 25
-6 -1 -25
-6 -1 25
-6 0 -25
-6 0 25
-6 1 -25
-6 1 25
-6 2 -25
-6 2 25
-6 3 -25
-6 3 25
-6 4 -25
-6 4 25
-6 5 -25
-6 5 25
-6 6 -25
-6 6 25
-6 7 -24
-6 7 24
-6 8 -24
-6 8 24
-6 9 -24
-6 9 24
-6 10 -23
-6 10 23
-6 11 -23
-6 11 23
-6 12 -22
-6 12 22
-6 13 -22
-6 13 22
-6 14 -21
-6 14 21
-6 15 -21
-6 15 21
-6 16 -20
-6 16 20
-6 17 -19
-6 17 19
-6 18 -18
-6 18 18
-6 19 -17
-6 19 17
-6 20 -16
-6 20 16
-6 21 -15
-6 21 -14
-6 21 14
-6 21 15
-6 22 -13
-6 22 -12
-6 22 12
-6 22 13
-6 23 -11
-6 23 -10
-6 23 10
-6 23 11
-6 24 -9
-6 24 -8
-6 24 -7
-6 24 7
-6 24 8
-6 24 9
-6 25 -6
-6 25 -5
-6 25 -4
-6 25 -3
-6 25 -2
-6 25 -1
-6 25 0
-6 25 1
-6 25 2
-6 25 3
-6 25 4
-6 25 5
-6 25 6
-5 -26 -1
-5 -26 0
-5 -26 1
-5 -25 -7
-5 -25 -6
-5 -25 -5
-5 -25 -4
-5 -25 -3
-5 -25 -2
-5 -25 2
-5 -25 3
-5 -25 4
-5 -25 5
-5 -25 6
-5 -25 7
-5 -24 -10
-5 -24 -9
-5 -24 -8
-5 -24 8
-5 -24 9
-5 -24 10
-5 -23 -12
-5 -23 -11
-5 -23 11
-5 -23 12
-5 -22 -13
-5 -22 13
-5 -21 -15
-5 -21 -14
-5 -21 14
-5 -21 15
-5 -20 -16
-5 -20 16
-5 -19 -17
-5 -19 17
-5 -18 -18
-5 -18 18
-5 -17 -19
-5 -17 19
-5 -16 -20
-5 -16 20
-5 -15 -21
-5 -15 21
-5 -14 -21
-5 -14 21
-5 -13 -22
-5 -13 22
-5 -12 -23
-5 -12 23
-5 -11 -23
-5 -11 23
-5 -10 -24
-5 -10 24
-5 -9 -24
-5 -9 24
-5 -8 -24
-5 -8 24
-5 -7 -25
-5 -7 25
-5 -6 -25
-5 -6 25
-5 -5 -25
-5 -5 25
-5 -4 -25
-5 -4 25
-5 -3 -25
-5 -3 25
-5 -2 -25
-5 -2 25
-5 -1 -26
-5 -1 26
-5 0 -26
-5 0 26
-5 1 -26
-5 1 26
-5 2 -25
-5 2 25
-5 3 -25
-5 3 25
-5 4 -25
-5 4 25
-5 5 -25
-5 5 25
-5 6 -25
-5 6 25
-5 7 -25
-5 7 25
-5 8 -24
-5 8 24
-5 9 -24
-5 9 24
-5 10 -24
-5 10 24
-5 11 -23
-5 11 23
-5 12 -23
-5 12 23
-5 13 -22
-5 13 22
-5 14 -21
-5 14 21
-5 15 -21
-5 15 21
-5 16 -20
-5 16 20
-5 17 -19
-5 17 19
-5 18 -18
-5 18 18
-5 19 -17
-5 19 17
-5 20 -16
-5 20 16
-5 21 -15
-5 21 -14
-5 21 14
-5 21 15
-5 22 -13
-5 22 13
-5 23 -12
-5 23 -11
-5 23 11
-5 23 12
-5 24 -10
-5 24 -9
-5 24 -8
-5 24 8
-5 24 9
-5 24 10
-5 25 -7
-5 25 -6
-5 25 -5
-5 25 -4
-5 25 -3
-5 25 -2
-5 25 2
-5 25 3
-5 25 4
-5 25 5
-5 25 6
-5 25 7
-5 26 -1
-5 26 0
-5 26 1
-4 -26 -3
-4 -26 -2
-4 -26 -1
-4 -26 0
-4 -26 1
-4 -26 2
-4 -26 3
-4 -25 -7
-4 -25 -6
-4 -25 -5
-4 -25 -4
-4 -25 4
-4 -25 5
-4 -25 6
-4 -25 7
-4 -24 -10
-4 -24 -9
-4 -24 -8
-4 -24 8
-4 -24 9
-4 -24 10
-4 -23 -12
-4 -23 -11
-4 -23 11
-4 -23 12
-4 -22 -14
-4 -22 -13
-4 -22 13
-4 -22 14
-4 -21 -15
-4 -21 15
-4 -20 -16
-4 -20 16
-4 -19 -18
-4 -19 -17
-4 -19 17
-4 -19 18
-4 -18 -19
-4 -18 19
-4 -17 -19
-4 -17 19
-4 -16 -20
-4 -16 20
-4 -15 -21
-4 -15 21
-4 -14 -22
-4 -14 22
-4 -13 -22
-4 -13 22
-4 -12 -23
-4 -12 23
-4 -11 -23
-4 -11 23
-4 -10 -24
-4 -10 24
-4 -9 -24
-4 -9 24
-4 -8 -24
-4 -8 24
-4 -7 -25
-4 -7 25
-4 -6 -25
-4 -6 25
-4 -5 -25
-4 -5 25
-4 -4 -25
-4 -4 25
-4 -3 -26
-4 -3 26
-4 -2 -26
-4 -2 26
-4 -1 -26
-4 -1 26
-4 0 -26
-4 0 26
-4 1 -26
-4 1 26
-4 2 -26
-4 2 26
-4 3 -26
-4 3 26
-4 4 -25
-4 4 25
-4 5 -25
-4 5 25
-4 6 -25
-4 6 25
-4 7 -25
-4 7 25
-4 8 -24
-4 8 24
-4 9 -24
-4 9 24
-4 10 -24
-4 10 24
-4 11 -23
-4 11 23
-4 12 -23
-4 12 23
-4 13 -22
-4 13 22
-4 14 -22
-4 14 22
-4 15 -21
-4 15 21
-4 16 -20
-4 16 20
-4 17 -19
-4 17 19
-4 18 -19
-4 18 19
-4 19 -18
-4 19 -17
-4 19 17
-4 19 18
-4 20 -16
-4 20 16
-4 21 -15
-4 21 15
-4 22 -14
-4 22 -13
-4 22 13
-4 22 14
-4 23 -12
-4 23 -11
-4 23 11
-4 23 12
-4 24 -10
-4 24 -9
-4 24 -8
-4 24 8
-4 24 9
-4 24 10
-4 25 -7
-4 25 -6
-4 25 -5
-4 25 -4
-4 25 4
-4 25 5
-4 25 6
-4 25 7
-4 26 -3
-4 26 -2
-4 26 -1
-4 26 0
-4 26 1
-4 26 2
-4 26 3
-3 -26 -4
-3 -26 -3
-3 -26 -2
-3 -26 -1
-3 -26 0
-3 -26 1
-3 -26 2
-3 -26 3
-3 -26 4
-3 -25 -8
-3 -25 -7
-3 -25 -6
-3 -25 -5
-3 -25 5
-3 -25 6
-3 -25 7
-3 -25 8
-3 -24 -10
-3 -24 -9
-3 -24 9
-3 -24 10
-3 -23 -12
-3 -23 -11
-3 -23 11
-3 -23 12
-3 -22 -14
-3 -22 -13
-3 -22 13
-3 -22 14
-3 -21 -15
-3 -21 15
-3 -20 -17
-3 -20 -16
-3 -20 16
-3 -20 17
-3 -19 -18
-3 -19 18
-3 -18 -19
-3 -18 19
-3 -17 -20
-3 -17 20
-3 -16 -20
-3 -16 20
-3 -15 -21
-3 -15 21
-3 -14 -22
-3 -14 22
-3 -13 -22
-3 -13 22
-3 -12 -23
-3 -12 23
-3 -11 -23
-3 -11 23
-3 -10 -24
-3 -10 24
-3 -9 -24
-3 -9 24
-3 -8 -25
-3 -8 25
-3 -7 -25
-3 -7 25
-3 -6 -25
-3 -6 25
-3 -5 -25
-3 -5 25
-3 -4 -26
-3 -4 26
-3 -3 -26
-3 -3 26
-3 -2 -26
-3 -2 26
-3 -1 -26
-3 -1 26
-3 0 -26
-3 0 26
-3 1 -26
-3 1 26
-3 2 -26
-3 2 26
-3 3 -26
-3 3 26
-3 4 -26
-3 4 26
-3 5 -25
-3 5 25
-3 6 -25
-3 6 25
-3 7 -25
-3 7 25
-3 8 -25
-3 8 25
-3 9 -24
-3 9 24
-3 10 -24
-3 10 24
-3 11 -23
-3 11 23
-3 12 -23
-3 12 23
-3 13 -22
-3 13 22
-3 14 -22
-3 14 22
-3 15 -21
-3 15 21
-3 16 -20
-3 16 20
-3 17 -20
-3 17 20
-3 18 -19
-3 18 19
-3 19 -18
-3 19 18
-3 20 -17
-3 20 -16
-3 20 16
-3 20 17
-3 21 -15
-3 21 15
-3 22 -14
-3 22 -13
-3 22 13
-3 22 14
-3 23 -12
-3 23 -11
-3 23 11
-3 23 12
-3 24 -10
-3 24 -9
-3 24 9
-3 24 10
-3 25 -8
-3 25 -7
-3 25 -6
-3 25 -5
-3 25 5
-3 25 6
-3 25 7
-3 25 8
-3 26 -4
-3 26 -3
-3 26 -2
-3 26 -1
-3 26 0
-3 26 1
-3 26 2
-3 26 3
-3 26 4
-2 -26 -4
-2 -26 -3
-2 -26 -2
-2 -26 -1
-2 -26 0
-2 -26 1
-2 -26 2
-2 -26 3
-2 -26 4
-2 -25 -8
-2 -25 -7
-2 -25 -6
-2 -25 -5
-2 -25 5
-2 -25 6
-2 -25 7
-2 -25 8
-2 -24 -11
-2 -24 -10
-2 -24 -9
-2 -24 9
-2 -24 10
-2 -24 11
-2 -23 -13
-2 -23 -12
-2 -23 12
-2 -23 13
-2 -22 -14
-2 -22 14
-2 -21 -16
-2 -21 -15
-2 -21 15
-2 -21 16
-2 -20 -17
-2 -20 17
-2 -19 -18
-2 -19 18
-2 -18 -19
-2 -18 19
-2 -17 -20
-2 -17 20
-2 -16 -21
-2 -16 21
-2 -15 -21
-2 -15 21
-2 -14 -22
-2 -14 22
-2 -13 -23
-2 -13 23
-2 -12 -23
-2 -12 23
-2 -11 -24
-2 -11 24
-2 -10 -24
-2 -10 24
-2 -9 -24
-2 -9 24
-2 -8 -25
-2 -8 25
-2 -7 -25
-2 -7 25
-2 -6 -25
-2 -6 25
-2 -5 -25
-2 -5 25
-2 -4 -26
-2 -4 26
-2 -3 -26
-2 -3 26
-2 -2 -26
-2 -2 26
-2 -1 -26
-2 -1 26
-2 0 -26
-2 0 26
-2 1 -26
-2 1 26
-2 2 -26
-2 2 26
-2 3 -26
-2 3 26
-2 4 -26
-2 4 26
-2 5 -25
-2 5 25
-2 6 -25
-2 6 25
-2 7 -25
-2 7 25
-2 8 -25
-2 8 25
-2 9 -24
-2 9 24
-2 10 -24
-2 10 24
-2 11 -24
-2 11 24
-2 12 -23
-2 12 23
-2 13 -23
-2 13 23
-2 14 -22
-2 14 22
-2 15 -21
-2 15 21
-2 16 -21
-2 16 21
-2 17 -20
-2 17 20
-2 18 -19
-2 18 19
-2 19 -18
-2 19 18
-2 20 -17
-2 20 17
-2 21 -16
-2 21 -15
-2 21 15
-2 21 16
-2 22 -14
-2 22 14
-2 23 -13
-2 23 -12
-2 23 12
-2 23 13
-2 24 -11
-2 24 -10
-2 24 -9
-2 24 9
-2 24 10
-2 24 11
-2 25 -8
-2 25 -7
-2 25 -6
-2 25 -5
-2 25 5
-2 25 6
-2 25 7
-2 25 8
-2 26 -4
-2 26 -3
-2 26 -2
-2 26 -1
-2 26 0
-2 26 1
-2 26 2
-2 26 3
-2 26 4
-1 -26 -5
-1 -26 -4
-1 -26 -3
-1 -26 -2
-1 -26 -1
-1 -26 0
-1 -26 1
-1 -26 2
-1 -26 3
-1 -26 4
-1 -26 5
-1 -25 -8
-1 -25 -7
-1 -25 -6
-1 -25 6
-1 -25 7
-1 -25 8
-1 -24 -11
-1 -24 -10
-1 -24 -9
-1 -24 9
-1 -24 10
-1 -24 11
-1 -23 -13
-1 -23 -12
-1 -23 12
-1 -23 13
-1 -22 -14
-1 -22 14
-1 -21 -16
-1 -21 -15
-1 -21 15
-1 -21 16
-1 -20 -17
-1 -20 17
-1 -19 -18
-1 -19 18
-1 -18 -19
-1 -18 19
-1 -17 -20
-1 -17 20
-1 -16 -21
-1 -16 21
-1 -15 -21
-1 -15 21
-1 -14 -22
-1 -14 22
-1 -13 -23
-1 -13 23
-1 -12 -23
-1 -12 23
-1 -11 -24
-1 -11 24
-1 -10 -24
-1 -10 24
-1 -9 -24
-1 -9 24
-1 -8 -25
-1 -8 25
-1 -7 -25
-1 -7 25
-1 -6 -25
-1 -6 25
-1 -5 -26
-1 -5 26
-1 -4 -26
-1 -4 26
-1 -3 -26
-1 -3 26
-1 -2 -26
-1 -2 26
-1 -1 -26
-1 -1 26
-1 0 -26
-1 0 26
-1 1 -26
-1 1 26
-1 2 -26
-1 2 26
-1 3 -26
-1 3 26
-1 4 -26
-1 4 26
-1 5 -26
-1 5 26
-1 6 -25
-1 6 25
-1 7 -25
-1 7 25
-1 8 -25
-1 8 25
-1 9 -24
-1 9 24
-1 10 -24
-1 10 24
-1 11 -24
-1 11 24
-1 12 -23
-1 12 23
-1 13 -23
-1 13 23
-1 14 -22
-1 14 22
-1 15 -21
-1 15 21
-1 16 -21
-1 16 21
-1 17 -20
-1 17 20
-1 18 -19
-1 18 19
-1 19 -18
-1 19 18
-1 20 -17
-1 20 17
-1 21 -16
-1 21 -15
-1 21 15
-1 21 16
-1 22 -14
-1 22 14
-1 23 -13
-1 23 -12
-1 23 12
-1 23 13
-1 24 -11
-1 24 -10
-1 24 -9
-1 24 9
-1 24 10
-1 24 11
-1 25 -8
-1 25 -7
-1 25 -6
-1 25 6
-1 25 7
-1 25 8
-1 26 -5
-1 26 -4
-1 26 -3
-1 26 -2
-1 26 -1
-1 26 0
-1 26 1
-1 26 2
-1 26 3
-1 26 4
-1 26 5
0 -26 -5
0 -26 -4
0 -26 -3
0 -26 -2
0 -26 -1
0 -26 0
0 -26 1
0 -26 2
0 -26 3
0 -26 4
0 -26 5
0 -25 -8
0 -25 -7
0 -25 -6
0 -25 6
0 -25 7
0 -25 8
0 -24 -11
0 -24 -10
0 -24 -9
0 -24 9
0 -24 10
0 -24 11
0 -23 -13
0 -23 -12
0 -23 12
0 -23 13
0 -22 -14
0 -22 14
0 -21 -16
0 -21 -15
0 -21 15
0 -21 16
0 -20 -17
0 -20 17
0 -19 -18
0 -19 18
0 -18 -19
0 -18 19
0 -17 -20
0 -17 20
0 -16 -21
0 -16 21
0 -15 -21
0 -15 21
0 -14 -22
0 -14 22
0 -13 -23
0 -13 23
0 -12 -23
0 -12 23
0 -11 -24
0 -11 24
0 -10 -24
0 -10 24
0 -9 -24
0 -9 24
0 -8 -25
0 -8 25
0 -7 -25
0 -7 25
0 -6 -25
0 -6 25
0 -5 -26
0 -5 26
0 -4 -26
0 -4 26
0 -3 -26
0 -3 26
0 -2 -26
0 -2 26
0 -1 -26
0 -1 26
0 0 -26
0 0 26
0 1 -26
0 1 26
0 2 -26
0 2 26
0 3 -26
0 3 26
0 4 -26
0 4 26
0 5 -26
0 5 26
0 6 -25
0 6 25
0 7 -25
0 7 25
0 8 -25
0 8 25
0 9 -24
0 9 24
0 10 -24
0 10 24
0 11 -24
0 11 24
0 12 -23
0 12 23
0 13 -23
0 13 23
0 14 -22
0 14 22
0 15 -21
0 15 21
0 16 -21
0 16 21
0 17 -20
0 17 20
0 18 -19
0 18 19
0 19 -18
0 19 18
0 20 -17
0 20 17
0 21 -16
0 21 -15
0 21 15
0 21 16
0 22 -14
0 22 14
0 23 -13
0 23 -12
0 23 12
0 23 13
0 24 -11
0 24 -10
0 24 -9
0 24 9
0 24 10
0 24 11
0 25 -8
0 25 -7
0 25 -6
0 25 6
0 25 7
0 25 8
0 26 -5
0 26 -4
0 26 -3
0 26 -2
0 26 -1
0 26 0
0 26 1
0 26 2
0 26 3
0 26 4
0 26 5
1 -26 -5
1 -26 -4
1 -26 -3
1 -26 -2
1 -26 -1
1 -26 0
1 -26 1
1 -26 2
1 -26 3
1 -26 4
1 -26 5
1 -25 -8
1 -25 -7
1 -25 -6
1 -25 6
1 -25 7
1 -25 8
1 -24 -11
1 -24 -10
1 -24 -9
1 -24 9
1 -24 10
1 -24 11
1 -23 -13
1 -23 -12
1 -23 12
1 -23 13
1 -22 -14
1 -22 14
1 -21 -16
1 -21 -15
1 -21 15
1 -21 16
1 -20 -17
1 -20 17
1 -19 -18
1 -19 18
1 -18 -19
1 -18 19
1 -17 -20
1 -17 20
1 -16 -21
1 -16 21
1 -15 -21
1 -15 21
1 -14 -22
1 -14 22
1 -13 -23
1 -13 23
1 -12 -23
1 -12 23
1 -11 -24
1 -11 24
1 -10 -24
1 -10 24
1 -9 -24
1 -9 24
1 -8 -25
1 -8 25
1 -7 -25
1 -7 25
1 -6 -25
1 -6 25
1 -5 -26
1 -5 26
1 -4 -26
1 -4 26
1 -3 -26
1 -3 26
1 -2 -26
1 -2 26
1 -1 -26
1 -1 26
1 0 -26
1 0 26
1 1 -26
1 1 26
1 2 -26
1 2 26
1 3 -26
1 3 26
1 4 -26
1 4 26
1 5 -26
1 5 26
1 6 -25
1 6 25
1 7 -25
1 7 25
1 8 -25
1 8 25
1 9 -24
1 9 24
1 10 -24
1 10 24
1 11 -24
1 11 24
1 12 -23
1 12 23
1 13 -23
1 13 23
1 14 -22
1 14 22
1 15 -21
1 15 21
1 16 -21
1 16 21
1 17 -20
1 17 20
1 18 -19
1 18 19
1 19 -18
1 19 18
1 20 -17
1 20 17
1 21 -16
1 21 -15
1 21 15
1 21 16
1 22 -14
1 22 14
1 23 -13
1 23 -12
1 23 12
1 23 13
1 24 -11
1 24 -10
1 24 -9
1 24 9
1 24 10
1 24 11
1 25 -8
1 25 -7
1 25 -6
1 25 6
1 25 7
1 25 8
1 26 -5
1 26 -4
1 26 -3
1 26 -2
1 26 -1
1 26 0
1 26 1
1 26 2
1 26 3
1 26 4
1 26 5
2 -26 -4
2 -26 -3
2 -26 -2
2 -26 -1
2 -26 0
2 -26 1
2 -26 2
2 -26 3
2 -26 4
2 -25 -8
2 -25 -7
2 -25 -6
2 -25 -5
2 -25 5
2 -25 6
2 -25 7
2 -25 8
2 -24 -11
2 -24 -10
2 -24 -9
2 -24 9
2 -24 10
2 -24 11
2 -23 -13
2 -23 -12
2 -23 12
2 -23 13
2 -22 -14
2 -22 14
2 -21 -16
2 -21 -15
2 -21 15
2 -21 16
2 -20 -17
2 -20 17
2 -19 -18
2 -19 18
2 -18 -19
2 -18 19
2 -17 -20
2 -17 20
2 -16 -21
2 -16 21
2 -15 -21
2 -15 21
2 -14 -22
2 -14 22
2 -13 -23
2 -13 23
2 -12 -23
2 -12 23
2 -11 -24
2 -11 24
2 -10 -24
2 -10 24
2 -9 -24
2 -9 24
2 -8 -25
2 -8 25
2 -7 -25
2 -7 25
2 -6 -25
2 -6 25
2 -5 -25
2 -5 25
2 -4 -26
2 -4 26
2 -3 -26
2 -3 26
2 -2 -26
2 -2 26
2 -1 -26
2 -1 26
2 0 -26
2 0 26
2 1 -26
2 1 26
2 2 -26
2 2 26
2 3 -26
2 3 26
2 4 -26
2 4 26
2 5 -25
2 5 25
2 6 -25
2 6 25
2 7 -25
2 7 25
2 8 -25
2 8 25
2 9 -24
2 9 24
2 10 -24
2 10 24
2 11 -24
2 11 24
2 12 -23
2 12 23
2 13 -23
2 13 23
2 14 -22
2 14 22
2 15 -21
2 15 21
2 16 -21
2 16 21
2 17 -20
2 17 20
2 18 -19
2 18 19
2 19 -18
2 19 18
2 20 -17
2 20 17
2 21 -16
2 21 -15
2 21 15
2 21 16
2 22 -14
2 22 14
2 23 -13
2 23 -12
2 23 12
2 23 13
2 24 -11
2 24 -10
2 24 -9
2 24 9
2 24 10
2 24 11
2 25 -8
2 25 -7
2 25 -6
2 25 -5
2 25 5
2 25 6
2 25 7
2 25 8
2 26 -4
2 26 -3
2 26 -2
2 26 -1
2 26 0
2 26 1
2 26 2
2 26 3
2 26 4
3 -26 -4
3 -26 -3
3 -26 -2
3 -26 -1
3 -26 0
3 -26 1
3 -26 2
3 -26 3
3 -26 4
3 -25 -8
3 -25 -7
3 -25 -6
3 -25 -5
3 -25 5
3 -25 6
3 -25 7
3 -25 8
3 -24 -10
3 -24 -9
3 -24 9
3 -24 10
3 -23 -12
3 -23 -11
3 -23 11
3 -23 12
3 -22 -14
3 -22 -13
3 -22 13
3 -22 14
3 -21 -15
3 -21 15
3 -20 -17
3 -20 -16
3 -20 16
3 -20 17
3 -19 -18
3 -19 18
3 -18 -19
3 -18 19
3 -17 -20
3 -17 20
3 -16 -20
3 -16 20
3 -15 -21
3 -15 21
3 -14 -22
3 -14 22
3 -13 -22
3 -13 22
3 -12 -23
3 -12 23
3 -11 -23
3 -11 23
3 -10 -24
3 -10 24
3 -9 -24
3 -9 24
3 -8 -25
3 -8 25
3 -7 -25
3 -7 25
3 -6 -25
3 -6 25
3 -5 -25
3 -5 25
3 -4 -26
3 -4 26
3 -3 -26
3 -3 26
3 -2 -26
3 -2 26
3 -1 -26
3 -1 26
3 0 -26
3 0 26
3 1 -26
3 1 26
3 2 -26
3 2 26
3 3 -26
3 3 26
3 4 -26
3 4 26
3 5 -25
3 5 25
3 6 -25
3 6 25
3 7 -25
3 7 25
3 8 -25
3 8 25
3 9 -24
3 9 24
3 10 -24
3 10 24
3 11 -23
3 11 23
3 12 -23
3 12 23
3 13 -22
3 13 22
3 14 -22
3 14 22
3 15 -21
3 15 21
3 16 -20
3 16 20
3 17 -20
3 17 20
3 18 -19
3 18 19
3 19 -18
3 19 18
3 20 -17
3 20 -16
3 20 16
3 20 17
3 21 -15
3 21 15
3 22 -14
3 22 -13
3 22 13
3 22 14
3 23 -12
3 23 -11
3 23 11
3 23 12
3 24 -10
3 24 -9
3 24 9
3 24 10
3 25 -8
3 25 -7
3 25 -6
3 25 -5
3 25 5
3 25 6
3 25 7
3 25 8
3 26 -4
3 26 -3
3 26 -2
3 26 -1
3 26 0
3 26 1
3 26 2
3 26 3
3 26 4
4 -26 -3
4 -26 -2
4 -26 -1
4 -26 0
4 -26 1
4 -26 2
4 -26 3
4 -25 -7
4 -25 -6
4 -25 -5
4 -25 -4
4 -25 4
4 -25 5
4 -25 6
4 -25 7
4 -24 -10
4 -24 -9
4 -24 -8
4 -24 8
4 -24 9
4 -24 10
4 -23 -12
4 -23 -11
4 -23 11
4 -23 12
4 -22 -14
4 -22 -13
4 -22 13
4 -22 14
4 -21 -15
4 -21 15
4 -20 -16
4 -20 16
4 -19 -18
4 -19 -17
4 -19 17
4 -19 18
4 -18 -19
4 -18 19
4 -17 -19
4 -17 19
4 -16 -20
4 -16 20
4 -15 -21
4 -15 21
4 -14 -22
4 -14 22
4 -13 -22
4 -13 22
4 -12 -23
4 -12 23
4 -11 -23
4 -11 23
4 -10 -24
4 -10 24
4 -9 -24
4 -9 24
4 -8 -24
4 -8 24
4 -7 -25
4 -7 25
4 -6 -25
4 -6 25
4 -5 -25
4 -5 25
4 -4 -25
4 -4 25
4 -3 -26
4 -3 26
4 -2 -26
4 -2 26
4 -1 -26
4 -1 26
4 0 -26
4 0 26
4 1 -26
4 1 26
4 2 -26
4 2 26
4 3 -26
4 3 26
4 4 -25
4 4 25
4 5 -25
4 5 25
4 6 -25
4 6 25
4 7 -25
4 7 25
4 8 -24
4 8 24
4 9 -24
4 9 24
4 10 -24
4 10 24
4 11 -23
4 11 23
4 12 -23
4 12 23
4 13 -22
4 13 22
4 14 -22
4 14 22
4 15 -21
4 15 21
4 16 -20
4 16 20
4 17 -19
4 17 19
4 18 -19
4 18 19
4 19 -18
4 19 -17
4 19 17
4 19 18
4 20 -16
4 20 16
4 21 -15
4 21 15
4 22 -14
4 22 -13
4 22 13
4 22 14
4 23 -12
4 23 -11
4 23 11
4 23 12
4 24 -10
4 24 -9
4 24 -8
4 24 8
4 24 9
4 24 10
4 25 -7
4 25 -6
4 25 -5
4 25 -4
4 25 4
4 25 5
4 25 6
4 25 7
4 26 -3
4 26 -2
4 26 -1
4 26 0
4 26 1
4 26 2
4 26 3
5 -26 -1
5 -26 0
5 -26 1
5 -25 -7
5 -25 -6
5 -25 -5
5 -25 -4
5 -25 -3
5 -25 -2
5 -25 2
5 -25 3
5 -25 4
5 -25 5
5 -25 6
5 -25 7
5 -24 -10
5 -24 -9
5 -24 -8
5 -24 8
5 -24 9
5 -24 10
5 -23 -12
5 -23 -11
5 -23 11
5 -23 12
5 -22 -13
5 -22 13
5 -21 -15
5 -21 -14
5 -21 14
5 -21 15
5 -20 -16
5 -20 16
5 -19 -17
5 -19 17
5 -18 -18
5 -18 18
5 -17 -19
5 -17 19
5 -16 -20
5 -16 20
5 -15 -21
5 -15 21
5 -14 -21
5 -14 21
5 -13 -22
5 -13 22
5 -12 -23
5 -12 23
5 -11 -23
5 -11 23
5 -10 -24
5 -10 24
5 -9 -24
5 -9 24
5 -8 -24
5 -8 24
5 -7 -25
5 -7 25
5 -6 -25
5 -6 25
5 -5 -25
5 -5 25
5 -4 -25
5 -4 25
5 -3 -25
5 -3 25
5 -2 -25
5 -2 25
5 -1 -26
5 -1 26
5 0 -26
5 0 26
5 1 -26
5 1 26
5 2 -25
5 2 25
5 3 -25
5 3 25
5 4 -25
5 4 25
5 5 -25
5 5 25
5 6 -25
5 6 25
5 7 -25
5 7 25
5 8 -24
5 8 24
5 9 -24
5 9 24
5 10 -24
5 10 24
5 11 -23
5 11 23
5 12 -23
5 12 23
5 13 -22
5 13 22
5 14 -21
5 14 21
5 15 -21
5 15 21
5 16 -20
5 16 20
5 17 -19
5 17 19
5 18 -18
5 18 18
5 19 -17
5 19 17
5 20 -16
5 20 16
5 21 -15
5 21 -14
5 21 14
5 21 15
5 22 -13
5 22 13
5 23 -12
5 23 -11
5 23 11
5 23 12
5 24 -10
5 24 -9
5 24 -8
5 24 8
5 24 9
5 24 10
5 25 -7
5 25 -6
5 25 -5
5 25 -4
5 25 -3
5 25 -2
5 25 2
5 25 3
5 25 4
5 25 5
5 25 6
5 25 7
5 26 -1
5 26 0
5 26 1
6 -25 -6
6 -25 -5
6 -25 -4
6 -25 -3
6 -25 -2
6 -25 -1
6 -25 0
6 -25 1
6 -25 2
6 -25 3
6 -25 4
6 -25 5
6 -25 6
6 -24 -9
6 -24 -8
6 -24 -7
6 -24 7
6 -24 8
6 -24 9
6 -23 -11
6 -23 -10
6 -23 10
6 -23 11
6 -22 -13
6 -22 -12
6 -22 12
6 -22 13
6 -21 -15
6 -21 -14
6 -21 14
6 -21 15
6 -20 -16
6 -20 16
6 -19 -17
6 -19 17
6 -18 -18
6 -18 18
6 -17 -19
6 -17 19
6 -16 -20
6 -16 20
6 -15 -21
6 -15 21
6 -14 -21
6 -14 21
6 -13 -22
6 -13 22
6 -12 -22
6 -12 22
6 -11 -23
6 -11 23
6 -10 -23
6 -10 23
6 -9 -24
6 -9 24
6 -8 -24
6 -8 24
6 -7 -24
6 -7 24
6 -6 -25
6 -6 25
6 -5 -25
6 -5 25
6 -4 -25
6 -4 25
6 -3 -25
6 -3 25
6 -2 -25
6 -2 25
6 -1 -25
6 -1 25
6 0 -25
6 0 25
6 1 -25
6 1 25
6 2 -25
6 2 25
6 3 -25
6 3 25
6 4 -25
6 4 25
6 5 -25
6 5 25
6 6 -25
6 6 25
6 7 -24
6 7 24
6 8 -24
6 8 24
6 9 -24
6 9 24
6 10 -23
6 10 23
6 11 -23
6 11 23
6 12 -22
6 12 22
6 13 -22
6 13 22
6 14 -21
6 14 21
6 15 -21
6 15 21
6 16 -20
6 16 20
6 17 -19
6 17 19
6 18 -18
6 18 18
6 19 -17
6 19 17
6 20 -16
6 20 16
6 21 -15
6 21 -14
6 21 14
6 21 15
6 22 -13
6 22 -12
6 22 12
6 22 13
6 23 -11
6 23 -10
6 23 10
6 23 11
6 24 -9
6 24 -8
6 24 -7
6 24 7
6 24 8
6 24 9
6 25 -6
6 25 -5
6 25 -4
6 25 -3
6 25 -2
6 25 -1
6 25 0
6 25 1
6 25 2
6 25 3
6 25 4
6 25 5
6 25 6
7 -25 -5
7 -25 -4
7 -25 -3
7 -25 -2
7 -25 -1
7 -25 0
7 -25 1
7 -25 2
7 -25 3
7 -25 4
7 -25 5
7 -24 -8
7 -24 -7
7 -24 -6
7 -24 6
7 -24 7
7 -24 8
7 -23 -11
7 -23 -10
7 -23 -9
7 -23 9
7 -23 10
7 -23 11
7 -22 -13
7 -22 -12
7 -22 12
7 -22 13
7 -21 -14
7 -21 14
7 -20 -15
7 -20 15
7 -19 -17
7 -19 -16
7 -19 16
7 -19 17
7 -18 -18
7 -18 18
7 -17 -19
7 -17 19
7 -16 -19
7 -16 19
7 -15 -20
7 -15 20
7 -14 -21
7 -14 21
7 -13 -22
7 -13 22
7 -12 -22
7 -12 22
7 -11 -23
7 -11 23
7 -10 -23
7 -10 23
7 -9 -23
7 -9 23
7 -8 -24
7 -8 24
7 -7 -24
7 -7 24
7 -6 -24
7 -6 24
7 -5 -25
7 -5 25
7 -4 -25
7 -4 25
7 -3 -25
7 -3 25
7 -2 -25
7 -2 25
7 -1 -25
7 -1 25
7 0 -25
7 0 25
7 1 -25
7 1 25
7 2 -25
7 2 25
7 3 -25
7 3 25
7 4 -25
7 4 25
7 5 -25
7 5 25
7 6 -24
7 6 24
7 7 -24
7 7 24
7 8 -24
7 8 24
7 9 -23
7 9 23
7 10 -23
7 10 23
7 11 -23
7 11 23
7 12 -22
7 12 22
7 13 -22
7 13 22
7 14 -21
7 14 21
7 15 -20
7 15 20
7 16 -19
7 16 19
7 17 -19
7 17 19
7 18 -18
7 18 18
7 19 -17
7 19 -16
7 19 16
7 19 17
7 20 -15
7 20 15
7 21 -14
7 21 14
7 22 -13
7 22 -12
7 22 12
7 22 13
7 23 -11
7 23 -10
7 23 -9
7 23 9
7 23 10
7 23 11
7 24 -8
7 24 -7
7 24 -6
7 24 6
7 24 7
7 24 8
7 25 -5
7 25 -4
7 25 -3
7 25 -2
7 25 -1
7 25 0
7 25 1
7 25 2
7 25 3
7 25 4
7 25 5
8 -25 -3
8 -25 -2
8 -25 -1
8 -25 0
8 -25 1
8 -25 2
8 -25 3
8 -24 -7
8 -24 -6
8 -24 -5
8 -24 -4
8 -24 4
8 -24 5
8 -24 6
8 -24 7
8 -23 -10
8 -23 -9
8 -23 -8
8 -23 8
8 -23 9
8 -23 10
8 -22 -12
8 -22 -11
8 -22 11
8 -22 12
8 -21 -14
8 -21 -13
8 -21 13
8 -21 14
8 -20 -15
8 -20 15
8 -19 -16
8 -19 16
8 -18 -17
8 -18 17
8 -17 -18
8 -17 18
8 -16 -19
8 -16 19
8 -15 -20
8 -15 20
8 -14 -21
8 -14 21
8 -13 -21
8 -13 21
8 -12 -22
8 -12 22
8 -11 -22
8 -11 22
8 -10 -23
8 -10 23
8 -9 -23
8 -9 23
8 -8 -23
8 -8 23
8 -7 -24
8 -7 24
8 -6 -24
8 -6 24
8 -5 -24
8 -5 24
8 -4 -24
8 -4 24
8 -3 -25
8 -3 25
8 -2 -25
8 -2 25
8 -1 -25
8 -1 25
8 0 -25
8 0 25
8 1 -25
8 1 25
8 2 -25
8 2 25
8 3 -25
8 3 25
8 4 -24
8 4 24
8 5 -24
8 5 24
8 6 -24
8 6 24
8 7 -24
8 7 24
8 8 -23
8 8 23
8 9 -23
8 9 23
8 10 -23
8 10 23
8 11 -22
8 11 22
8 12 -22
8 12 22
8 13 -21
8 13 21
8 14 -21
8 14 21
8 15 -20
8 15 20
8 16 -19
8 16 19
8 17 -18
8 17 18
8 18 -17
8 18 17
8 19 -16
8 19 16
8 20 -15
8 20 15
8 21 -14
8 21 -13
8 21 13
8 21 14
8 22 -12
8 22 -11
8 22 11
8 22 12
8 23 -10
8 23 -9
8 23 -8
8 23 8
8 23 9
8 23 10
8 24 -7
8 24 -6
8 24 -5
8 24 -4
8 24 4
8 24 5
8 24 6
8 24 7
8 25 -3
8 25 -2
8 25 -1
8 25 0
8 25 1
8 25 2
8 25 3
9 -24 -6
9 -24 -5
9 -24 -4
9 -24 -3
9 -24 -2
9 -24 -1
9 -24 0
9 -24 1
9 -24 2
9 -24 3
9 -24 4
9 -24 5
9 -24 6
9 -23 -9
9 -23 -8
9 -23 -7
9 -23 7
9 -23 8
9 -23 9
9 -22 -11
9 -22 -10
9 -22 10
9 -22 11
9 -21 -13
9 -21 -12
9 -21 12
9 -21 13
9 -20 -14
9 -20 14
9 -19 -16
9 -19 -15
9 -19 15
9 -19 16
9 -18 -17
9 -18 17
9 -17 -18
9 -17 18
9 -16 -19
9 -16 19
9 -15 -19
9 -15 19
9 -14 -20
9 -14 20
9 -13 -21
9 -13 21
9 -12 -21
9 -12 21
9 -11 -22
9 -11 22
9 -10 -22
9 -10 22
9 -9 -23
9 -9 23
9 -8 -23
9 -8 23
9 -7 -23
9 -7 23
9 -6 -24
9 -6 24
9 -5 -24
9 -5 24
9 -4 -24
9 -4 24
9 -3 -24
9 -3 24
9 -2 -24
9 -2 24
9 -1 -24
9 -1 24
9 0 -24
9 0 24
9 1 -24
9 1 24
9 2 -24
9 2 24
9 3 -24
9 3 24
9 4 -24
9 4 24
9 5 -24
9 5 24
9 6 -24
9 6 24
9 7 -23
9 7 23
9 8 -23
9 8 23
9 9 -23
9 9 23
9 10 -22
9 10 22
9 11 -22
9 11 22
9 12 -21
9 12 21
9 13 -21
9 13 21
9 14 -20
9 14 20
9 15 -19
9 15 19
9 16 -19
9 16 19
9 17 -18
9 17 18
9 18 -17
9 18 17
9 19 -16
9 19 -15
9 19 15
9 19 16
9 20 -14
9 20 14
9 21 -13
9 21 -12
9 21 12
9 21 13
9 22 -11
9 22 -10
9 22 10
9 22 11
9 23 -9
9 23 -8
9 23 -7
9 23 7
9 23 8
9 23 9
9 24 -6
9 24 -5
9 24 -4
9 24 -3
9 24 -2
9 24 -1
9 24 0
9 24 1
9 24 2
9 24 3
9 24 4
9 24 5
9 24 6
10 -24 -5
10 -24 -4
10 -24 -3
10 -24 -2
10 -24 -1
10 -24 0
10 -24 1
10 -24 2
10 -24 3
10 -24 4
10 -24 5
10 -23 -8
10 -23 -7
10 -23 -6
10 -23 6
10 -23 7
10 -23 8
10 -22 -10
10 -22 -9
10 -22 9
10 -22 10
10 -21 -12
10 -21 -11
10 -21 11
10 -21 12
10 -20 -14
10 -20 -13
10 -20 13
10 -20 14
10 -19 -15
10 -19 15
10 -18 -16
10 -18 16
10 -17 -17
10 -17 17
10 -16 -18
10 -16 18
10 -15 -19
10 -15 19
10 -14 -20
10 -14 20
10 -13 -20
10 -13 20
10 -12 -21
10 -12 21
10 -11 -21
10 -11 21
10 -10 -22
10 -10 22
10 -9 -22
10 -9 22
10 -8 -23
10 -8 23
10 -7 -23
10 -7 23
10 -6 -23
10 -6 23
10 -5 -24
10 -5 24
10 -4 -24
10 -4 24
10 -3 -24
10 -3 24
10 -2 -24
10 -2 24
10 -1 -24
10 -1 24
10 0 -24
10 0 24
10 1 -24
10 1 24
10 2 -24
10 2 24
10 3 -24
10 3 24
10 4 -24
10 4 24
10 5 -24
10 5 24
10 6 -23
10 6 23
10 7 -23
10 7 23
10 8 -23
10 8 23
10 9 -22
10 9 22
10 10 -22
10 10 22
10 11 -21
10 11 21
10 12 -21
10 12 21
10 13 -20
10 13 20
10 14 -20
10 14 20
10 15 -19
10 15 19
10 16 -18
10 16 18
10 17 -17
10 17 17
10 18 -16
10 18 16
10 19 -15
10 19 15
10 20 -14
10 20 -13
10 20 13
10 20 14
10 21 -12
10 21 -11
10 21 11
10 21 12
10 22 -10
10 22 -9
10 22 9
10 22 10
10 23 -8
10 23 -7
10 23 -6
10 23 6
10 23 7
10 23 8
10 24 -5
10 24 -4
10 24 -3
10 24 -2
10 24 -1
10 24 0
10 24 1
10 24 2
10 24 3
10 24 4
10 24 5
11 -24 -2
11 -24 -1
11 -24 0
11 -24 1
11 -24 2
11 -23 -7
11 -23 -6
11 -23 -5
11 -23 -4
11 -23 -3
11 -23 3
11 -23 4
11 -23 5
11 -23 6
11 -23 7
11 -22 -9
11 -22 -8
11 -22 8
11 -22 9
11 -21 -11
11 -21 -10
11 -21 10
11 -21 11
11 -20 -13
11 -20 -12
11 -20 12
11 -20 13
11 -19 -14
11 -19 14
11 -18 -16
11 -18 -15
11 -18 15
11 -18 16
11 -17 -17
11 -17 17
11 -16 -18
11 -16 18
11 -15 -18
11 -15 18
11 -14 -19
11 -14 19
11 -13 -20
11 -13 20
11 -12 -20
11 -12 20
11 -11 -21
11 -11 21
11 -10 -21
11 -10 21
11 -9 -22
11 -9 22
11 -8 -22
11 -8 22
11 -7 -23
11 -7 23
11 -6 -23
11 -6 23
11 -5 -23
11 -5 23
11 -4 -23
11 -4 23
11 -3 -23
11 -3 23
11 -2 -24
11 -2 24
11 -1 -24
11 -1 24
11 0 -24
11 0 24
11 1 -24
11 1 24
11 2 -24
11 2 24
11 3 -23
11 3 23
11 4 -23
11 4 23
11 5 -23
11 5 23
11 6 -23
11 6 23
11 7 -23
11 7 23
11 8 -22
11 8 22
11 9 -22
11 9 22
11 10 -21
11 10 21
11 11 -21
11 11 21
11 12 -20
11 12 20
11 13 -20
11 13 20
11 14 -19
11 14 19
11 15 -18
11 15 18
11 16 -18
11 16 18
11 17 -17
11 17 17
11 18 -16
11 18 -15
11 18 15
11 18 16
11 19 -14
11 19 14
11 20 -13
11 20 -12
11 20 12
11 20 13
11 21 -11
11 21 -10
11 21 10
11 21 11
11 22 -9
11 22 -8
11 22 8
11 22 9
11 23 -7
11 23 -6
11 23 -5
11 23 -4
11 23 -3
11 23 3
11 23 4
11 23 5
11 23 6
11 23 7
11 24 -2
11 24 -1
11 24 0
11 24 1
11 24 2
12 -23 -5
12 -23 -4
12 -23 -3
12 -23 -2
12 -23 -1
12 -23 0
12 -23 1
12 -23 2
12 -23 3
12 -23 4
12 -23 5
12 -22 -8
12 -22 -7
12 -22 -6
12 -22 6
12 -22 7
12 -22 8
12 -21 -10
12 -21 -9
12 -21 9
12 -21 10
12 -20 -12
12 -20 -11
12 -20 11
12 -20 12
12 -19 -14
12 -19 -13
12 -19 13
12 -19 14
12 -18 -15
12 -18 15
12 -17 -16
12 -17 16
12 -16 -17
12 -16 17
12 -15 -18
12 -15 18
12 -14 -19
12 -14 19
12 -13 -19
12 -13 19
12 -12 -20
12 -12 20
12 -11 -20
12 -11 20
12 -10 -21
12 -10 21
12 -9 -21
12 -9 21
12 -8 -22
12 -8 22
12 -7 -22
12 -7 22
12 -6 -22
12 -6 22
12 -5 -23
12 -5 23
12 -4 -23
12 -4 23
12 -3 -23
12 -3 23
12 -2 -23
12 -2 23
12 -1 -23
12 -1 23
12 0 -23
12 0 23
12 1 -23
12 1 23
12 2 -23
12 2 23
12 3 -23
12 3 23
12 4 -23
12 4 23
12 5 -23
12 5 23
12 6 -22
12 6 22
12 7 -22
12 7 22
12 8 -22
12 8 22
12 9 -21
12 9 21
12 10 -21
12 10 21
12 11 -20
12 11 20
12 12 -20
12 12 20
12 13 -19
12 13 19
12 14 -19
12 14 19
12 15 -18
12 15 18
12 16 -17
12 16 17
12 17 -16
12 17 16
12 18 -15
12 18 15
12 19 -14
12 19 -13
12 19 13
12 19 14
12 20 -12
12 20 -11
12 20 11
12 20 12
12 21 -10
12 21 -9
12 21 9
12 21 10
12 22 -8
12 22 -7
12 22 -6
12 22 6
12 22 7
12 22 8
12 23 -5
12 23 -4
12 23 -3
12 23 -2
12 23 -1
12 23 0
12 23 1
12 23 2
12 23 3
12 23 4
12 23 5
13 -23 -2
13 -23 -1
13 -23 0
13 -23 1
13 -23 2
13 -22 -7
13 -22 -6
13 -22 -5
13 -22 -4
13 -22 -3
13 -22 3
13 -22 4
13 -22 5
13 -22 6
13 -22 7
13 -21 -9
13 -21 -8
13 -21 8
13 -21 9
13 -20 -11
13 -20 -10
13 -20 10
13 -20 11
13 -19 -13
13 -19 -12
13 -19 12
13 -19 13
13 -18 -14
13 -18 14
13 -17 -15
13 -17 15
13 -16 -16
13 -16 16
13 -15 -17
13 -15 17
13 -14 -18
13 -14 18
13 -13 -19
13 -13 19
13 -12 -19
13 -12 19
13 -11 -20
13 -11 20
13 -10 -20
13 -10 20
13 -9 -21
13 -9 21
13 -8 -21
13 -8 21
13 -7 -22
13 -7 22
13 -6 -22
13 -6 22
13 -5 -22
13 -5 22
13 -4 -22
13 -4 22
13 -3 -22
13 -3 22
13 -2 -23
13 -2 23
13 -1 -23
13 -1 23
13 0 -23
13 0 23
13 1 -23
13 1 23
13 2 -23
13 2 23
13 3 -22
13 3 22
13 4 -22
13 4 22
13 5 -22
13 5 22
13 6 -22
13 6 22
13 7 -22
13 7 22
13 8 -21
13 8 21
13 9 -21
13 9 21
13 10 -20
13 10 20
13 11 -20
13 11 20
13 12 -19
13 12 19
13 13 -19
13 13 19
13 14 -18
13 14 18
13 15 -17
13 15 17
13 16 -16
13 16 16
13 17 -15
13 17 15
13 18 -14
13 18 14
13 19 -13
13 19 -12
13 19 12
13 19 13
13 20 -11
13 20 -10
13 20 10
13 20 11
13 21 -9
13 21 -8
13 21 8
13 21 9
13 22 -7
13 22 -6
13 22 -5
13 22 -4
13 22 -3
13 22 3
13 22 4
13 22 5
13 22 6
13 22 7
13 23 -2
13 23 -1
13 23 0
13 23 1
13 23 2
14 -22 -4
14 -22 -3
14 -22 -2
14 -22 -1
14 -22 0
14 -22 1
14 -22 2
14 -22 3
14 -22 4
14 -21 -8
14 -21 -7
14 -21 -6
14 -21 -5
14 -21 5
14 -21 6
14 -21 7
14 -21 8
14 -20 -10
14 -20 -9
14 -20 9
14 -20 10
14 -19 -12
14 -19 -11
14 -19 11
14 -19 12
14 -18 -13
14 -18 13
14 -17 -14
14 -17 14
14 -16 -15
14 -16 15
14 -15 -16
14 -15 16
14 -14 -17
14 -14 17
14 -13 -18
14 -13 18
14 -12 -19
14 -12 19
14 -11 -19
14 -11 19
14 -10 -20
14 -10 20
14 -9 -20
14 -9 20
14 -8 -21
14 -8 21
14 -7 -21
14 -7 21
14 -6 -21
14 -6 21
14 -5 -21
14 -5 21
14 -4 -22
14 -4 22
14 -3 -22
14 -3 22
14 -2 -22
14 -2 22
14 -1 -22
14 -1 22
14 0 -22
14 0 22
14 1 -22
14 1 22
14 2 -22
14 2 22
14 3 -22
14 3 22
14 4 -22
14 4 22
14 5 -21
14 5 21
14 6 -21
14 6 21
14 7 -21
14 7 21
14 8 -21
14 8 21
14 9 -20
14 9 20
14 10 -20
14 10 20
14 11 -19
14 11 19
14 12 -19
14 12 19
14 13 -18
14 13 18
14 14 -17
14 14 17
14 15 -16
14 15 16
14 16 -15
14 16 15
14 17 -14
14 17 14
14 18 -13
14 18 13
14 19 -12
14 19 -11
14 19 11
14 19 12
14 20 -10
14 20 -9
14 20 9
14 20 10
14 21 -8
14 21 -7
14 21 -6
14 21 -5
14 21 5
14 21 6
14 21 7
14 21 8
14 22 -4
14 22 -3
14 22 -2
14 22 -1
14 22 0
14 22 1
14 22 2
14 22 3
14 22 4
15 -21 -6
15 -21 -5
15 -21 -4
15 -21 -3
15 -21 -2
15 -21 -1
15 -21 0
15 -21 1
15 -21 2
15 -21 3
15 -21 4
15 -21 5
15 -21 6
15 -20 -8
15 -20 -7
15 -20 7
15 -20 8
15 -19 -10
15 -19 -9
15 -19 9
15 -19 10
15 -18 -12
15 -18 -11
15 -18 11
15 -18 12
15 -17 -13
15 -17 13
15 -16 -14
15 -16 14
15 -15 -15
15 -15 15
15 -14 -16
15 -14 16
15 -13 -17
15 -13 17
15 -12 -18
15 -12 18
15 -11 -18
15 -11 18
15 -10 -19
15 -10 19
15 -9 -19
15 -9 19
15 -8 -20
15 -8 20
15 -7 -20
15 -7 20
15 -6 -21
15 -6 21
15 -5 -21
15 -5 21
15 -4 -21
15 -4 21
15 -3 -21
15 -3 21
15 -2 -21
15 -2 21
15 -1 -21
15 -1 21
15 0 -21
15 0 21
15 1 -21
15 1 21
15 2 -21
15 2 21
15 3 -21
15 3 21
15 4 -21
15 4 21
15 5 -21
15 5 21
15 6 -21
15 6 21
15 7 -20
15 7 20
15 8 -20
15 8 20
15 9 -19
15 9 19
15 10 -19
15 10 19
15 11 -18
15 11 18
15 12 -18
15 12 18
15 13 -17
15 13 17
15 14 -16
15 14 16
15 15 -15
15 15 15
15 16 -14
15 16 14
15 17 -13
15 17 13
15 18 -12
15 18 -11
15 18 11
15 18 12
15 19 -10
15 19 -9
15 19 9
15 19 10
15 20 -8
15 20 -7
15 20 7
15 20 8
15 21 -6
15 21 -5
15 21 -4
15 21 -3
15 21 -2
15 21 -1
15 21 0
15 21 1
15 21 2
15 21 3
15 21 4
15 21 5
15 21 6
16 -21 -2
16 -21 -1
16 -21 0
16 -21 1
16 -21 2
16 -20 -6
16 -20 -5
16 -20 -4
16 -20 -3
16 -20 3
16 -20 4
16 -20 5
16 -20 6
16 -19 -9
16 -19 -8
16 -19 -7
16 -19 7
16 -19 8
16 -19 9
16 -18 -11
16 -18 -10
16 -18 10
16 -18 11
16 -17 -12
16 -17 12
16 -16 -13
16 -16 13
16 -15 -14
16 -15 14
16 -14 -15
16 -14 15
16 -13 -16
16 -13 16
16 -12 -17
16 -12 17
16 -11 -18
16 -11 18
16 -10 -18
16 -10 18
16 -9 -19
16 -9 19
16 -8 -19
16 -8 19
16 -7 -19
16 -7 19
16 -6 -20
16 -6 20
16 -5 -20
16 -5 20
16 -4 -20
16 -4 20
16 -3 -20
16 -3 20
16 -2 -21
16 -2 21
16 -1 -21
16 -1 21
16 0 -21
16 0 21
16 1 -21
16 1 21
16 2 -21
16 2 21
16 3 -20
16 3 20
16 4 -20
16 4 20
16 5 -20
16 5 20
16 6 -20
16 6 20
16 7 -19
16 7 19
16 8 -19
16 8 19
16 9 -19
16 9 19
16 10 -18
16 10 18
16 11 -18
16 11 18
16 12 -17
16 12 17
16 13 -16
16 13 16
16 14 -15
16 14 15
16 15 -14
16 15 14
16 16 -13
16 16 13
16 17 -12
16 17 12
16 18 -11
16 18 -10
16 18 10
16 18 11
16 19 -9
16 19 -8
16 19 -7
16 19 7
16 19 8
16 19 9
16 20 -6
16 20 -5
16 20 -4
16 20 -3
16 20 3
16 20 4
16 20 5
16 20 6
16 21 -2
16 21 -1
16 21 0
16 21 1
16 21 2
17 -20 -3
17 -20 -2
17 -20 -1
17 -20 0
17 -20 1
17 -20 2
17 -20 3
17 -19 -7
17 -19 -6
17 -19 -5
17 -19 -4
17 -19 4
17 -19 5
17 -19 6
17 -19 7
17 -18 -9
17 -18 -8
17 -18 8
17 -18 9
17 -17 -11
17 -17 -10
17 -17 10
17 -17 11
17 -16 -12
17 -16 12
17 -15 -13
17 -15 13
17 -14 -14
17 -14 14
17 -13 -15
17 -13 15
17 -12 -16
17 -12 16
17 -11 -17
17 -11 17
17 -10 -17
17 -10 17
17 -9 -18
17 -9 18
17 -8 -18
17 -8 18
17 -7 -19
17 -7 19
17 -6 -19
17 -6 19
17 -5 -19
17 -5 19
17 -4 -19
17 -4 19
17 -3 -20
17 -3 20
17 -2 -20
17 -2 20
17 -1 -20
17 -1 20
17 0 -20
17 0 20
17 1 -20
17 1 20
17 2 -20
17 2 20
17 3 -20
17 3 20
17 4 -19
17 4 19
17 5 -19
17 5 19
17 6 -19
17 6 19
17 7 -19
17 7 19
17 8 -18
17 8 18
17 9 -18
17 9 18
17 10 -17
17 10 17
17 11 -17
17 11 17
17 12 -16
17 12 16
17 13 -15
17 13 15
17 14 -14
17 14 14
17 15 -13
17 15 13
17 16 -12
17 16 12
17 17 -11
17 17 -10
17 17 10
17 17 11
17 18 -9
17 18 -8
17 18 8
17 18 9
17 19 -7
17 19 -6
17 19 -5
17 19 -4
17 19 4
17 19 5
17 19 6
17 19 7
17 20 -3
17 20 -2
17 20 -1
17 20 0
17 20 1
17 20 2
17 20 3
18 -19 -4
18 -19 -3
18 -19 -2
18 -19 -1
18 -19 0
18 -19 1
18 -19 2
18 -19 3
18 -19 4
18 -18 -7
18 -18 -6
18 -18 -5
18 -18 5
18 -18 6
18 -18 7
18 -17 -9
18 -17 -8
18 -17 8
18 -17 9
18 -16 -11
18 -16 -10
18 -16 10
18 -16 11
18 -15 -12
18 -15 -11
18 -15 11
18 -15 12
18 -14 -13
18 -14 13
18 -13 -14
18 -13 14
18 -12 -15
18 -12 15
18 -11 -16
18 -11 -15
18 -11 15
18 -11 16
18 -10 -16
18 -10 16
18 -9 -17
18 -9 17
18 -8 -17
18 -8 17
18 -7 -18
18 -7 18
18 -6 -18
18 -6 18
18 -5 -18
18 -5 18
18 -4 -19
18 -4 19
18 -3 -19
18 -3 19
18 -2 -19
18 -2 19
18 -1 -19
18 -1 19
18 0 -19
18 0 19
18 1 -19
18 1 19
18 2 -19
18 2 19
18 3 -19
18 3 19
18 4 -19
18 4 19
18 5 -18
18 5 18
18 6 -18
18 6 18
18 7 -18
18 7 18
18 8 -17
18 8 17
18 9 -17
18 9 17
18 10 -16
18 10 16
18 11 -16
18 11 -15
18 11 15
18 11 16
18 12 -15
18 12 15
18 13 -14
18 13 14
18 14 -13
18 14 13
18 15 -12
18 15 -11
18 15 11
18 15 12
18 16 -11
18 16 -10
18 16 10
18 16 11
18 17 -9
18 17 -8
18 17 8
18 17 9
18 18 -7
18 18 -6
18 18 -5
18 18 5
18 18 6
18 18 7
18 19 -4
18 19 -3
18 19 -2
18 19 -1
18 19 0
18 19 1
18 19 2
18 19 3
18 19 4
19 -18 -4
19 -18 -3
19 -18 -2
19 -18 -1
19 -18 0
19 -18 1
19 -18 2
19 -18 3
19 -18 4
19 -17 -7
19 -17 -6
19 -17 -5
19 -17 -4
19 -17 4
19 -17 5
19 -17 6
19 -17 7
19 -16 -9
19 -16 -8
19 -16 -7
19 -16 7
19 -16 8
19 -16 9
19 -15 -10
19 -15 -9
19 -15 9
19 -15 10
19 -14 -12
19 -14 -11
19 -14 11
19 -14 12
19 -13 -13
19 -13 -12
19 -13 12
19 -13 13
19 -12 -14
19 -12 -13
19 -12 13
19 -12 14
19 -11 -14
19 -11 14
19 -10 -15
19 -10 15
19 -9 -16
19 -9 -15
19 -9 15
19 -9 16
19 -8 -16
19 -8 16
19 -7 -17
19 -7 -16
19 -7 16
19 -7 17
19 -6 -17
19 -6 17
19 -5 -17
19 -5 17
19 -4 -18
19 -4 -17
19 -4 17
19 -4 18
19 -3 -18
19 -3 18
19 -2 -18
19 -2 18
19 -1 -18
19 -1 18
19 0 -18
19 0 18
19 1 -18
19 1 18
19 2 -18
19 2 18
19 3 -18
19 3 18
19 4 -18
19 4 -17
19 4 17
19 4 18
19 5 -17
19 5 17
19 6 -17
19 6 17
19 7 -17
19 7 -16
19 7 16
19 7 17
19 8 -16
19 8 16
19 9 -16
19 9 -15
19 9 15
19 9 16
19 10 -15
19 10 15
19 11 -14
19 11 14
19 12 -14
19 12 -13
19 12 13
19 12 14
19 13 -13
19 13 -12
19 13 12
19 13 13
19 14 -12
19 14 -11
19 14 11
19 14 12
19 15 -10
19 15 -9
19 15 9
19 15 10
19 16 -9
19 16 -8
19 16 -7
19 16 7
19 16 8
19 16 9
19 17 -7
19 17 -6
19 17 -5
19 17 -4
19 17 4
19 17 5
19 17 6
19 17 7
19 18 -4
19 18 -3
19 18 -2
19 18 -1
19 18 0
19 18 1
19 18 2
19 18 3
19 18 4
20 -17 -3
20 -17 -2
20 -17 -1
20 -17 0
20 -17 1
20 -17 2
20 -17 3
20 -16 -6
20 -16 -5
20 -16 -4
20 -16 -3
20 -16 3
20 -16 4
20 -16 5
20 -16 6
20 -15 -8
20 -15 -7
20 -15 7
20 -15 8
20 -14 -10
20 -14 -9
20 -14 9
20 -14 10
20 -13 -11
20 -13 -10
20 -13 10
20 -13 11
20 -12 -12
20 -12 -11
20 -12 11
20 -12 12
20 -11 -13
20 -11 -12
20 -11 12
20 -11 13
20 -10 -14
20 -10 -13
20 -10 13
20 -10 14
20 -9 -14
20 -9 14
20 -8 -15
20 -8 15
20 -7 -15
20 -7 15
20 -6 -16
20 -6 16
20 -5 -16
20 -5 16
20 -4 -16
20 -4 16
20 -3 -17
20 -3 -16
20 -3 16
20 -3 17
20 -2 -17
20 -2 17
20 -1 -17
20 -1 17
20 0 -17
20 0 17
20 1 -17
20 1 17
20 2 -17
20 2 17
20 3 -17
20 3 -16
20 3 16
20 3 17
20 4 -16
20 4 16
20 5 -16
20 5 16
20 6 -16
20 6 16
20 7 -15
20 7 15
20 8 -15
20 8 15
20 9 -14
20 9 14
20 10 -14
20 10 -13
20 10 13
20 10 14
20 11 -13
20 11 -12
20 11 12
20 11 13
20 12 -12
20 12 -11
20 12 11
20 12 12
20 13 -11
20 13 -10
20 13 10
20 13 11
20 14 -10
20 14 -9
20 14 9
20 14 10
20 15 -8
20 15 -7
20 15 7
20 15 8
20 16 -6
20 16 -5
20 16 -4
20 16 -3
20 16 3
20 16 4
20 16 5
20 16 6
20 17 -3
20 17 -2
20 17 -1
20 17 0
20 17 1
20 17 2
20 17 3
21 -16 -2
21 -16 -1
21 -16 0
21 -16 1
21 -16 2
21 -15 -6
21 -15 -5
21 -15 -4
21 -15 -3
21 -15 -2
21 -15 -1
21 -15 0
21 -15 1
21 -15 2
21 -15 3
21 -15 4
21 -15 5
21 -15 6
21 -14 -8
21 -14 -7
21 -14 -6
21 -14 -5
21 -14 5
21 -14 6
21 -14 7
21 -14 8
21 -13 -9
21 -13 -8
21 -13 8
21 -13 9
21 -12 -10
21 -12 -9
21 -12 9
21 -12 10
21 -11 -11
21 -11 -10
21 -11 10
21 -11 11
21 -10 -12
21 -10 -11
21 -10 11
21 -10 12
21 -9 -13
21 -9 -12
21 -9 12
21 -9 13
21 -8 -14
21 -8 -13
21 -8 13
21 -8 14
21 -7 -14
21 -7 14
21 -6 -15
21 -6 -14
21 -6 14
21 -6 15
21 -5 -15
21 -5 -14
21 -5 14
21 -5 15
21 -4 -15
21 -4 15
21 -3 -15
21 -3 15
21 -2 -16
21 -2 -15
21 -2 15
21 -2 16
21 -1 -16
21 -1 -15
21 -1 15
21 -1 16
21 0 -16
21 0 -15
21 0 15
21 0 16
21 1 -16
21 1 -15
21 1 15
21 1 16
21 2 -16
21 2 -15
21 2 15
21 2 16
21 3 -15
21 3 15
21 4 -15
21 4 15
21 5 -15
21 5 -14
21 5 14
21 5 15
21 6 -15
21 6 -14
21 6 14
21 6 15
21 7 -14
21 7 14
21 8 -14
21 8 -13
21 8 13
21 8 14
21 9 -13
21 9 -12
21 9 12
21 9 13
21 10 -12
21 10 -11
21 10 11
21 10 12
21 11 -11
21 11 -10
21 11 10
21 11 11
21 12 -10
21 12 -9
21 12 9
21 12 10
21 13 -9
21 13 -8
21 13 8
21 13 9
21 14 -8
21 14 -7
21 14 -6
21 14 -5
21 14 5
21 14 6
21 14 7
21 14 8
21 15 -6
21 15 -5
21 15 -4
21 15 -3
21 15 -2
21 15 -1
21 15 0
21 15 1
21 15 2
21 15 3
21 15 4
21 15 5
21 15 6
21 16 -2
21 16 -1
21 16 0
21 16 1
21 16 2
22 -14 -4
22 -14 -3
22 -14 -2
22 -14 -1
22 -14 0
22 -14 1
22 -14 2
22 -14 3
22 -14 4
22 -13 -7
22 -13 -6
22 -13 -5
22 -13 -4
22 -13 -3
22 -13 3
22 -13 4
22 -13 5
22 -13 6
22 -13 7
22 -12 -8
22 -12 -7
22 -12 -6
22 -12 6
22 -12 7
22 -12 8
22 -11 -9
22 -11 -8
22 -11 8
22 -11 9
22 -10 -10
22 -10 -9
22 -10 9
22 -10 10
22 -9 -11
22 -9 -10
22 -9 10
22 -9 11
22 -8 -12
22 -8 -11
22 -8 11
22 -8 12
22 -7 -13
22 -7 -12
22 -7 12
22 -7 13
22 -6 -13
22 -6 -12
22 -6 12
22 -6 13
22 -5 -13
22 -5 13
22 -4 -14
22 -4 -13
22 -4 13
22 -4 14
22 -3 -14
22 -3 -13
22 -3 13
22 -3 14
22 -2 -14
22 -2 14
22 -1 -14
22 -1 14
22 0 -14
22 0 14
22 1 -14
22 1 14
22 2 -14
22 2 14
22 3 -14
22 3 -13
22 3 13
22 3 14
22 4 -14
22 4 -13
22 4 13
22 4 14
22 5 -13
22 5 13
22 6 -13
22 6 -12
22 6 12
22 6 13
22 7 -13
22 7 -12
22 7 12
22 7 13
22 8 -12
22 8 -11
22 8 11
22 8 12
22 9 -11
22 9 -10
22 9 10
22 9 11
22 10 -10
22 10 -9
22 10 9
22 10 10
22 11 -9
22 11 -8
22 11 8
22 11 9
22 12 -8
22 12 -7
22 12 -6
22 12 6
22 12 7
22 12 8
22 13 -7
22 13 -6
22 13 -5
22 13 -4
22 13 -3
22 13 3
22 13 4
22 13 5
22 13 6
22 13 7
22 14 -4
22 14 -3
22 14 -2
22 14 -1
22 14 0
22 14 1
22 14 2
22 14 3
22 14 4
23 -13 -2
23 -13 -1
23 -13 0
23 -13 1
23 -13 2
23 -12 -5
23 -12 -4
23 -12 -3
23 -12 -2
23 -12 -1
23 -12 0
23 -12 1
23 -12 2
23 -12 3
23 -12 4
23 -12 5
23 -11 -7
23 -11 -6
23 -11 -5
23 -11 -4
23 -11 -3
23 -11 3
23 -11 4
23 -11 5
23 -11 6
23 -11 7
23 -10 -8
23 -10 -7
23 -10 -6
23 -10 6
23 -10 7
23 -10 8
23 -9 -9
23 -9 -8
23 -9 -7
23 -9 7
23 -9 8
23 -9 9
23 -8 -10
23 -8 -9
23 -8 -8
23 -8 8
23 -8 9
23 -8 10
23 -7 -11
23 -7 -10
23 -7 -9
23 -7 9
23 -7 10
23 -7 11
23 -6 -11
23 -6 -10
23 -6 10
23 -6 11
23 -5 -12
23 -5 -11
23 -5 11
23 -5 12
23 -4 -12
23 -4 -11
23 -4 11
23 -4 12
23 -3 -12
23 -3 -11
23 -3 11
23 -3 12
23 -2 -13
23 -2 -12
23 -2 12
23 -2 13
23 -1 -13
23 -1 -12
23 -1 12
23 -1 13
23 0 -13
23 0 -12
23 0 12
23 0 13
23 1 -13
23 1 -12
23 1 12
23 1 13
23 2 -13
23 2 -12
23 2 12
23 2 13
23 3 -12
23 3 -11
23 3 11
23 3 12
23 4 -12
23 4 -11
23 4 11
23 4 12
23 5 -12
23 5 -11
23 5 11
23 5 12
23 6 -11
23 6 -10
23 6 10
23 6 11
23 7 -11
23 7 -10
23 7 -9
23 7 9
23 7 10
23 7 11
23 8 -10
23 8 -9
23 8 -8
23 8 8
23 8 9
23 8 10
23 9 -9
23 9 -8
23 9 -7
23 9 7
23 9 8
23 9 9
23 10 -8
23 10 -7
23 10 -6
23 10 6
23 10 7
23 10 8
23 11 -7
23 11 -6
23 11 -5
23 11 -4
23 11 -3
23 11 3
23 11 4
23 11 5
23 11 6
23 11 7
23 12 -5
23 12 -4
23 12 -3
23 12 -2
23 12 -1
23 12 0
23 12 1
23 12 2
23 12 3
23 12 4
23 12 5
23 13 -2
23 13 -1
23 13 0
23 13 1
23 13 2
24 -11 -2
24 -11 -1
24 -11 0
24 -11 1
24 -11 2
24 -10 -5
24 -10 -4
24 -10 -3
24 -10 -2
24 -10 -1
24 -10 0
24 -10 1
24 -10 2
24 -10 3
24 -10 4
24 -10 5
24 -9 -6
24 -9 -5
24 -9 -4
24 -9 -3
24 -9 -2
24 -9 -1
24 -9 0
24 -9 1
24 -9 2
24 -9 3
24 -9 4
24 -9 5
24 -9 6
24 -8 -7
24 -8 -6
24 -8 -5
24 -8 -4
24 -8 4
24 -8 5
24 -8 6
24 -8 7
24 -7 -8
24 -7 -7
24 -7 -6
24 -7 6
24 -7 7
24 -7 8
24 -6 -9
24 -6 -8
24 -6 -7
24 -6 7
24 -6 8
24 -6 9
24 -5 -10
24 -5 -9
24 -5 -8
24 -5 8
24 -5 9
24 -5 10
24 -4 -10
24 -4 -9
24 -4 -8
24 -4 8
24 -4 9
24 -4 10
24 -3 -10
24 -3 -9
24 -3 9
24 -3 10
24 -2 -11
24 -2 -10
24 -2 -9
24 -2 9
24 -2 10
24 -2 11
24 -1 -11
24 -1 -10
24 -1 -9
24 -1 9
24 -1 10
24 -1 11
24 0 -11
24 0 -10
24 0 -9
24 0 9
24 0 10
24 0 11
24 1 -11
24 1 -10
24 1 -9
24 1 9
24 1 10
24 1 11
24 2 -11
24 2 -10
24 2 -9
24 2 9
24 2 10
24 2 11
24 3 -10
24 3 -9
24 3 9
24 3 10
24 4 -10
24 4 -9
24 4 -8
24 4 8
24 4 9
24 4 10
24 5 -10
24 5 -9
24 5 -8
24 5 8
24 5 9
24 5 10
24 6 -9
24 6 -8
24 6 -7
24 6 7
24 6 8
24 6 9
24 7 -8
24 7 -7
24 7 -6
24 7 6
24 7 7
24 7 8
24 8 -7
24 8 -6
24 8 -5
24 8 -4
24 8 4
24 8 5
24 8 6
24 8 7
24 9 -6
24 9 -5
24 9 -4
24 9 -3
24 9 -2
24 9 -1
24 9 0
24 9 1
24 9 2
24 9 3
24 9 4
24 9 5
24 9 6
24 10 -5
24 10 -4
24 10 -3
24 10 -2
24 10 -1
24 10 0
24 10 1
24 10 2
24 10 3
24 10 4
24 10 5
24 11 -2
24 11 -1
24 11 0
24 11 1
24 11 2
25 -8 -3
25 -8 -2
25 -8 -1
25 -8 0
25 -8 1
25 -8 2
25 -8 3
25 -7 -5
25 -7 -4
25 -7 -3
25 -7 -2
25 -7 -1
25 -7 0
25 -7 1
25 -7 2
25 -7 3
25 -7 4
25 -7 5
25 -6 -6
25 -6 -5
25 -6 -4
25 -6 -3
25 -6 -2
25 -6 -1
25 -6 0
25 -6 1
25 -6 2
25 -6 3
25 -6 4
25 -6 5
25 -6 6
25 -5 -7
25 -5 -6
25 -5 -5
25 -5 -4
25 -5 -3
25 -5 -2
25 -5 2
25 -5 3
25 -5 4
25 -5 5
25 -5 6
25 -5 7
25 -4 -7
25 -4 -6
25 -4 -5
25 -4 -4
25 -4 4
25 -4 5
25 -4 6
25 -4 7
25 -3 -8
25 -3 -7
25 -3 -6
25 -3 -5
25 -3 5
25 -3 6
25 -3 7
25 -3 8
25 -2 -8
25 -2 -7
25 -2 -6
25 -2 -5
25 -2 5
25 -2 6
25 -2 7
25 -2 8
25 -1 -8
25 -1 -7
25 -1 -6
25 -1 6
25 -1 7
25 -1 8
25 0 -8
25 0 -7
25 0 -6
25 0 6
25 0 7
25 0 8
25 1 -8
25 1 -7
25 1 -6
25 1 6
25 1 7
25 1 8
25 2 -8
25 2 -7
25 2 -6
25 2 -5
25 2 5
25 2 6
25 2 7
25 2 8
25 3 -8
25 3 -7
25 3 -6
25 3 -5
25 3 5
25 3 6
25 3 7
25 3 8
25 4 -7
25 4 -6
25 4 -5
25 4 -4
25 4 4
25 4 5
25 4 6
25 4 7
25 5 -7
25 5 -6
25 5 -5
25 5 -4
25 5 -3
25 5 -2
25 5 2
25 5 3
25 5 4
25 5 5
25 5 6
25 5 7
25 6 -6
25 6 -5
25 6 -4
25 6 -3
25 6 -2
25 6 -1
25 6 0
25 6 1
25 6 2
25 6 3
25 6 4
25 6 5
25 6 6
25 7 -5
25 7 -4
25 7 -3
25 7 -2
25 7 -1
25 7 0
25 7 1
25 7 2
25 7 3
25 7 4
25 7 5
25 8 -3
25 8 -2
25 8 -1
25 8 0
25 8 1
25 8 2
25 8 3
26 -5 -1
26 -5 0
26 -5 1
26 -4 -3
26 -4 -2
26 -4 -1
26 -4 0
26 -4 1
26 -4 2
26 -4 3
26 -3 -4
26 -3 -3
26 -3 -2
26 -3 -1
26 -3 0
26 -3 1
26 -3 2
26 -3 3
26 -3 4
26 -2 -4
26 -2 -3
26 -2 -2
26 -2 -1
26 -2 0
26 -2 1
26 -2 2
26 -2 3
26 -2 4
26 -1 -5
26 -1 -4
26 -1 -3
26 -1 -2
26 -1 -1
26 -1 0
26 -1 1
26 -1 2
26 -1 3
26 -1 4
26 -1 5
26 0 -5
26 0 -4
26 0 -3
26 0 -2
26 0 -1
26 0 0
26 0 1
26 0 2
26 0 3
26 0 4
26 0 5
26 1 -5
26 1 -4
26 1 -3
26 1 -2
26 1 -1
26 1 0
26 1 1
26 1 2
26 1 3
26 1 4
26 1 5
26 2 -4
26 2 -3
26 2 -2
26 2 -1
26 2 0
26 2 1
26 2 2
26 2 3
26 2 4
26 3 -4
26 3 -3
26 3 -2
26 3 -1
26 3 0
26 3 1
26 3 2
26 3 3
26 3 4
26 4 -3
26 4 -2
26 4 -1
26 4 0
26 4 1
26 4 2
26 4 3
26 5 -1
26 5 0
26 5 1
