-31 -5 -2
-31 -5 -1
-31 -5 0
-31 -5 1
-31 -5 2
-31 -4 -3
-31 -4 -2
-31 -4 -1
-31 -4 0
-31 -4 1
-31 -4 2
-31 -4 3
-31 -3 -4
-31 -3 -3
-31 -3 -2
-31 -3 -1
-31 -3 0
-31 -3 1
-31 -3 2
-31 -3 3
-31 -3 4
-31 -2 -5
-31 -2 -4
-31 -2 -3
-31 -2 -2
-31 -2 -1
-31 -2 0
-31 -2 1
-31 -2 2
-31 -2 3
-31 -2 4
-31 -2 5
-31 -1 -5
-31 -1 -4
-31 -1 -3
-31 -1 -2
-31 -1 -1
-31 -1 0
-31 -1 1
-31 -1 2
-31 -1 3
-31 -1 4
-31 -1 5
-31 0 -5
-31 0 -4
-31 0 -3
-31 0 -2
-31 0 -1
-31 0 0
-31 0 1
-31 0 2
-31 0 3
-31 0 4
-31 0 5
-31 1 -5
-31 1 -4
-31 1 -3
-31 1 -2
-31 1 -1
-31 1 0
-31 1 1
-31 1 2
-31 1 3
-31 1 4
-31 1 5
-31 2 -5
-31 2 -4
-31 2 -3
-31 2 -2
-31 2 -1
-31 2 0
-31 2 1
-31 2 2
-31 2 3
-31 2 4
-31 2 5
-31 3 -4
-31 3 -3
-31 3 -2
-31 3 -1
-31 3 0
-31 3 1
-31 3 2
-31 3 3
-31 3 4
-31 4 -3
-31 4 -2
-31 4 -1
-31 4 0
-31 4 1
-31 4 2
-31 4 3
-31 5 -2
-31 5 -1
-31 5 0
-31 5 1
-31 5 2
-30 -9 -3
-30 -9 -2
-30 -9 -1
-30 -9 0
-30 -9 1
-30 -9 2
-30 -9 3
-30 -8 -5
-30 -8 -4
-30 -8 -3
-30 -8 -2
-30 -8 -1
-30 -8 0
-30 -8 1
-30 -8 2
-30 -8 3
-30 -8 4
-30 -8 5
-30 -7 -6
-30 -7 -5
-30 -7 -4
-30 -7 -3
-30 -7 -2
-30 -7 -1
-30 -7 0
-30 -7 1
-30 -7 2
-30 -7 3
-30 -7 4
-30 -7 5
-30 -7 6
-30 -6 -7
-30 -6 -6
-30 -6 -5
-30 -6 -4
-30 -6 -3
-30 -6 -2
-30 -6 -1
-30 -6 0
-30 -6 1
-30 -6 2
-30 -6 3
-30 -6 4
-30 -6 5
-30 -6 6
-30 -6 7
-30 -5 -8
-30 -5 -7
-30 -5 -6
-30 -5 -5
-30 -5 -4
-30 -5 -3
-30 -5 3
-30 -5 4
-30 -5 5
-30 -5 6
-30 -5 7
-30 -5 8
-30 -4 -8
-30 -4 -7
-30 -4 -6
-30 -4 -5
-30 -4 -4
-30 -4 4
-30 -4 5
-30 -4 6
-30 -4 7
-30 -4 8
-30 -3 -9
-30 -3 -8
-30 -3 -7
-30 -3 -6
-30 -3 -5
-30 -3 5
-30 -3 6
-30 -3 7
-30 -3 8
-30 -3 9
-30 -2 -9
-30 -2 -8
-30 -2 -7
-30 -2 -6
-30 -2 6
-30 -2 7
-30 -2 8
-30 -2 9
-30 -1 -9
-30 -1 -8
-30 -1 -7
-30 -1 -6
-30 -1 6
-30 -1 7
-30 -1 8
-30 -1 9
-30 0 -9
-30 0 -8
-30 0 -7
-30 0 -6
-30 0 6
-30 0 7
-30 0 8
-30 0 9
-30 1 -9
-30 1 -8
-30 1 -7
-30 1 -6
-30 1 6
-30 1 7
-30 1 8
-30 1 9
-30 2 -9
-30 2 -8
-30 2 -7
-30 2 -6
-30 2 6
-30 2 7
-30 2 8
-30 2 9
-30 3 -9
-30 3 -8
-30 3 -7
-30 3 -6
-30 3 -5
-30 3 5
-30 3 6
-30 3 7
-30 3 8
-30 3 9
-30 4 -8
-30 4 -7
-30 4 -6
-30 4 -5
-30 4 -4
-30 4 4
-30 4 5
-30 4 6
-30 4 7
-30 4 8
-30 5 -8
-30 5 -7
-30 5 -6
-30 5 -5
-30 5 -4
-30 5 -3
-30 5 3
-30 5 4
-30 5 5
-30 5 6
-30 5 7
-30 5 8
-30 6 -7
-30 6 -6
-30 6 -5
-30 6 -4
-30 6 -3
-30 6 -2
-30 6 -1
-30 6 0
-30 6 1
-30 6 2
-30 6 3
-30 6 4
-30 6 5
-30 6 6
-30 6 7
-30 7 -6
-30 7 -5
-30 7 -4
-30 7 -3
-30 7 -2
-30 7 -1
-30 7 0
-30 7 1
-30 7 2
-30 7 3
-30 7 4
-30 7 5
-30 7 6
-30 8 -5
-30 8 -4
-30 8 -3
-30 8 -2
-30 8 -1
-30 8 0
-30 8 1
-30 8 2
-30 8 3
-30 8 4
-30 8 5
-30 9 -3
-30 9 -2
-30 9 -1
-30 9 0
-30 9 1
-30 9 2
-30 9 3
-29 -12 -2
-29 -12 -1
-29 -12 0
-29 -12 1
-29 -12 2
-29 -11 -5
-29 -11 -4
-29 -11 -3
-29 -11 -2
-29 -11 -1
-29 -11 0
-29 -11 1
-29 -11 2
-29 -11 3
-29 -11 4
-29 -11 5
-29 -10 -7
-29 -10 -6
-29 -10 -5
-29 -10 -4
-29 -10 -3
-29 -10 -2
-29 -10 -1
-29 -10 0
-29 -10 1
-29 -10 2
-29 -10 3
-29 -10 4
-29 -10 5
-29 -10 6
-29 -10 7
-29 -9 -8
-29 -9 -7
-29 -9 -6
-29 -9 -5
-29 -9 -4
-29 -9 4
-29 -9 5
-29 -9 6
-29 -9 7
-29 -9 8
-29 -8 -9
-29 -8 -8
-29 -8 -7
-29 -8 -6
-29 -8 6
-29 -8 7
-29 -8 8
-29 -8 9
-29 -7 -10
-29 -7 -9
-29 -7 -8
-29 -7 -7
-29 -7 7
-29 -7 8
-29 -7 9
-29 -7 10
-29 -6 -10
-29 -6 -9
-29 -6 -8
-29 -6 8
-29 -6 9
-29 -6 10
-29 -5 -11
-29 -5 -10
-29 -5 -9
-29 -5 9
-29 -5 10
-29 -5 11
-29 -4 -11
-29 -4 -10
-29 -4 -9
-29 -4 9
-29 -4 10
-29 -4 11
-29 -3 -11
-29 -3 -10
-29 -3 10
-29 -3 11
-29 -2 -12
-29 -2 -11
-29 -2 -10
-29 -2 10
-29 -2 11
-29 -2 12
-29 -1 -12
-29 -1 -11
-29 -1 -10
-29 -1 10
-29 -1 11
-29 -1 12
-29 0 -12
-29 0 -11
-29 0 -10
-29 0 10
-29 0 11
-29 0 12
-29 1 -12
-29 1 -11
-29 1 -10
-29 1 10
-29 1 11
-29 1 12
-29 2 -12
-29 2 -11
-29 2 -10
-29 2 10
-29 2 11
-29 2 12
-29 3 -11
-29 3 -10
-29 3 10
-29 3 11
-29 4 -11
-29 4 -10
-29 4 -9
-29 4 9
-29 4 10
-29 4 11
-29 5 -11
-29 5 -10
-29 5 -9
-29 5 9
-29 5 10
-29 5 11
-29 6 -10
-29 6 -9
-29 6 -8
-29 6 8
-29 6 9
-29 6 10
-29 7 -10
-29 7 -9
-29 7 -8
-29 7 -7
-29 7 7
-29 7 8
-29 7 9
-29 7 10
-29 8 -9
-29 8 -8
-29 8 -7
-29 8 -6
-29 8 6
-29 8 7
-29 8 8
-29 8 9
-29 9 -8
-29 9 -7
-29 9 -6
-29 9 -5
-29 9 -4
-29 9 4
-29 9 5
-29 9 6
-29 9 7
-29 9 8
-29 10 -7
-29 10 -6
-29 10 -5
-29 10 -4
-29 10 -3
-29 10 -2
-29 10 -1
-29 10 0
-29 10 1
-29 10 2
-29 10 3
-29 10 4
-29 10 5
-29 10 6
-29 10 7
-29 11 -5
-29 11 -4
-29 11 -3
-29 11 -2
-29 11 -1
-29 11 0
-29 11 1
-29 11 2
-29 11 3
-29 11 4
-29 11 5
-29 12 -2
-29 12 -1
-29 12 0
-29 12 1
-29 12 2
-28 -14 -3
-28 -14 -2
-28 -14 -1
-28 -14 0
-28 -14 1
-28 -14 2
-28 -14 3
-28 -13 -6
-28 -13 -5
-28 -13 -4
-28 -13 -3
-28 -13 -2
-28 -13 -1
-28 -13 0
-28 -13 1
-28 -13 2
-28 -13 3
-28 -13 4
-28 -13 5
-28 -13 6
-28 -12 -8
-28 -12 -7
-28 -12 -6
-28 -12 -5
-28 -12 -4
-28 -12 -3
-28 -12 3
-28 -12 4
-28 -12 5
-28 -12 6
-28 -12 7
-28 -12 8
-28 -11 -9
-28 -11 -8
-28 -11 -7
-28 -11 -6
-28 -11 6
-28 -11 7
-28 -11 8
-28 -11 9
-28 -10 -10
-28 -10 -9
-28 -10 -8
-28 -10 8
-28 -10 9
-28 -10 10
-28 -9 -11
-28 -9 -10
-28 -9 -9
-28 -9 9
-28 -9 10
-28 -9 11
-28 -8 -12
-28 -8 -11
-28 -8 -10
-28 -8 10
-28 -8 11
-28 -8 12
-28 -7 -12
-28 -7 -11
-28 -7 11
-28 -7 12
-28 -6 -13
-28 -6 -12
-28 -6 -11
-28 -6 11
-28 -6 12
-28 -6 13
-28 -5 -13
-28 -5 -12
-28 -5 12
-28 -5 13
-28 -4 -13
-28 -4 -12
-28 -4 12
-28 -4 13
-28 -3 -14
-28 -3 -13
-28 -3 -12
-28 -3 12
-28 -3 13
-28 -3 14
-28 -2 -14
-28 -2 -13
-28 -2 13
-28 -2 14
-28 -1 -14
-28 -1 -13
-28 -1 13
-28 -1 14
-28 0 -14
-28 0 -13
-28 0 13
-28 0 14
-28 1 -14
-28 1 -13
-28 1 13
-28 1 14
-28 2 -14
-28 2 -13
-28 2 13
-28 2 14
-28 3 -14
-28 3 -13
-28 3 -12
-28 3 12
-28 3 13
-28 3 14
-28 4 -13
-28 4 -12
-28 4 12
-28 4 13
-28 5 -13
-28 5 -12
-28 5 12
-28 5 13
-28 6 -13
-28 6 -12
-28 6 -11
-28 6 11
-28 6 12
-28 6 13
-28 7 -12
-28 7 -11
-28 7 11
-28 7 12
-28 8 -12
-28 8 -11
-28 8 -10
-28 8 10
-28 8 11
-28 8 12
-28 9 -11
-28 9 -10
-28 9 -9
-28 9 9
-28 9 10
-28 9 11
-28 10 -10
-28 10 -9
-28 10 -8
-28 10 8
-28 10 9
-28 10 10
-28 11 -9
-28 11 -8
-28 11 -7
-28 11 -6
-28 11 6
-28 11 7
-28 11 8
-28 11 9
-28 12 -8
-28 12 -7
-28 12 -6
-28 12 -5
-28 12 -4
-28 12 -3
-28 12 3
-28 12 4
-28 12 5
-28 12 6
-28 12 7
-28 12 8
-28 13 -6
-28 13 -5
-28 13 -4
-28 13 -3
-28 13 -2
-28 13 -1
-28 13 0
-28 13 1
-28 13 2
-28 13 3
-28 13 4
-28 13 5
-28 13 6
-28 14 -3
-28 14 -2
-28 14 -1
-28 14 0
-28 14 1
-28 14 2
-28 14 3
-27 -16 -2
-27 -16 -1
-27 -16 0
-27 -16 1
-27 -16 2
-27 -15 -6
-27 -15 -5
-27 -15 -4
-27 -15 -3
-27 -15 -2
-27 -15 -1
-27 -15 0
-27 -15 1
-27 -15 2
-27 -15 3
-27 -15 4
-27 -15 5
-27 -15 6
-27 -14 -8
-27 -14 -7
-27 -14 -6
-27 -14 -5
-27 -14 -4
-27 -14 4
-27 -14 5
-27 -14 6
-27 -14 7
-27 -14 8
-27 -13 -9
-27 -13 -8
-27 -13 -7
-27 -13 7
-27 -13 8
-27 -13 9
-27 -12 -10
-27 -12 -9
-27 -12 9
-27 -12 10
-27 -11 -11
-27 -11 -10
-27 -11 10
-27 -11 11
-27 -10 -12
-27 -10 -11
-27 -10 11
-27 -10 12
-27 -9 -13
-27 -9 -12
-27 -9 12
-27 -9 13
-27 -8 -14
-27 -8 -13
-27 -8 13
-27 -8 14
-27 -7 -14
-27 -7 -13
-27 -7 13
-27 -7 14
-27 -6 -15
-27 -6 -14
-27 -6 14
-27 -6 15
-27 -5 -15
-27 -5 -14
-27 -5 14
-27 -5 15
-27 -4 -15
-27 -4 -14
-27 -4 14
-27 -4 15
-27 -3 -15
-27 -3 15
-27 -2 -16
-27 -2 -15
-27 -2 15
-27 -2 16
-27 -1 -16
-27 -1 -15
-27 -1 15
-27 -1 16
-27 0 -16
-27 0 -15
-27 0 15
-27 0 16
-27 1 -16
-27 1 -15
-27 1 15
-27 1 16
-27 2 -16
-27 2 -15
-27 2 15
-27 2 16
-27 3 -15
-27 3 15
-27 4 -15
-27 4 -14
-27 4 14
-27 4 15
-27 5 -15
-27 5 -14
-27 5 14
-27 5 15
-27 6 -15
-27 6 -14
-27 6 14
-27 6 15
-27 7 -14
-27 7 -13
-27 7 13
-27 7 14
-27 8 -14
-27 8 -13
-27 8 13
-27 8 14
-27 9 -13
-27 9 -12
-27 9 12
-27 9 13
-27 10 -12
-27 10 -11
-27 10 11
-27 10 12
-27 11 -11
-27 11 -10
-27 11 10
-27 11 11
-27 12 -10
-27 12 -9
-27 12 9
-27 12 10
-27 13 -9
-27 13 -8
-27 13 -7
-27 13 7
-27 13 8
-27 13 9
-27 14 -8
-27 14 -7
-27 14 -6
-27 14 -5
-27 14 -4
-27 14 4
-27 14 5
-27 14 6
-27 14 7
-27 14 8
-27 15 -6
-27 15 -5
-27 15 -4
-27 15 -3
-27 15 -2
-27 15 -1
-27 15 0
-27 15 1
-27 15 2
-27 15 3
-27 15 4
-27 15 5
-27 15 6
-27 16 -2
-27 16 -1
-27 16 0
-27 16 1
-27 16 2
-26 -17 -5
-26 -17 -4
-26 -17 -3
-26 -17 -2
-26 -17 -1
-26 -17 0
-26 -17 1
-26 -17 2
-26 -17 3
-26 -17 4
-26 -17 5
-26 -16 -7
-26 -16 -6
-26 -16 -5
-26 -16 -4
-26 -16 -3
-26 -16 3
-26 -16 4
-26 -16 5
-26 -16 6
-26 -16 7
-26 -15 -9
-26 -15 -8
-26 -15 -7
-26 -15 7
-26 -15 8
-26 -15 9
-26 -14 -10
-26 -14 -9
-26 -14 9
-26 -14 10
-26 -13 -12
-26 -13 -11
-26 -13 -10
-26 -13 10
-26 -13 11
-26 -13 12
-26 -12 -13
-26 -12 -12
-26 -12 -11
-26 -12 11
-26 -12 12
-26 -12 13
-26 -11 -13
-26 -11 -12
-26 -11 12
-26 -11 13
-26 -10 -14
-26 -10 -13
-26 -10 13
-26 -10 14
-26 -9 -15
-26 -9 -14
-26 -9 14
-26 -9 15
-26 -8 -15
-26 -8 15
-26 -7 -16
-26 -7 -15
-26 -7 15
-26 -7 16
-26 -6 -16
-26 -6 16
-26 -5 -17
-26 -5 -16
-26 -5 16
-26 -5 17
-26 -4 -17
-26 -4 -16
-26 -4 16
-26 -4 17
-26 -3 -17
-26 -3 -16
-26 -3 16
-26 -3 17
-26 -2 -17
-26 -2 17
-26 -1 -17
-26 -1 17
-26 0 -17
-26 0 17
-26 1 -17
-26 1 17
-26 2 -17
-26 2 17
-26 3 -17
-26 3 -16
-26 3 16
-26 3 17
-26 4 -17
-26 4 -16
-26 4 16
-26 4 17
-26 5 -17
-26 5 -16
-26 5 16
-26 5 17
-26 6 -16
-26 6 16
-26 7 -16
-26 7 -15
-26 7 15
-26 7 16
-26 8 -15
-26 8 15
-26 9 -15
-26 9 -14
-26 9 14
-26 9 15
-26 10 -14
-26 10 -13
-26 10 13
-26 10 14
-26 11 -13
-26 11 -12
-26 11 12
-26 11 13
-26 12 -13
-26 12 -12
-26 12 -11
-26 12 11
-26 12 12
-26 12 13
-26 13 -12
-26 13 -11
-26 13 -10
-26 13 10
-26 13 11
-26 13 12
-26 14 -10
-26 14 -9
-26 14 9
-26 14 10
-26 15 -9
-26 15 -8
-26 15 -7
-26 15 7
-26 15 8
-26 15 9
-26 16 -7
-26 16 -6
-26 16 -5
-26 16 -4
-26 16 -3
-26 16 3
-26 16 4
-26 16 5
-26 16 6
-26 16 7
-26 17 -5
-26 17 -4
-26 17 -3
-26 17 -2
-26 17 -1
-26 17 0
-26 17 1
-26 17 2
-26 17 3
-26 17 4
-26 17 5
-25 -19 -2
-25 -19 -1
-25 -19 0
-25 -19 1
-25 -19 2
-25 -18 -6
-25 -18 -5
-25 -18 -4
-25 -18 -3
-25 -18 -2
-25 -18 -1
-25 -18 0
-25 -18 1
-25 -18 2
-25 -18 3
-25 -18 4
-25 -18 5
-25 -18 6
-25 -17 -8
-25 -17 -7
-25 -17 -6
-25 -17 6
-25 -17 7
-25 -17 8
-25 -16 -10
-25 -16 -9
-25 -16 -8
-25 -16 8
-25 -16 9
-25 -16 10
-25 -15 -11
-25 -15 -10
-25 -15 10
-25 -15 11
-25 -14 -13
-25 -14 -12
-25 -14 -11
-25 -14 11
-25 -14 12
-25 -14 13
-25 -13 -14
-25 -13 -13
-25 -13 13
-25 -13 14
-25 -12 -14
-25 -12 14
-25 -11 -15
-25 -11 -14
-25 -11 14
-25 -11 15
-25 -10 -16
-25 -10 -15
-25 -10 15
-25 -10 16
-25 -9 -16
-25 -9 16
-25 -8 -17
-25 -8 -16
-25 -8 16
-25 -8 17
-25 -7 -17
-25 -7 17
-25 -6 -18
-25 -6 -17
-25 -6 17
-25 -6 18
-25 -5 -18
-25 -5 18
-25 -4 -18
-25 -4 18
-25 -3 -18
-25 -3 18
-25 -2 -19
-25 -2 -18
-25 -2 18
-25 -2 19
-25 -1 -19
-25 -1 -18
-25 -1 18
-25 -1 19
-25 0 -19
-25 0 -18
-25 0 18
-25 0 19
-25 1 -19
-25 1 -18
-25 1 18
-25 1 19
-25 2 -19
-25 2 -18
-25 2 18
-25 2 19
-25 3 -18
-25 3 18
-25 4 -18
-25 4 18
-25 5 -18
-25 5 18
-25 6 -18
-25 6 -17
-25 6 17
-25 6 18
-25 7 -17
-25 7 17
-25 8 -17
-25 8 -16
-25 8 16
-25 8 17
-25 9 -16
-25 9 16
-25 10 -16
-25 10 -15
-25 10 15
-25 10 16
-25 11 -15
-25 11 -14
-25 11 14
-25 11 15
-25 12 -14
-25 12 14
-25 13 -14
-25 13 -13
-25 13 13
-25 13 14
-25 14 -13
-25 14 -12
-25 14 -11
-25 14 11
-25 14 12
-25 14 13
-25 15 -11
-25 15 -10
-25 15 10
-25 15 11
-25 16 -10
-25 16 -9
-25 16 -8
-25 16 8
-25 16 9
-25 16 10
-25 17 -8
-25 17 -7
-25 17 -6
-25 17 6
-25 17 7
-25 17 8
-25 18 -6
-25 18 -5
-25 18 -4
-25 18 -3
-25 18 -2
-25 18 -1
-25 18 0
-25 18 1
-25 18 2
-25 18 3
-25 18 4
-25 18 5
-25 18 6
-25 19 -2
-25 19 -1
-25 19 0
-25 19 1
-25 19 2
-24 -20 -4
-24 -20 -3
-24 -20 -2
-24 -20 -1
-24 -20 0
-24 -20 1
-24 -20 2
-24 -20 3
-24 -20 4
-24 -19 -7
-24 -19 -6
-24 -19 -5
-24 -19 -4
-24 -19 -3
-24 -19 3
-24 -19 4
-24 -19 5
-24 -19 6
-24 -19 7
-24 -18 -9
-24 -18 -8
-24 -18 -7
-24 -18 7
-24 -18 8
-24 -18 9
-24 -17 -11
-24 -17 -10
-24 -17 -9
-24 -17 9
-24 -17 10
-24 -17 11
-24 -16 -12
-24 -16 -11
-24 -16 11
-24 -16 12
-24 -15 -13
-24 -15 -12
-24 -15 12
-24 -15 13
-24 -14 -14
-24 -14 14
-24 -13 -15
-24 -13 15
-24 -12 -16
-24 -12 -15
-24 -12 15
-24 -12 16
-24 -11 -17
-24 -11 -16
-24 -11 16
-24 -11 17
-24 -10 -17
-24 -10 17
-24 -9 -18
-24 -9 -17
-24 -9 17
-24 -9 18
-24 -8 -18
-24 -8 18
-24 -7 -19
-24 -7 -18
-24 -7 18
-24 -7 19
-24 -6 -19
-24 -6 19
-24 -5 -19
-24 -5 19
-24 -4 -20
-24 -4 -19
-24 -4 19
-24 -4 20
-24 -3 -20
-24 -3 -19
-24 -3 19
-24 -3 20
-24 -2 -20
-24 -2 20
-24 -1 -20
-24 -1 20
-24 0 -20
-24 0 20
-24 1 -20
-24 1 20
-24 2 -20
-24 2 20
-24 3 -20
-24 3 -19
-24 3 19
-24 3 20
-24 4 -20
-24 4 -19
-24 4 19
-24 4 20
-24 5 -19
-24 5 19
-24 6 -19
-24 6 19
-24 7 -19
-24 7 -18
-24 7 18
-24 7 19
-24 8 -18
-24 8 18
-24 9 -18
-24 9 -17
-24 9 17
-24 9 18
-24 10 -17
-24 10 17
-24 11 -17
-24 11 -16
-24 11 16
-24 11 17
-24 12 -16
-24 12 -15
-24 12 15
-24 12 16
-24 13 -15
-24 13 15
-24 14 -14
-24 14 14
-24 15 -13
-24 15 -12
-24 15 12
-24 15 13
-24 16 -12
-24 16 -11
-24 16 11
-24 16 12
-24 17 -11
-24 17 -10
-24 17 -9
-24 17 9
-24 17 10
-24 17 11
-24 18 -9
-24 18 -8
-24 18 -7
-24 18 7
-24 18 8
-24 18 9
-24 19 -7
-24 19 -6
-24 19 -5
-24 19 -4
-24 19 -3
-24 19 3
-24 19 4
-24 19 5
-24 19 6
-24 19 7
-24 20 -4
-24 20 -3
-24 20 -2
-24 20 -1
-24 20 0
-24 20 1
-24 20 2
-24 20 3
-24 20 4
-23 -21 -4
-23 -21 -3
-23 -21 -2
-23 -21 -1
-23 -21 0
-23 -21 1
-23 -21 2
-23 -21 3
-23 -21 4
-23 -20 -7
-23 -20 -6
-23 -20 -5
-23 -20 5
-23 -20 6
-23 -20 7
-23 -19 -10
-23 -19 -9
-23 -19 -8
-23 -19 8
-23 -19 9
-23 -19 10
-23 -18 -11
-23 -18 -10
-23 -18 10
-23 -18 11
-23 -17 -13
-23 -17 -12
-23 -17 12
-23 -17 13
-23 -16 -14
-23 -16 -13
-23 -16 13
-23 -16 14
-23 -15 -15
-23 -15 -14
-23 -15 14
-23 -15 15
-23 -14 -16
-23 -14 -15
-23 -14 15
-23 -14 16
-23 -13 -17
-23 -13 -16
-23 -13 16
-23 -13 17
-23 -12 -17
-23 -12 17
-23 -11 -18
-23 -11 18
-23 -10 -19
-23 -10 -18
-23 -10 18
-23 -10 19
-23 -9 -19
-23 -9 19
-23 -8 -19
-23 -8 19
-23 -7 -20
-23 -7 20
-23 -6 -20
-23 -6 20
-23 -5 -20
-23 -5 20
-23 -4 -21
-23 -4 21
-23 -3 -21
-23 -3 21
-23 -2 -21
-23 -2 21
-23 -1 -21
-23 -1 21
-23 0 -21
-23 0 21
-23 1 -21
-23 1 21
-23 2 -21
-23 2 21
-23 3 -21
-23 3 21
-23 4 -21
-23 4 21
-23 5 -20
-23 5 20
-23 6 -20
-23 6 20
-23 7 -20
-23 7 20
-23 8 -19
-23 8 19
-23 9 -19
-23 9 19
-23 10 -19
-23 10 -18
-23 10 18
-23 10 19
-23 11 -18
-23 11 18
-23 12 -17
-23 12 17
-23 13 -17
-23 13 -16
-23 13 16
-23 13 17
-23 14 -16
-23 14 -15
-23 14 15
-23 14 16
-23 15 -15
-23 15 -14
-23 15 14
-23 15 15
-23 16 -14
-23 16 -13
-23 16 13
-23 16 14
-23 17 -13
-23 17 -12
-23 17 12
-23 17 13
-23 18 -11
-23 18 -10
-23 18 10
-23 18 11
-23 19 -10
-23 19 -9
-23 19 -8
-23 19 8
-23 19 9
-23 19 10
-23 20 -7
-23 20 -6
-23 20 -5
-23 20 5
-23 20 6
-23 20 7
-23 21 -4
-23 21 -3
-23 21 -2
-23 21 -1
-23 21 0
-23 21 1
-23 21 2
-23 21 3
-23 21 4
-22 -22 -4
-22 -22 -3
-22 -22 -2
-22 -22 -1
-22 -22 0
-22 -22 1
-22 -22 2
-22 -22 3
-22 -22 4
-22 -21 -8
-22 -21 -7
-22 -21 -6
-22 -21 -5
-22 -21 5
-22 -21 6
-22 -21 7
-22 -21 8
-22 -20 -10
-22 -20 -9
-22 -20 -8
-22 -20 8
-22 -20 9
-22 -20 10
-22 -19 -12
-22 -19 -11
-22 -19 11
-22 -19 12
-22 -18 -13
-22 -18 -12
-22 -18 12
-22 -18 13
-22 -17 -14
-22 -17 14
-22 -16 -15
-22 -16 15
-22 -15 -16
-22 -15 16
-22 -14 -17
-22 -14 17
-22 -13 -18
-22 -13 18
-22 -12 -19
-22 -12 -18
-22 -12 18
-22 -12 19
-22 -11 -19
-22 -11 19
-22 -10 -20
-22 -10 20
-22 -9 -20
-22 -9 20
-22 -8 -21
-22 -8 -20
-22 -8 20
-22 -8 21
-22 -7 -21
-22 -7 21
-22 -6 -21
-22 -6 21
-22 -5 -21
-22 -5 21
-22 -4 -22
-22 -4 22
-22 -3 -22
-22 -3 22
-22 -2 -22
-22 -2 22
-22 -1 -22
-22 -1 22
-22 0 -22
-22 0 22
-22 1 -22
-22 1 22
-22 2 -22
-22 2 22
-22 3 -22
-22 3 22
-22 4 -22
-22 4 22
-22 5 -21
-22 5 21
-22 6 -21
-22 6 21
-22 7 -21
-22 7 21
-22 8 -21
-22 8 -20
-22 8 20
-22 8 21
-22 9 -20
-22 9 20
-22 10 -20
-22 10 20
-22 11 -19
-22 11 19
-22 12 -19
-22 12 -18
-22 12 18
-22 12 19
-22 13 -18
-22 13 18
-22 14 -17
-22 14 17
-22 15 -16
-22 15 16
-22 16 -15
-22 16 15
-22 17 -14
-22 17 14
-22 18 -13
-22 18 -12
-22 18 12
-22 18 13
-22 19 -12
-22 19 -11
-22 19 11
-22 19 12
-22 20 -10
-22 20 -9
-22 20 -8
-22 20 8
-22 20 9
-22 20 10
-22 21 -8
-22 21 -7
-22 21 -6
-22 21 -5
-22 21 5
-22 21 6
-22 21 7
-22 21 8
-22 22 -4
-22 22 -3
-22 22 -2
-22 22 -1
-22 22 0
-22 22 1
-22 22 2
-22 22 3
-22 22 4
-21 -23 -4
-21 -23 -3
-21 -23 -2
-21 -23 -1
-21 -23 0
-21 -23 1
-21 -23 2
-21 -23 3
-21 -23 4
-21 -22 -8
-21 -22 -7
-21 -22 -6
-21 -22 -5
-21 -22 5
-21 -22 6
-21 -22 7
-21 -22 8
-21 -21 -10
-21 -21 -9
-21 -21 9
-21 -21 10
-21 -20 -12
-21 -20 -11
-21 -20 11
-21 -20 12
-21 -19 -13
-21 -19 13
-21 -18 -15
-21 -18 -14
-21 -18 14
-21 -18 15
-21 -17 -16
-21 -17 -15
-21 -17 15
-21 -17 16
-21 -16 -17
-21 -16 -16
-21 -16 16
-21 -16 17
-21 -15 -18
-21 -15 -17
-21 -15 17
-21 -15 18
-21 -14 -18
-21 -14 18
-21 -13 -19
-21 -13 19
-21 -12 -20
-21 -12 20
-21 -11 -20
-21 -11 20
-21 -10 -21
-21 -10 21
-21 -9 -21
-21 -9 21
-21 -8 -22
-21 -8 22
-21 -7 -22
-21 -7 22
-21 -6 -22
-21 -6 22
-21 -5 -22
-21 -5 22
-21 -4 -23
-21 -4 23
-21 -3 -23
-21 -3 23
-21 -2 -23
-21 -2 23
-21 -1 -23
-21 -1 23
-21 0 -23
-21 0 23
-21 1 -23
-21 1 23
-21 2 -23
-21 2 23
-21 3 -23
-21 3 23
-21 4 -23
-21 4 23
-21 5 -22
-21 5 22
-21 6 -22
-21 6 22
-21 7 -22
-21 7 22
-21 8 -22
-21 8 22
-21 9 -21
-21 9 21
-21 10 -21
-21 10 21
-21 11 -20
-21 11 20
-21 12 -20
-21 12 20
-21 13 -19
-21 13 19
-21 14 -18
-21 14 18
-21 15 -18
-21 15 -17
-21 15 17
-21 15 18
-21 16 -17
-21 16 -16
-21 16 16
-21 16 17
-21 17 -16
-21 17 -15
-21 17 15
-21 17 16
-21 18 -15
-21 18 -14
-21 18 14
-21 18 15
-21 19 -13
-21 19 13
-21 20 -12
-21 20 -11
-21 20 11
-21 20 12
-21 21 -10
-21 21 -9
-21 21 9
-21 21 10
-21 22 -8
-21 22 -7
-21 22 -6
-21 22 -5
-21 22 5
-21 22 6
-21 22 7
-21 22 8
-21 23 -4
-21 23 -3
-21 23 -2
-21 23 -1
-21 23 0
-21 23 1
-21 23 2
-21 23 3
-21 23 4
-20 -24 -4
-20 -24 -3
-20 -24 -2
-20 -24 -1
-20 -24 0
-20 -24 1
-20 -24 2
-20 -24 3
-20 -24 4
-20 -23 -7
-20 -23 -6
-20 -23 -5
-20 -23 5
-20 -23 6
-20 -23 7
-20 -22 -10
-20 -22 -9
-20 -22 -8
-20 -22 8
-20 -22 9
-20 -22 10
-20 -21 -12
-20 -21 -11
-20 -21 11
-20 -21 12
-20 -20 -13
-20 -20 13
-20 -19 -15
-20 -19 -14
-20 -19 14
-20 -19 15
-20 -18 -16
-20 -18 16
-20 -17 -17
-20 -17 17
-20 -16 -18
-20 -16 18
-20 -15 -19
-20 -15 19
-20 -14 -19
-20 -14 19
-20 -13 -20
-20 -13 20
-20 -12 -21
-20 -12 21
-20 -11 -21
-20 -11 21
-20 -10 -22
-20 -10 22
-20 -9 -22
-20 -9 22
-20 -8 -22
-20 -8 22
-20 -7 -23
-20 -7 23
-20 -6 -23
-20 -6 23
-20 -5 -23
-20 -5 23
-20 -4 -24
-20 -4 24
-20 -3 -24
-20 -3 24
-20 -2 -24
-20 -2 24
-20 -1 -24
-20 -1 24
-20 0 -24
-20 0 24
-20 1 -24
-20 1 24
-20 2 -24
-20 2 24
-20 3 -24
-20 3 24
-20 4 -24
-20 4 24
-20 5 -23
-20 5 23
-20 6 -23
-20 6 23
-20 7 -23
-20 7 23
-20 8 -22
-20 8 22
-20 9 -22
-20 9 22
-20 10 -22
-20 10 22
-20 11 -21
-20 11 21
-20 12 -21
-20 12 21
-20 13 -20
-20 13 20
-20 14 -19
-20 14 19
-20 15 -19
-20 15 19
-20 16 -18
-20 16 18
-20 17 -17
-20 17 17
-20 18 -16
-20 18 16
-20 19 -15
-20 19 -14
-20 19 14
-20 19 15
-20 20 -13
-20 20 13
-20 21 -12
-20 21 -11
-20 21 11
-20 21 12
-20 22 -10
-20 22 -9
-20 22 -8
-20 22 8
-20 22 9
-20 22 10
-20 23 -7
-20 23 -6
-20 23 -5
-20 23 5
-20 23 6
-20 23 7
-20 24 -4
-20 24 -3
-20 24 -2
-20 24 -1
-20 24 0
-20 24 1
-20 24 2
-20 24 3
-20 24 4
-19 -25 -2
-19 -25 -1
-19 -25 0
-19 -25 1
-19 -25 2
-19 -24 -7
-19 -24 -6
-19 -24 -5
-19 -24 -4
-19 -24 -3
-19 -24 3
-19 -24 4
-19 -24 5
-19 -24 6
-19 -24 7
-19 -23 -10
-19 -23 -9
-19 -23 -8
-19 -23 8
-19 -23 9
-19 -23 10
-19 -22 -12
-19 -22 -11
-19 -22 11
-19 -22 12
-19 -21 -13
-19 -21 13
-19 -20 -15
-19 -20 -14
-19 -20 14
-19 -20 15
-19 -19 -16
-19 -19 16
-19 -18 -17
-19 -18 17
-19 -17 -18
-19 -17 18
-19 -16 -19
-19 -16 19
-19 -15 -20
-19 -15 20
-19 -14 -20
-19 -14 20
-19 -13 -21
-19 -13 21
-19 -12 -22
-19 -12 22
-19 -11 -22
-19 -11 22
-19 -10 -23
-19 -10 23
-19 -9 -23
-19 -9 23
-19 -8 -23
-19 -8 23
-19 -7 -24
-19 -7 24
-19 -6 -24
-19 -6 24
-19 -5 -24
-19 -5 24
-19 -4 -24
-19 -4 24
-19 -3 -24
-19 -3 24
-19 -2 -25
-19 -2 25
-19 -1 -25
-19 -1 25
-19 0 -25
-19 0 25
-19 1 -25
-19 1 25
-19 2 -25
-19 2 25
-19 3 -24
-19 3 24
-19 4 -24
-19 4 24
-19 5 -24
-19 5 24
-19 6 -24
-19 6 24
-19 7 -24
-19 7 24
-19 8 -23
-19 8 23
-19 9 -23
-19 9 23
-19 10 -23
-19 10 23
-19 11 -22
-19 11 22
-19 12 -22
-19 12 22
-19 13 -21
-19 13 21
-19 14 -20
-19 14 20
-19 15 -20
-19 15 20
-19 16 -19
-19 16 19
-19 17 -18
-19 17 18
-19 18 -17
-19 18 17
-19 19 -16
-19 19 16
-19 20 -15
-19 20 -14
-19 20 14
-19 20 15
-19 21 -13
-19 21 13
-19 22 -12
-19 22 -11
-19 22 11
-19 22 12
-19 23 -10
-19 23 -9
-19 23 -8
-19 23 8
-19 23 9
-19 23 10
-19 24 -7
-19 24 -6
-19 24 -5
-19 24 -4
-19 24 -3
-19 24 3
-19 24 4
-19 24 5
-19 24 6
-19 24 7
-19 25 -2
-19 25 -1
-19 25 0
-19 25 1
-19 25 2
-18 -25 -6
-18 -25 -5
-18 -25 -4
-18 -25 -3
-18 -25 -2
-18 -25 -1
-18 -25 0
-18 -25 1
-18 -25 2
-18 -25 3
-18 -25 4
-18 -25 5
-18 -25 6
-18 -24 -9
-18 -24 -8
-18 -24 -7
-18 -24 7
-18 -24 8
-18 -24 9
-18 -23 -11
-18 -23 -10
-18 -23 10
-18 -23 11
-18 -22 -13
-18 -22 -12
-18 -22 12
-18 -22 13
-18 -21 -15
-18 -21 -14
-18 -21 14
-18 -21 15
-18 -20 -16
-18 -20 16
-18 -19 -17
-18 -19 17
-18 -18 -18
-18 -18 18
-18 -17 -19
-18 -17 19
-18 -16 -20
-18 -16 20
-18 -15 -21
-18 -15 21
-18 -14 -21
-18 -14 21
-18 -13 -22
-18 -13 22
-18 -12 -22
-18 -12 22
-18 -11 -23
-18 -11 23
-18 -10 -23
-18 -10 23
-18 -9 -24
-18 -9 24
-18 -8 -24
-18 -8 24
-18 -7 -24
-18 -7 24
-18 -6 -25
-18 -6 25
-18 -5 -25
-18 -5 25
-18 -4 -25
-18 -4 25
-18 -3 -25
-18 -3 25
-18 -2 -25
-18 -2 25
-18 -1 -25
-18 -1 25
-18 0 -25
-18 0 25
-18 1 -25
-18 1 25
-18 2 -25
-18 2 25
-18 3 -25
-18 3 25
-18 4 -25
-18 4 25
-18 5 -25
-18 5 25
-18 6 -25
-18 6 25
-18 7 -24
-18 7 24
-18 8 -24
-18 8 24
-18 9 -24
-18 9 24
-18 10 -23
-18 10 23
-18 11 -23
-18 11 23
-18 12 -22
-18 12 22
-18 13 -22
-18 13 22
-18 14 -21
-18 14 21
-18 15 -21
-18 15 21
-18 16 -20
-18 16 20
-18 17 -19
-18 17 19
-18 18 -18
-18 18 18
-18 19 -17
-18 19 17
-18 20 -16
-18 20 16
-18 21 -15
-18 21 -14
-18 21 14
-18 21 15
-18 22 -13
-18 22 -12
-18 22 12
-18 22 13
-18 23 -11
-18 23 -10
-18 23 10
-18 23 11
-18 24 -9
-18 24 -8
-18 24 -7
-18 24 7
-18 24 8
-18 24 9
-18 25 -6
-18 25 -5
-18 25 -4
-18 25 -3
-18 25 -2
-18 25 -1
-18 25 0
-18 25 1
-18 25 2
-18 25 3
-18 25 4
-18 25 5
-18 25 6
-17 -26 -5
-17 -26 -4
-17 -26 -3
-17 -26 -2
-17 -26 -1
-17 -26 0
-17 -26 1
-17 -26 2
-17 -26 3
-17 -26 4
-17 -26 5
-17 -25 -8
-17 -25 -7
-17 -25 -6
-17 -25 6
-17 -25 7
-17 -25 8
-17 -24 -11
-17 -24 -10
-17 -24 -9
-17 -24 9
-17 -24 10
-17 -24 11
-17 -23 -13
-17 -23 -12
-17 -23 12
-17 -23 13
-17 -22 -14
-17 -22 14
-17 -21 -16
-17 -21 -15
-17 -21 15
-17 -21 16
-17 -20 -17
-17 -20 17
-17 -19 -18
-17 -19 18
-17 -18 -19
-17 -18 19
-17 -17 -20
-17 -17 20
-17 -16 -21
-17 -16 21
-17 -15 -21
-17 -15 21
-17 -14 -22
-17 -14 22
-17 -13 -23
-17 -13 23
-17 -12 -23
-17 -12 23
-17 -11 -24
-17 -11 24
-17 -10 -24
-17 -10 24
-17 -9 -24
-17 -9 24
-17 -8 -25
-17 -8 25
-17 -7 -25
-17 -7 25
-17 -6 -25
-17 -6 25
-17 -5 -26
-17 -5 26
-17 -4 -26
-17 -4 26
-17 -3 -26
-17 -3 26
-17 -2 -26
-17 -2 26
-17 -1 -26
-17 -1 26
-17 0 -26
-17 0 26
-17 1 -26
-17 1 26
-17 2 -26
-17 2 26
-17 3 -26
-17 3 26
-17 4 -26
-17 4 26
-17 5 -26
-17 5 26
-17 6 -25
-17 6 25
-17 7 -25
-17 7 25
-17 8 -25
-17 8 25
-17 9 -24
-17 9 24
-17 10 -24
-17 10 24
-17 11 -24
-17 11 24
-17 12 -23
-17 12 23
-17 13 -23
-17 13 23
-17 14 -22
-17 14 22
-17 15 -21
-17 15 21
-17 16 -21
-17 16 21
-17 17 -20
-17 17 20
-17 18 -19
-17 18 19
-17 19 -18
-17 19 18
-17 20 -17
-17 20 17
-17 21 -16
-17 21 -15
-17 21 15
-17 21 16
-17 22 -14
-17 22 14
-17 23 -13
-17 23 -12
-17 23 12
-17 23 13
-17 24 -11
-17 24 -10
-17 24 -9
-17 24 9
-17 24 10
-17 24 11
-17 25 -8
-17 25 -7
-17 25 -6
-17 25 6
-17 25 7
-17 25 8
-17 26 -5
-17 26 -4
-17 26 -3
-17 26 -2
-17 26 -1
-17 26 0
-17 26 1
-17 26 2
-17 26 3
-17 26 4
-17 26 5
-16 -27 -2
-16 -27 -1
-16 -27 0
-16 -27 1
-16 -27 2
-16 -26 -7
-16 -26 -6
-16 -26 -5
-16 -26 -4
-16 -26 -3
-16 -26 3
-16 -26 4
-16 -26 5
-16 -26 6
-16 -26 7
-16 -25 -10
-16 -25 -9
-16 -25 -8
-16 -25 8
-16 -25 9
-16 -25 10
-16 -24 -12
-16 -24 -11
-16 -24 11
-16 -24 12
-16 -23 -14
-16 -23 -13
-16 -23 13
-16 -23 14
-16 -22 -15
-16 -22 15
-16 -21 -17
-16 -21 -16
-16 -21 16
-16 -21 17
-16 -20 -18
-16 -20 18
-16 -19 -19
-16 -19 19
-16 -18 -20
-16 -18 20
-16 -17 -21
-16 -17 21
-16 -16 -21
-16 -16 21
-16 -15 -22
-16 -15 22
-16 -14 -23
-16 -14 23
-16 -13 -23
-16 -13 23
-16 -12 -24
-16 -12 24
-16 -11 -24
-16 -11 24
-16 -10 -25
-16 -10 25
-16 -9 -25
-16 -9 25
-16 -8 -25
-16 -8 25
-16 -7 -26
-16 -7 26
-16 -6 -26
-16 -6 26
-16 -5 -26
-16 -5 26
-16 -4 -26
-16 -4 26
-16 -3 -26
-16 -3 26
-16 -2 -27
-16 -2 27
-16 -1 -27
-16 -1 27
-16 0 -27
-16 0 27
-16 1 -27
-16 1 27
-16 2 -27
-16 2 27
-16 3 -26
-16 3 26
-16 4 -26
-16 4 26
-16 5 -26
-16 5 26
-16 6 -26
-16 6 26
-16 7 -26
-16 7 26
-16 8 -25
-16 8 25
-16 9 -25
-16 9 25
-16 10 -25
-16 10 25
-16 11 -24
-16 11 24
-16 12 -24
-16 12 24
-16 13 -23
-16 13 23
-16 14 -23
-16 14 23
-16 15 -22
-16 15 22
-16 16 -21
-16 16 21
-16 17 -21
-16 17 21
-16 18 -20
-16 18 20
-16 19 -19
-16 19 19
-16 20 -18
-16 20 18
-16 21 -17
-16 21 -16
-16 21 16
-16 21 17
-16 22 -15
-16 22 15
-16 23 -14
-16 23 -13
-16 23 13
-16 23 14
-16 24 -12
-16 24 -11
-16 24 11
-16 24 12
-16 25 -10
-16 25 -9
-16 25 -8
-16 25 8
-16 25 9
-16 25 10
-16 26 -7
-16 26 -6
-16 26 -5
-16 26 -4
-16 26 -3
-16 26 3
-16 26 4
-16 26 5
-16 26 6
-16 26 7
-16 27 -2
-16 27 -1
-16 27 0
-16 27 1
-16 27 2
-15 -27 -6
-15 -27 -5
-15 -27 -4
-15 -27 -3
-15 -27 -2
-15 -27 -1
-15 -27 0
-15 -27 1
-15 -27 2
-15 -27 3
-15 -27 4
-15 -27 5
-15 -27 6
-15 -26 -9
-15 -26 -8
-15 -26 -7
-15 -26 7
-15 -26 8
-15 -26 9
-15 -25 -11
-15 -25 -10
-15 -25 10
-15 -25 11
-15 -24 -13
-15 -24 -12
-15 -24 12
-15 -24 13
-15 -23 -15
-15 -23 -14
-15 -23 14
-15 -23 15
-15 -22 -16
-15 -22 16
-15 -21 -18
-15 -21 -17
-15 -21 17
-15 -21 18
-15 -20 -19
-15 -20 19
-15 -19 -20
-15 -19 20
-15 -18 -21
-15 -18 21
-15 -17 -21
-15 -17 21
-15 -16 -22
-15 -16 22
-15 -15 -23
-15 -15 23
-15 -14 -23
-15 -14 23
-15 -13 -24
-15 -13 24
-15 -12 -24
-15 -12 24
-15 -11 -25
-15 -11 25
-15 -10 -25
-15 -10 25
-15 -9 -26
-15 -9 26
-15 -8 -26
-15 -8 26
-15 -7 -26
-15 -7 26
-15 -6 -27
-15 -6 27
-15 -5 -27
-15 -5 27
-15 -4 -27
-15 -4 27
-15 -3 -27
-15 -3 27
-15 -2 -27
-15 -2 27
-15 -1 -27
-15 -1 27
-15 0 -27
-15 0 27
-15 1 -27
-15 1 27
-15 2 -27
-15 2 27
-15 3 -27
-15 3 27
-15 4 -27
-15 4 27
-15 5 -27
-15 5 27
-15 6 -27
-15 6 27
-15 7 -26
-15 7 26
-15 8 -26
-15 8 26
-15 9 -26
-15 9 26
-15 10 -25
-15 10 25
-15 11 -25
-15 11 25
-15 12 -24
-15 12 24
-15 13 -24
-15 13 24
-15 14 -23
-15 14 23
-15 15 -23
-15 15 23
-15 16 -22
-15 16 22
-15 17 -21
-15 17 21
-15 18 -21
-15 18 21
-15 19 -20
-15 19 20
-15 20 -19
-15 20 19
-15 21 -18
-15 21 -17
-15 21 17
-15 21 18
-15 22 -16
-15 22 16
-15 23 -15
-15 23 -14
-15 23 14
-15 23 15
-15 24 -13
-15 24 -12
-15 24 12
-15 24 13
-15 25 -11
-15 25 -10
-15 25 10
-15 25 11
-15 26 -9
-15 26 -8
-15 26 -7
-15 26 7
-15 26 8
-15 26 9
-15 27 -6
-15 27 -5
-15 27 -4
-15 27 -3
-15 27 -2
-15 27 -1
-15 27 0
-15 27 1
-15 27 2
-15 27 3
-15 27 4
-15 27 5
-15 27 6
-14 -28 -3
-14 -28 -2
-14 -28 -1
-14 -28 0
-14 -28 1
-14 -28 2
-14 -28 3
-14 -27 -8
-14 -27 -7
-14 -27 -6
-14 -27 -5
-14 -27 -4
-14 -27 4
-14 -27 5
-14 -27 6
-14 -27 7
-14 -27 8
-14 -26 -10
-14 -26 -9
-14 -26 9
-14 -26 10
-14 -25 -13
-14 -25 -12
-14 -25 -11
-14 -25 11
-14 -25 12
-14 -25 13
-14 -24 -14
-14 -24 14
-14 -23 -16
-14 -23 -15
-14 -23 15
-14 -23 16
-14 -22 -17
-14 -22 17
-14 -21 -18
-14 -21 18
-14 -20 -19
-14 -20 19
-14 -19 -20
-14 -19 20
-14 -18 -21
-14 -18 21
-14 -17 -22
-14 -17 22
-14 -16 -23
-14 -16 23
-14 -15 -23
-14 -15 23
-14 -14 -24
-14 -14 24
-14 -13 -25
-14 -13 25
-14 -12 -25
-14 -12 25
-14 -11 -25
-14 -11 25
-14 -10 -26
-14 -10 26
-14 -9 -26
-14 -9 26
-14 -8 -27
-14 -8 27
-14 -7 -27
-14 -7 27
-14 -6 -27
-14 -6 27
-14 -5 -27
-14 -5 27
-14 -4 -27
-14 -4 27
-14 -3 -28
-14 -3 28
-14 -2 -28
-14 -2 28
-14 -1 -28
-14 -1 28
-14 0 -28
-14 0 28
-14 1 -28
-14 1 28
-14 2 -28
-14 2 28
-14 3 -28
-14 3 28
-14 4 -27
-14 4 27
-14 5 -27
-14 5 27
-14 6 -27
-14 6 27
-14 7 -27
-14 7 27
-14 8 -27
-14 8 27
-14 9 -26
-14 9 26
-14 10 -26
-14 10 26
-14 11 -25
-14 11 25
-14 12 -25
-14 12 25
-14 13 -25
-14 13 25
-14 14 -24
-14 14 24
-14 15 -23
-14 15 23
-14 16 -23
-14 16 23
-14 17 -22
-14 17 22
-14 18 -21
-14 18 21
-14 19 -20
-14 19 20
-14 20 -19
-14 20 19
-14 21 -18
-14 21 18
-14 22 -17
-14 22 17
-14 23 -16
-14 23 -15
-14 23 15
-14 23 16
-14 24 -14
-14 24 14
-14 25 -13
-14 25 -12
-14 25 -11
-14 25 11
-14 25 12
-14 25 13
-14 26 -10
-14 26 -9
-14 26 9
-14 26 10
-14 27 -8
-14 27 -7
-14 27 -6
-14 27 -5
-14 27 -4
-14 27 4
-14 27 5
-14 27 6
-14 27 7
-14 27 8
-14 28 -3
-14 28 -2
-14 28 -1
-14 28 0
-14 28 1
-14 28 2
-14 28 3
-13 -28 -6
-13 -28 -5
-13 -28 -4
-13 -28 -3
-13 -28 -2
-13 -28 -1
-13 -28 0
-13 -28 1
-13 -28 2
-13 -28 3
-13 -28 4
-13 -28 5
-13 -28 6
-13 -27 -9
-13 -27 -8
-13 -27 -7
-13 -27 7
-13 -27 8
-13 -27 9
-13 -26 -12
-13 -26 -11
-13 -26 -10
-13 -26 10
-13 -26 11
-13 -26 12
-13 -25 -14
-13 -25 -13
-13 -25 13
-13 -25 14
-13 -24 -15
-13 -24 15
-13 -23 -17
-13 -23 -16
-13 -23 16
-13 -23 17
-13 -22 -18
-13 -22 18
-13 -21 -19
-13 -21 19
-13 -20 -20
-13 -20 20
-13 -19 -21
-13 -19 21
-13 -18 -22
-13 -18 22
-13 -17 -23
-13 -17 23
-13 -16 -23
-13 -16 23
-13 -15 -24
-13 -15 24
-13 -14 -25
-13 -14 25
-13 -13 -25
-13 -13 25
-13 -12 -26
-13 -12 26
-13 -11 -26
-13 -11 26
-13 -10 -26
-13 -10 26
-13 -9 -27
-13 -9 27
-13 -8 -27
-13 -8 27
-13 -7 -27
-13 -7 27
-13 -6 -28
-13 -6 28
-13 -5 -28
-13 -5 28
-13 -4 -28
-13 -4 28
-13 -3 -28
-13 -3 28
-13 -2 -28
-13 -2 28
-13 -1 -28
-13 -1 28
-13 0 -28
-13 0 28
-13 1 -28
-13 1 28
-13 2 -28
-13 2 28
-13 3 -28
-13 3 28
-13 4 -28
-13 4 28
-13 5 -28
-13 5 28
-13 6 -28
-13 6 28
-13 7 -27
-13 7 27
-13 8 -27
-13 8 27
-13 9 -27
-13 9 27
-13 10 -26
-13 10 26
-13 11 -26
-13 11 26
-13 12 -26
-13 12 26
-13 13 -25
-13 13 25
-13 14 -25
-13 14 25
-13 15 -24
-13 15 24
-13 16 -23
-13 16 23
-13 17 -23
-13 17 23
-13 18 -22
-13 18 22
-13 19 -21
-13 19 21
-13 20 -20
-13 20 20
-13 21 -19
-13 21 19
-13 22 -18
-13 22 18
-13 23 -17
-13 23 -16
-13 23 16
-13 23 17
-13 24 -15
-13 24 15
-13 25 -14
-13 25 -13
-13 25 13
-13 25 14
-13 26 -12
-13 26 -11
-13 26 -10
-13 26 10
-13 26 11
-13 26 12
-13 27 -9
-13 27 -8
-13 27 -7
-13 27 7
-13 27 8
-13 27 9
-13 28 -6
-13 28 -5
-13 28 -4
-13 28 -3
-13 28 -2
-13 28 -1
-13 28 0
-13 28 1
-13 28 2
-13 28 3
-13 28 4
-13 28 5
-13 28 6
-12 -29 -2
-12 -29 -1
-12 -29 0
-12 -29 1
-12 -29 2
-12 -28 -8
-12 -28 -7
-12 -28 -6
-12 -28 -5
-12 -28 -4
-12 -28 -3
-12 -28 3
-12 -28 4
-12 -28 5
-12 -28 6
-12 -28 7
-12 -28 8
-12 -27 -10
-12 -27 -9
-12 -27 9
-12 -27 10
-12 -26 -13
-12 -26 -12
-12 -26 -11
-12 -26 11
-12 -26 12
-12 -26 13
-12 -25 -14
-12 -25 14
-12 -24 -16
-12 -24 -15
-12 -24 15
-12 -24 16
-12 -23 -17
-12 -23 17
-12 -22 -19
-12 -22 -18
-12 -22 18
-12 -22 19
-12 -21 -20
-12 -21 20
-12 -20 -21
-12 -20 21
-12 -19 -22
-12 -19 22
-12 -18 -22
-12 -18 22
-12 -17 -23
-12 -17 23
-12 -16 -24
-12 -16 24
-12 -15 -24
-12 -15 24
-12 -14 -25
-12 -14 25
-12 -13 -26
-12 -13 26
-12 -12 -26
-12 -12 26
-12 -11 -26
-12 -11 26
-12 -10 -27
-12 -10 27
-12 -9 -27
-12 -9 27
-12 -8 -28
-12 -8 28
-12 -7 -28
-12 -7 28
-12 -6 -28
-12 -6 28
-12 -5 -28
-12 -5 28
-12 -4 -28
-12 -4 28
-12 -3 -28
-12 -3 28
-12 -2 -29
-12 -2 29
-12 -1 -29
-12 -1 29
-12 0 -29
-12 0 29
-12 1 -29
-12 1 29
-12 2 -29
-12 2 29
-12 3 -28
-12 3 28
-12 4 -28
-12 4 28
-12 5 -28
-12 5 28
-12 6 -28
-12 6 28
-12 7 -28
-12 7 28
-12 8 -28
-12 8 28
-12 9 -27
-12 9 27
-12 10 -27
-12 10 27
-12 11 -26
-12 11 26
-12 12 -26
-12 12 26
-12 13 -26
-12 13 26
-12 14 -25
-12 14 25
-12 15 -24
-12 15 24
-12 16 -24
-12 16 24
-12 17 -23
-12 17 23
-12 18 -22
-12 18 22
-12 19 -22
-12 19 22
-12 20 -21
-12 20 21
-12 21 -20
-12 21 20
-12 22 -19
-12 22 -18
-12 22 18
-12 22 19
-12 23 -17
-12 23 17
-12 24 -16
-12 24 -15
-12 24 15
-12 24 16
-12 25 -14
-12 25 14
-12 26 -13
-12 26 -12
-12 26 -11
-12 26 11
-12 26 12
-12 26 13
-12 27 -10
-12 27 -9
-12 27 9
-12 27 10
-12 28 -8
-12 28 -7
-12 28 -6
-12 28 -5
-12 28 -4
-12 28 -3
-12 28 3
-12 28 4
-12 28 5
-12 28 6
-12 28 7
-12 28 8
-12 29 -2
-12 29 -1
-12 29 0
-12 29 1
-12 29 2
-11 -29 -5
-11 -29 -4
-11 -29 -3
-11 -29 -2
-11 -29 -1
-11 -29 0
-11 -29 1
-11 -29 2
-11 -29 3
-11 -29 4
-11 -29 5
-11 -28 -9
-11 -28 -8
-11 -28 -7
-11 -28 -6
-11 -28 6
-11 -28 7
-11 -28 8
-11 -28 9
-11 -27 -11
-11 -27 -10
-11 -27 10
-11 -27 11
-11 -26 -13
-11 -26 -12
-11 -26 12
-11 -26 13
-11 -25 -15
-11 -25 -14
-11 -25 14
-11 -25 15
-11 -24 -17
-11 -24 -16
-11 -24 16
-11 -24 17
-11 -23 -18
-11 -23 18
-11 -22 -19
-11 -22 19
-11 -21 -20
-11 -21 20
-11 -20 -21
-11 -20 21
-11 -19 -22
-11 -19 22
-11 -18 -23
-11 -18 23
-11 -17 -24
-11 -17 24
-11 -16 -24
-11 -16 24
-11 -15 -25
-11 -15 25
-11 -14 -25
-11 -14 25
-11 -13 -26
-11 -13 26
-11 -12 -26
-11 -12 26
-11 -11 -27
-11 -11 27
-11 -10 -27
-11 -10 27
-11 -9 -28
-11 -9 28
-11 -8 -28
-11 -8 28
-11 -7 -28
-11 -7 28
-11 -6 -28
-11 -6 28
-11 -5 -29
-11 -5 29
-11 -4 -29
-11 -4 29
-11 -3 -29
-11 -3 29
-11 -2 -29
-11 -2 29
-11 -1 -29
-11 -1 29
-11 0 -29
-11 0 29
-11 1 -29
-11 1 29
-11 2 -29
-11 2 29
-11 3 -29
-11 3 29
-11 4 -29
-11 4 29
-11 5 -29
-11 5 29
-11 6 -28
-11 6 28
-11 7 -28
-11 7 28
-11 8 -28
-11 8 28
-11 9 -28
-11 9 28
-11 10 -27
-11 10 27
-11 11 -27
-11 11 27
-11 12 -26
-11 12 26
-11 13 -26
-11 13 26
-11 14 -25
-11 14 25
-11 15 -25
-11 15 25
-11 16 -24
-11 16 24
-11 17 -24
-11 17 24
-11 18 -23
-11 18 23
-11 19 -22
-11 19 22
-11 20 -21
-11 20 21
-11 21 -20
-11 21 20
-11 22 -19
-11 22 19
-11 23 -18
-11 23 18
-11 24 -17
-11 24 -16
-11 24 16
-11 24 17
-11 25 -15
-11 25 -14
-11 25 14
-11 25 15
-11 26 -13
-11 26 -12
-11 26 12
-11 26 13
-11 27 -11
-11 27 -10
-11 27 10
-11 27 11
-11 28 -9
-11 28 -8
-11 28 -7
-11 28 -6
-11 28 6
-11 28 7
-11 28 8
-11 28 9
-11 29 -5
-11 29 -4
-11 29 -3
-11 29 -2
-11 29 -1
-11 29 0
-11 29 1
-11 29 2
-11 29 3
-11 29 4
-11 29 5
-10 -29 -7
-10 -29 -6
-10 -29 -5
-10 -29 -4
-10 -29 -3
-10 -29 -2
-10 -29 -1
-10 -29 0
-10 -29 1
-10 -29 2
-10 -29 3
-10 -29 4
-10 -29 5
-10 -29 6
-10 -29 7
-10 -28 -10
-10 -28 -9
-10 -28 -8
-10 -28 8
-10 -28 9
-10 -28 10
-10 -27 -12
-10 -27 -11
-10 -27 11
-10 -27 12
-10 -26 -14
-10 -26 -13
-10 -26 13
-10 -26 14
-10 -25 -16
-10 -25 -15
-10 -25 15
-10 -25 16
-10 -24 -17
-10 -24 17
-10 -23 -19
-10 -23 -18
-10 -23 18
-10 -23 19
-10 -22 -20
-10 -22 20
-10 -21 -21
-10 -21 21
-10 -20 -22
-10 -20 22
-10 -19 -23
-10 -19 23
-10 -18 -23
-10 -18 23
-10 -17 -24
-10 -17 24
-10 -16 -25
-10 -16 25
-10 -15 -25
-10 -15 25
-10 -14 -26
-10 -14 26
-10 -13 -26
-10 -13 26
-10 -12 -27
-10 -12 27
-10 -11 -27
-10 -11 27
-10 -10 -28
-10 -10 28
-10 -9 -28
-10 -9 28
-10 -8 -28
-10 -8 28
-10 -7 -29
-10 -7 29
-10 -6 -29
-10 -6 29
-10 -5 -29
-10 -5 29
-10 -4 -29
-10 -4 29
-10 -3 -29
-10 -3 29
-10 -2 -29
-10 -2 29
-10 -1 -29
-10 -1 29
-10 0 -29
-10 0 29
-10 1 -29
-10 1 29
-10 2 -29
-10 2 29
-10 3 -29
-10 3 29
-10 4 -29
-10 4 29
-10 5 -29
-10 5 29
-10 6 -29
-10 6 29
-10 7 -29
-10 7 29
-10 8 -28
-10 8 28
-10 9 -28
-10 9 28
-10 10 -28
-10 10 28
-10 11 -27
-10 11 27
-10 12 -27
-10 12 27
-10 13 -26
-10 13 26
-10 14 -26
-10 14 26
-10 15 -25
-10 15 25
-10 16 -25
-10 16 25
-10 17 -24
-10 17 24
-10 18 -23
-10 18 23
-10 19 -23
-10 19 23
-10 20 -22
-10 20 22
-10 21 -21
-10 21 21
-10 22 -20
-10 22 20
-10 23 -19
-10 23 -18
-10 23 18
-10 23 19
-10 24 -17
-10 24 17
-10 25 -16
-10 25 -15
-10 25 15
-10 25 16
-10 26 -14
-10 26 -13
-10 26 13
-10 26 14
-10 27 -12
-10 27 -11
-10 27 11
-10 27 12
-10 28 -10
-10 28 -9
-10 28 -8
-10 28 8
-10 28 9
-10 28 10
-10 29 -7
-10 29 -6
-10 29 -5
-10 29 -4
-10 29 -3
-10 29 -2
-10 29 -1
-10 29 0
-10 29 1
-10 29 2
-10 29 3
-10 29 4
-10 29 5
-10 29 6
-10 29 7
-9 -30 -3
-9 -30 -2
-9 -30 -1
-9 -30 0
-9 -30 1
-9 -30 2
-9 -30 3
-9 -29 -8
-9 -29 -7
-9 -29 -6
-9 -29 -5
-9 -29 -4
-9 -29 4
-9 -29 5
-9 -29 6
-9 -29 7
-9 -29 8
-9 -28 -11
-9 -28 -10
-9 -28 -9
-9 -28 9
-9 -28 10
-9 -28 11
-9 -27 -13
-9 -27 -12
-9 -27 12
-9 -27 13
-9 -26 -15
-9 -26 -14
-9 -26 14
-9 -26 15
-9 -25 -16
-9 -25 16
-9 -24 -18
-9 -24 -17
-9 -24 17
-9 -24 18
-9 -23 -19
-9 -23 19
-9 -22 -20
-9 -22 20
-9 -21 -21
-9 -21 21
-9 -20 -22
-9 -20 22
-9 -19 -23
-9 -19 23
-9 -18 -24
-9 -18 24
-9 -17 -24
-9 -17 24
-9 -16 -25
-9 -16 25
-9 -15 -26
-9 -15 26
-9 -14 -26
-9 -14 26
-9 -13 -27
-9 -13 27
-9 -12 -27
-9 -12 27
-9 -11 -28
-9 -11 28
-9 -10 -28
-9 -10 28
-9 -9 -28
-9 -9 28
-9 -8 -29
-9 -8 29
-9 -7 -29
-9 -7 29
-9 -6 -29
-9 -6 29
-9 -5 -29
-9 -5 29
-9 -4 -29
-9 -4 29
-9 -3 -30
-9 -3 30
-9 -2 -30
-9 -2 30
-9 -1 -30
-9 -1 30
-9 0 -30
-9 0 30
-9 1 -30
-9 1 30
-9 2 -30
-9 2 30
-9 3 -30
-9 3 30
-9 4 -29
-9 4 29
-9 5 -29
-9 5 29
-9 6 -29
-9 6 29
-9 7 -29
-9 7 29
-9 8 -29
-9 8 29
-9 9 -28
-9 9 28
-9 10 -28
-9 10 28
-9 11 -28
-9 11 28
-9 12 -27
-9 12 27
-9 13 -27
-9 13 27
-9 14 -26
-9 14 26
-9 15 -26
-9 15 26
-9 16 -25
-9 16 25
-9 17 -24
-9 17 24
-9 18 -24
-9 18 24
-9 19 -23
-9 19 23
-9 20 -22
-9 20 22
-9 21 -21
-9 21 21
-9 22 -20
-9 22 20
-9 23 -19
-9 23 19
-9 24 -18
-9 24 -17
-9 24 17
-9 24 18
-9 25 -16
-9 25 16
-9 26 -15
-9 26 -14
-9 26 14
-9 26 15
-9 27 -13
-9 27 -12
-9 27 12
-9 27 13
-9 28 -11
-9 28 -10
-9 28 -9
-9 28 9
-9 28 10
-9 28 11
-9 29 -8
-9 29 -7
-9 29 -6
-9 29 -5
-9 29 -4
-9 29 4
-9 29 5
-9 29 6
-9 29 7
-9 29 8
-9 30 -3
-9 30 -2
-9 30 -1
-9 30 0
-9 30 1
-9 30 2
-9 30 3
-8 -30 -5
-8 -30 -4
-8 -30 -3
-8 -30 -2
-8 -30 -1
-8 -30 0
-8 -30 1
-8 -30 2
-8 -30 3
-8 -30 4
-8 -30 5
-8 -29 -9
-8 -29 -8
-8 -29 -7
-8 -29 -6
-8 -29 6
-8 -29 7
-8 -29 8
-8 -29 9
-8 -28 -12
-8 -28 -11
-8 -28 -10
-8 -28 10
-8 -28 11
-8 -28 12
-8 -27 -14
-8 -27 -13
-8 -27 13
-8 -27 14
-8 -26 -15
-8 -26 15
-8 -25 -17
-8 -25 -16
-8 -25 16
-8 -25 17
-8 -24 -18
-8 -24 18
-8 -23 -19
-8 -23 19
-8 -22 -21
-8 -22 -20
-8 -22 20
-8 -22 21
-8 -21 -22
-8 -21 22
-8 -20 -22
-8 -20 22
-8 -19 -23
-8 -19 23
-8 -18 -24
-8 -18 24
-8 -17 -25
-8 -17 25
-8 -16 -25
-8 -16 25
-8 -15 -26
-8 -15 26
-8 -14 -27
-8 -14 27
-8 -13 -27
-8 -13 27
-8 -12 -28
-8 -12 28
-8 -11 -28
-8 -11 28
-8 -10 -28
-8 -10 28
-8 -9 -29
-8 -9 29
-8 -8 -29
-8 -8 29
-8 -7 -29
-8 -7 29
-8 -6 -29
-8 -6 29
-8 -5 -30
-8 -5 30
-8 -4 -30
-8 -4 30
-8 -3 -30
-8 -3 30
-8 -2 -30
-8 -2 30
-8 -1 -30
-8 -1 30
-8 0 -30
-8 0 30
-8 1 -30
-8 1 30
-8 2 -30
-8 2 30
-8 3 -30
-8 3 30
-8 4 -30
-8 4 30
-8 5 -30
-8 5 30
-8 6 -29
-8 6 29
-8 7 -29
-8 7 29
-8 8 -29
-8 8 29
-8 9 -29
-8 9 29
-8 10 -28
-8 10 28
-8 11 -28
-8 11 28
-8 12 -28
-8 12 28
-8 13 -27
-8 13 27
-8 14 -27
-8 14 27
-8 15 -26
-8 15 26
-8 16 -25
-8 16 25
-8 17 -25
-8 17 25
-8 18 -24
-8 18 24
-8 19 -23
-8 19 23
-8 20 -22
-8 20 22
-8 21 -22
-8 21 22
-8 22 -21
-8 22 -20
-8 22 20
-8 22 21
-8 23 -19
-8 23 19
-8 24 -18
-8 24 18
-8 25 -17
-8 25 -16
-8 25 16
-8 25 17
-8 26 -15
-8 26 15
-8 27 -14
-8 27 -13
-8 27 13
-8 27 14
-8 28 -12
-8 28 -11
-8 28 -10
-8 28 10
-8 28 11
-8 28 12
-8 29 -9
-8 29 -8
-8 29 -7
-8 29 -6
-8 29 6
-8 29 7
-8 29 8
-8 29 9
-8 30 -5
-8 30 -4
-8 30 -3
-8 30 -2
-8 30 -1
-8 30 0
-8 30 1
-8 30 2
-8 30 3
-8 30 4
-8 30 5
-7 -30 -6
-7 -30 -5
-7 -30 -4
-7 -30 -3
-7 -30 -2
-7 -30 -1
-7 -30 0
-7 -30 1
-7 -30 2
-7 -30 3
-7 -30 4
-7 -30 5
-7 -30 6
-7 -29 -10
-7 -29 -9
-7 -29 -8
-7 -29 -7
-7 -29 7
-7 -29 8
-7 -29 9
-7 -29 10
-7 -28 -12
-7 -28 -11
-7 -28 11
-7 -28 12
-7 -27 -14
-7 -27 -13
-7 -27 13
-7 -27 14
-7 -26 -16
-7 -26 -15
-7 -26 15
-7 -26 16
-7 -25 -17
-7 -25 17
-7 -24 -19
-7 -24 -18
-7 -24 18
-7 -24 19
-7 -23 -20
-7 -23 20
-7 -22 -21
-7 -22 21
-7 -21 -22
-7 -21 22
-7 -20 -23
-7 -20 23
-7 -19 -24
-7 -19 24
-7 -18 -24
-7 -18 24
-7 -17 -25
-7 -17 25
-7 -16 -26
-7 -16 26
-7 -15 -26
-7 -15 26
-7 -14 -27
-7 -14 27
-7 -13 -27
-7 -13 27
-7 -12 -28
-7 -12 28
-7 -11 -28
-7 -11 28
-7 -10 -29
-7 -10 29
-7 -9 -29
-7 -9 29
-7 -8 -29
-7 -8 29
-7 -7 -29
-7 -7 29
-7 -6 -30
-7 -6 30
-7 -5 -30
-7 -5 30
-7 -4 -30
-7 -4 30
-7 -3 -30
-7 -3 30
-7 -2 -30
-7 -2 30
-7 -1 -30
-7 -1 30
-7 0 -30
-7 0 30
-7 1 -30
-7 1 30
-7 2 -30
-7 2 30
-7 3 -30
-7 3 30
-7 4 -30
-7 4 30
-7 5 -30
-7 5 30
-7 6 -30
-7 6 30
-7 7 -29
-7 7 29
-7 8 -29
-7 8 29
-7 9 -29
-7 9 29
-7 10 -29
-7 10 29
-7 11 -28
-7 11 28
-7 12 -28
-7 12 28
-7 13 -27
-7 13 27
-7 14 -27
-7 14 27
-7 15 -26
-7 15 26
-7 16 -26
-7 16 26
-7 17 -25
-7 17 25
-7 18 -24
-7 18 24
-7 19 -24
-7 19 24
-7 20 -23
-7 20 23
-7 21 -22
-7 21 22
-7 22 -21
-7 22 21
-7 23 -20
-7 23 20
-7 24 -19
-7 24 -18
-7 24 18
-7 24 19
-7 25 -17
-7 25 17
-7 26 -16
-7 26 -15
-7 26 15
-7 26 16
-7 27 -14
-7 27 -13
-7 27 13
-7 27 14
-7 28 -12
-7 28 -11
-7 28 11
-7 28 12
-7 29 -10
-7 29 -9
-7 29 -8
-7 29 -7
-7 29 7
-7 29 8
-7 29 9
-7 29 10
-7 30 -6
-7 30 -5
-7 30 -4
-7 30 -3
-7 30 -2
-7 30 -1
-7 30 0
-7 30 1
-7 30 2
-7 30 3
-7 30 4
-7 30 5
-7 30 6
-6 -30 -7
-6 -30 -6
-6 -30 -5
-6 -30 -4
-6 -30 -3
-6 -30 -2
-6 -30 -1
-6 -30 0
-6 -30 1
-6 -30 2
-6 -30 3
-6 -30 4
-6 -30 5
-6 -30 6
-6 -30 7
-6 -29 -10
-6 -29 -9
-6 -29 -8
-6 -29 8
-6 -29 9
-6 -29 10
-6 -28 -13
-6 -28 -12
-6 -28 -11
-6 -28 11
-6 -28 12
-6 -28 13
-6 -27 -15
-6 -27 -14
-6 -27 14
-6 -27 15
-6 -26 -16
-6 -26 16
-6 -25 -18
-6 -25 -17
-6 -25 17
-6 -25 18
-6 -24 -19
-6 -24 19
-6 -23 -20
-6 -23 20
-6 -22 -21
-6 -22 21
-6 -21 -22
-6 -21 22
-6 -20 -23
-6 -20 23
-6 -19 -24
-6 -19 24
-6 -18 -25
-6 -18 25
-6 -17 -25
-6 -17 25
-6 -16 -26
-6 -16 26
-6 -15 -27
-6 -15 27
-6 -14 -27
-6 -14 27
-6 -13 -28
-6 -13 28
-6 -12 -28
-6 -12 28
-6 -11 -28
-6 -11 28
-6 -10 -29
-6 -10 29
-6 -9 -29
-6 -9 29
-6 -8 -29
-6 -8 29
-6 -7 -30
-6 -7 30
-6 -6 -30
-6 -6 30
-6 -5 -30
-6 -5 30
-6 -4 -30
-6 -4 30
-6 -3 -30
-6 -3 30
-6 -2 -30
-6 -2 30
-6 -1 -30
-6 -1 30
-6 0 -30
-6 0 30
-6 1 -30
-6 1 30
-6 2 -30
-6 2 30
-6 3 -30
-6 3 30
-6 4 -30
-6 4 30
-6 5 -30
-6 5 30
-6 6 -30
-6 6 30
-6 7 -30
-6 7 30
-6 8 -29
-6 8 29
-6 9 -29
-6 9 29
-6 10 -29
-6 10 29
-6 11 -28
-6 11 28
-6 12 -28
-6 12 28
-6 13 -28
-6 13 28
-6 14 -27
-6 14 27
-6 15 -27
-6 15 27
-6 16 -26
-6 16 26
-6 17 -25
-6 17 25
-6 18 -25
-6 18 25
-6 19 -24
-6 19 24
-6 20 -23
-6 20 23
-6 21 -22
-6 21 22
-6 22 -21
-6 22 21
-6 23 -20
-6 23 20
-6 24 -19
-6 24 19
-6 25 -18
-6 25 -17
-6 25 17
-6 25 18
-6 26 -16
-6 26 16
-6 27 -15
-6 27 -14
-6 27 14
-6 27 15
-6 28 -13
-6 28 -12
-6 28 -11
-6 28 11
-6 28 12
-6 28 13
-6 29 -10
-6 29 -9
-6 29 -8
-6 29 8
-6 29 9
-6 29 10
-6 30 -7
-6 30 -6
-6 30 -5
-6 30 -4
-6 30 -3
-6 30 -2
-6 30 -1
-6 30 0
-6 30 1
-6 30 2
-6 30 3
-6 30 4
-6 30 5
-6 30 6
-6 30 7
-5 -31 -2
-5 -31 -1
-5 -31 0
-5 -31 1
-5 -31 2
-5 -30 -8
-5 -30 -7
-5 -30 -6
-5 -30 -5
-5 -30 -4
-5 -30 -3
-5 -30 3
-5 -30 4
-5 -30 5
-5 -30 6
-5 -30 7
-5 -30 8
-5 -29 -11
-5 -29 -10
-5 -29 -9
-5 -29 9
-5 -29 10
-5 -29 11
-5 -28 -13
-5 -28 -12
-5 -28 12
-5 -28 13
-5 -27 -15
-5 -27 -14
-5 -27 14
-5 -27 15
-5 -26 -17
-5 -26 -16
-5 -26 16
-5 -26 17
-5 -25 -18
-5 -25 18
-5 -24 -19
-5 -24 19
-5 -23 -20
-5 -23 20
-5 -22 -21
-5 -22 21
-5 -21 -22
-5 -21 22
-5 -20 -23
-5 -20 23
-5 -19 -24
-5 -19 24
-5 -18 -25
-5 -18 25
-5 -17 -26
-5 -17 26
-5 -16 -26
-5 -16 26
-5 -15 -27
-5 -15 27
-5 -14 -27
-5 -14 27
-5 -13 -28
-5 -13 28
-5 -12 -28
-5 -12 28
-5 -11 -29
-5 -11 29
-5 -10 -29
-5 -10 29
-5 -9 -29
-5 -9 29
-5 -8 -30
-5 -8 30
-5 -7 -30
-5 -7 30
-5 -6 -30
-5 -6 30
-5 -5 -30
-5 -5 30
-5 -4 -30
-5 -4 30
-5 -3 -30
-5 -3 30
-5 -2 -31
-5 -2 31
-5 -1 -31
-5 -1 31
-5 0 -31
-5 0 31
-5 1 -31
-5 1 31
-5 2 -31
-5 2 31
-5 3 -30
-5 3 30
-5 4 -30
-5 4 30
-5 5 -30
-5 5 30
-5 6 -30
-5 6 30
-5 7 -30
-5 7 30
-5 8 -30
-5 8 30
-5 9 -29
-5 9 29
-5 10 -29
-5 10 29
-5 11 -29
-5 11 29
-5 12 -28
-5 12 28
-5 13 -28
-5 13 28
-5 14 -27
-5 14 27
-5 15 -27
-5 15 27
-5 16 -26
-5 16 26
-5 17 -26
-5 17 26
-5 18 -25
-5 18 25
-5 19 -24
-5 19 24
-5 20 -23
-5 20 23
-5 21 -22
-5 21 22
-5 22 -21
-5 22 21
-5 23 -20
-5 23 20
-5 24 -19
-5 24 19
-5 25 -18
-5 25 18
-5 26 -17
-5 26 -16
-5 26 16
-5 26 17
-5 27 -15
-5 27 -14
-5 27 14
-5 27 15
-5 28 -13
-5 28 -12
-5 28 12
-5 28 13
-5 29 -11
-5 29 -10
-5 29 -9
-5 29 9
-5 29 10
-5 29 11
-5 30 -8
-5 30 -7
-5 30 -6
-5 30 -5
-5 30 -4
-5 30 -3
-5 30 3
-5 30 4
-5 30 5
-5 30 6
-5 30 7
-5 30 8
-5 31 -2
-5 31 -1
-5 31 0
-5 31 1
-5 31 2
-4 -31 -3
-4 -31 -2
-4 -31 -1
-4 -31 0
-4 -31 1
-4 -31 2
-4 -31 3
-4 -30 -8
-4 -30 -7
-4 -30 -6
-4 -30 -5
-4 -30 -4
-4 -30 4
-4 -30 5
-4 -30 6
-4 -30 7
-4 -30 8
-4 -29 -11
-4 -29 -10
-4 -29 -9
-4 -29 9
-4 -29 10
-4 -29 11
-4 -28 -13
-4 -28 -12
-4 -28 12
-4 -28 13
-4 -27 -15
-4 -27 -14
-4 -27 14
-4 -27 15
-4 -26 -17
-4 -26 -16
-4 -26 16
-4 -26 17
-4 -25 -18
-4 -25 18
-4 -24 -20
-4 -24 -19
-4 -24 19
-4 -24 20
-4 -23 -21
-4 -23 21
-4 -22 -22
-4 -22 22
-4 -21 -23
-4 -21 23
-4 -20 -24
-4 -20 24
-4 -19 -24
-4 -19 24
-4 -18 -25
-4 -18 25
-4 -17 -26
-4 -17 26
-4 -16 -26
-4 -16 26
-4 -15 -27
-4 -15 27
-4 -14 -27
-4 -14 27
-4 -13 -28
-4 -13 28
-4 -12 -28
-4 -12 28
-4 -11 -29
-4 -11 29
-4 -10 -29
-4 -10 29
-4 -9 -29
-4 -9 29
-4 -8 -30
-4 -8 30
-4 -7 -30
-4 -7 30
-4 -6 -30
-4 -6 30
-4 -5 -30
-4 -5 30
-4 -4 -30
-4 -4 30
-4 -3 -31
-4 -3 31
-4 -2 -31
-4 -2 31
-4 -1 -31
-4 -1 31
-4 0 -31
-4 0 31
-4 1 -31
-4 1 31
-4 2 -31
-4 2 31
-4 3 -31
-4 3 31
-4 4 -30
-4 4 30
-4 5 -30
-4 5 30
-4 6 -30
-4 6 30
-4 7 -30
-4 7 30
-4 8 -30
-4 8 30
-4 9 -29
-4 9 29
-4 10 -29
-4 10 29
-4 11 -29
-4 11 29
-4 12 -28
-4 12 28
-4 13 -28
-4 13 28
-4 14 -27
-4 14 27
-4 15 -27
-4 15 27
-4 16 -26
-4 16 26
-4 17 -26
-4 17 26
-4 18 -25
-4 18 25
-4 19 -24
-4 19 24
-4 20 -24
-4 20 24
-4 21 -23
-4 21 23
-4 22 -22
-4 22 22
-4 23 -21
-4 23 21
-4 24 -20
-4 24 -19
-4 24 19
-4 24 20
-4 25 -18
-4 25 18
-4 26 -17
-4 26 -16
-4 26 16
-4 26 17
-4 27 -15
-4 27 -14
-4 27 14
-4 27 15
-4 28 -13
-4 28 -12
-4 28 12
-4 28 13
-4 29 -11
-4 29 -10
-4 29 -9
-4 29 9
-4 29 10
-4 29 11
-4 30 -8
-4 30 -7
-4 30 -6
-4 30 -5
-4 30 -4
-4 30 4
-4 30 5
-4 30 6
-4 30 7
-4 30 8
-4 31 -3
-4 31 -2
-4 31 -1
-4 31 0
-4 31 1
-4 31 2
-4 31 3
-3 -31 -4
-3 -31 -3
-3 -31 -2
-3 -31 -1
-3 -31 0
-3 -31 1
-3 -31 2
-3 -31 3
-3 -31 4
-3 -30 -9
-3 -30 -8
-3 -30 -7
-3 -30 -6
-3 -30 -5
-3 -30 5
-3 -30 6
-3 -30 7
-3 -30 8
-3 -30 9
-3 -29 -11
-3 -29 -10
-3 -29 10
-3 -29 11
-3 -28 -14
-3 -28 -13
-3 -28 -12
-3 -28 12
-3 -28 13
-3 -28 14
-3 -27 -15
-3 -27 15
-3 -26 -17
-3 -26 -16
-3 -26 16
-3 -26 17
-3 -25 -18
-3 -25 18
-3 -24 -20
-3 -24 -19
-3 -24 19
-3 -24 20
-3 -23 -21
-3 -23 21
-3 -22 -22
-3 -22 22
-3 -21 -23
-3 -21 23
-3 -20 -24
-3 -20 24
-3 -19 -24
-3 -19 24
-3 -18 -25
-3 -18 25
-3 -17 -26
-3 -17 26
-3 -16 -26
-3 -16 26
-3 -15 -27
-3 -15 27
-3 -14 -28
-3 -14 28
-3 -13 -28
-3 -13 28
-3 -12 -28
-3 -12 28
-3 -11 -29
-3 -11 29
-3 -10 -29
-3 -10 29
-3 -9 -30
-3 -9 30
-3 -8 -30
-3 -8 30
-3 -7 -30
-3 -7 30
-3 -6 -30
-3 -6 30
-3 -5 -30
-3 -5 30
-3 -4 -31
-3 -4 31
-3 -3 -31
-3 -3 31
-3 -2 -31
-3 -2 31
-3 -1 -31
-3 -1 31
-3 0 -31
-3 0 31
-3 1 -31
-3 1 31
-3 2 -31
-3 2 31
-3 3 -31
-3 3 31
-3 4 -31
-3 4 31
-3 5 -30
-3 5 30
-3 6 -30
-3 6 30
-3 7 -30
-3 7 30
-3 8 -30
-3 8 30
-3 9 -30
-3 9 30
-3 10 -29
-3 10 29
-3 11 -29
-3 11 29
-3 12 -28
-3 12 28
-3 13 -28
-3 13 28
-3 14 -28
-3 14 28
-3 15 -27
-3 15 27
-3 16 -26
-3 16 26
-3 17 -26
-3 17 26
-3 18 -25
-3 18 25
-3 19 -24
-3 19 24
-3 20 -24
-3 20 24
-3 21 -23
-3 21 23
-3 22 -22
-3 22 22
-3 23 -21
-3 23 21
-3 24 -20
-3 24 -19
-3 24 19
-3 24 20
-3 25 -18
-3 25 18
-3 26 -17
-3 26 -16
-3 26 16
-3 26 17
-3 27 -15
-3 27 15
-3 28 -14
-3 28 -13
-3 28 -12
-3 28 12
-3 28 13
-3 28 14
-3 29 -11
-3 29 -10
-3 29 10
-3 29 11
-3 30 -9
-3 30 -8
-3 30 -7
-3 30 -6
-3 30 -5
-3 30 5
-3 30 6
-3 30 7
-3 30 8
-3 30 9
-3 31 -4
-3 31 -3
-3 31 -2
-3 31 -1
-3 31 0
-3 31 1
-3 31 2
-3 31 3
-3 31 4
-2 -31 -5
-2 -31 -4
-2 -31 -3
-2 -31 -2
-2 -31 -1
-2 -31 0
-2 -31 1
-2 -31 2
-2 -31 3
-2 -31 4
-2 -31 5
-2 -30 -9
-2 -30 -8
-2 -30 -7
-2 -30 -6
-2 -30 6
-2 -30 7
-2 -30 8
-2 -30 9
-2 -29 -12
-2 -29 -11
-2 -29 -10
-2 -29 10
-2 -29 11
-2 -29 12
-2 -28 -14
-2 -28 -13
-2 -28 13
-2 -28 14
-2 -27 -16
-2 -27 -15
-2 -27 15
-2 -27 16
-2 -26 -17
-2 -26 17
-2 -25 -19
-2 -25 -18
-2 -25 18
-2 -25 19
-2 -24 -20
-2 -24 20
-2 -23 -21
-2 -23 21
-2 -22 -22
-2 -22 22
-2 -21 -23
-2 -21 23
-2 -20 -24
-2 -20 24
-2 -19 -25
-2 -19 25
-2 -18 -25
-2 -18 25
-2 -17 -26
-2 -17 26
-2 -16 -27
-2 -16 27
-2 -15 -27
-2 -15 27
-2 -14 -28
-2 -14 28
-2 -13 -28
-2 -13 28
-2 -12 -29
-2 -12 29
-2 -11 -29
-2 -11 29
-2 -10 -29
-2 -10 29
-2 -9 -30
-2 -9 30
-2 -8 -30
-2 -8 30
-2 -7 -30
-2 -7 30
-2 -6 -30
-2 -6 30
-2 -5 -31
-2 -5 31
-2 -4 -31
-2 -4 31
-2 -3 -31
-2 -3 31
-2 -2 -31
-2 -2 31
-2 -1 -31
-2 -1 31
-2 0 -31
-2 0 31
-2 1 -31
-2 1 31
-2 2 -31
-2 2 31
-2 3 -31
-2 3 31
-2 4 -31
-2 4 31
-2 5 -31
-2 5 31
-2 6 -30
-2 6 30
-2 7 -30
-2 7 30
-2 8 -30
-2 8 30
-2 9 -30
-2 9 30
-2 10 -29
-2 10 29
-2 11 -29
-2 11 29
-2 12 -29
-2 12 29
-2 13 -28
-2 13 28
-2 14 -28
-2 14 28
-2 15 -27
-2 15 27
-2 16 -27
-2 16 27
-2 17 -26
-2 17 26
-2 18 -25
-2 18 25
-2 19 -25
-2 19 25
-2 20 -24
-2 20 24
-2 21 -23
-2 21 23
-2 22 -22
-2 22 22
-2 23 -21
-2 23 21
-2 24 -20
-2 24 20
-2 25 -19
-2 25 -18
-2 25 18
-2 25 19
-2 26 -17
-2 26 17
-2 27 -16
-2 27 -15
-2 27 15
-2 27 16
-2 28 -14
-2 28 -13
-2 28 13
-2 28 14
-2 29 -12
-2 29 -11
-2 29 -10
-2 29 10
-2 29 11
-2 29 12
-2 30 -9
-2 30 -8
-2 30 -7
-2 30 -6
-2 30 6
-2 30 7
-2 30 8
-2 30 9
-2 31 -5
-2 31 -4
-2 31 -3
-2 31 -2
-2 31 -1
-2 31 0
-2 31 1
-2 31 2
-2 31 3
-2 31 4
-2 31 5
-1 -31 -5
-1 -31 -4
-1 -31 -3
-1 -31 -2
-1 -31 -1
-1 -31 0
-1 -31 1
-1 -31 2
-1 -31 3
-1 -31 4
-1 -31 5
-1 -30 -9
-1 -30 -8
-1 -30 -7
-1 -30 -6
-1 -30 6
-1 -30 7
-1 -30 8
-1 -30 9
-1 -29 -12
-1 -29 -11
-1 -29 -10
-1 -29 10
-1 -29 11
-1 -29 12
-1 -28 -14
-1 -28 -13
-1 -28 13
-1 -28 14
-1 -27 -16
-1 -27 -15
-1 -27 15
-1 -27 16
-1 -26 -17
-1 -26 17
-1 -25 -19
-1 -25 -18
-1 -25 18
-1 -25 19
-1 -24 -20
-1 -24 20
-1 -23 -21
-1 -23 21
-1 -22 -22
-1 -22 22
-1 -21 -23
-1 -21 23
-1 -20 -24
-1 -20 24
-1 -19 -25
-1 -19 25
-1 -18 -25
-1 -18 25
-1 -17 -26
-1 -17 26
-1 -16 -27
-1 -16 27
-1 -15 -27
-1 -15 27
-1 -14 -28
-1 -14 28
-1 -13 -28
-1 -13 28
-1 -12 -29
-1 -12 29
-1 -11 -29
-1 -11 29
-1 -10 -29
-1 -10 29
-1 -9 -30
-1 -9 30
-1 -8 -30
-1 -8 30
-1 -7 -30
-1 -7 30
-1 -6 -30
-1 -6 30
-1 -5 -31
-1 -5 31
-1 -4 -31
-1 -4 31
-1 -3 -31
-1 -3 31
-1 -2 -31
-1 -2 31
-1 -1 -31
-1 -1 31
-1 0 -31
-1 0 31
-1 1 -31
-1 1 31
-1 2 -31
-1 2 31
-1 3 -31
-1 3 31
-1 4 -31
-1 4 31
-1 5 -31
-1 5 31
-1 6 -30
-1 6 30
-1 7 -30
-1 7 30
-1 8 -30
-1 8 30
-1 9 -30
-1 9 30
-1 10 -29
-1 10 29
-1 11 -29
-1 11 29
-1 12 -29
-1 12 29
-1 13 -28
-1 13 28
-1 14 -28
-1 14 28
-1 15 -27
-1 15 27
-1 16 -27
-1 16 27
-1 17 -26
-1 17 26
-1 18 -25
-1 18 25
-1 19 -25
-1 19 25
-1 20 -24
-1 20 24
-1 21 -23
-1 21 23
-1 22 -22
-1 22 22
-1 23 -21
-1 23 21
-1 24 -20
-1 24 20
-1 25 -19
-1 25 -18
-1 25 18
-1 25 19
-1 26 -17
-1 26 17
-1 27 -16
-1 27 -15
-1 27 15
-1 27 16
-1 28 -14
-1 28 -13
-1 28 13
-1 28 14
-1 29 -12
-1 29 -11
-1 29 -10
-1 29 10
-1 29 11
-1 29 12
-1 30 -9
-1 30 -8
-1 30 -7
-1 30 -6
-1 30 6
-1 30 7
-1 30 8
-1 30 9
-1 31 -5
-1 31 -4
-1 31 -3
-1 31 -2
-1 31 -1
-1 31 0
-1 31 1
-1 31 2
-1 31 3
-1 31 4
-1 31 5
0 -31 -5
0 -31 -4
0 -31 -3
0 -31 -2
0 -31 -1
0 -31 0
0 -31 1
0 -31 2
0 -31 3
0 -31 4
0 -31 5
0 -30 -9
0 -30 -8
0 -30 -7
0 -30 -6
0 -30 6
0 -30 7
0 -30 8
0 -30 9
0 -29 -12
0 -29 -11
0 -29 -10
0 -29 10
0 -29 11
0 -29 12
0 -28 -14
0 -28 -13
0 -28 13
0 -28 14
0 -27 -16
0 -27 -15
0 -27 15
0 -27 16
0 -26 -17
0 -26 17
0 -25 -19
0 -25 -18
0 -25 18
0 -25 19
0 -24 -20
0 -24 20
0 -23 -21
0 -23 21
0 -22 -22
0 -22 22
0 -21 -23
0 -21 23
0 -20 -24
0 -20 24
0 -19 -25
0 -19 25
0 -18 -25
0 -18 25
0 -17 -26
0 -17 26
0 -16 -27
0 -16 27
0 -15 -27
0 -15 27
0 -14 -28
0 -14 28
0 -13 -28
0 -13 28
0 -12 -29
0 -12 29
0 -11 -29
0 -11 29
0 -10 -29
0 -10 29
0 -9 -30
0 -9 30
0 -8 -30
0 -8 30
0 -7 -30
0 -7 30
0 -6 -30
0 -6 30
0 -5 -31
0 -5 31
0 -4 -31
0 -4 31
0 -3 -31
0 -3 31
0 -2 -31
0 -2 31
0 -1 -31
0 -1 31
0 0 -31
0 0 31
0 1 -31
0 1 31
0 2 -31
0 2 31
0 3 -31
0 3 31
0 4 -31
0 4 31
0 5 -31
0 5 31
0 6 -30
0 6 30
0 7 -30
0 7 30
0 8 -30
0 8 30
0 9 -30
0 9 30
0 10 -29
0 10 29
0 11 -29
0 11 29
0 12 -29
0 12 29
0 13 -28
0 13 28
0 14 -28
0 14 28
0 15 -27
0 15 27
0 16 -27
0 16 27
0 17 -26
0 17 26
0 18 -25
0 18 25
0 19 -25
0 19 25
0 20 -24
0 20 24
0 21 -23
0 21 23
0 22 -22
0 22 22
0 23 -21
0 23 21
0 24 -20
0 24 20
0 25 -19
0 25 -18
0 25 18
0 25 19
0 26 -17
0 26 17
0 27 -16
0 27 -15
0 27 15
0 27 16
0 28 -14
0 28 -13
0 28 13
0 28 14
0 29 -12
0 29 -11
0 29 -10
0 29 10
0 29 11
0 29 12
0 30 -9
0 30 -8
0 30 -7
0 30 -6
0 30 6
0 30 7
0 30 8
0 30 9
0 31 -5
0 31 -4
0 31 -3
0 31 -2
0 31 -1
0 31 0
0 31 1
0 31 2
0 31 3
0 31 4
0 31 5
1 -31 -5
1 -31 -4
1 -31 -3
1 -31 -2
1 -31 -1
1 -31 0
1 -31 1
1 -31 2
1 -31 3
1 -31 4
1 -31 5
1 -30 -9
1 -30 -8
1 -30 -7
1 -30 -6
1 -30 6
1 -30 7
1 -30 8
1 -30 9
1 -29 -12
1 -29 -11
1 -29 -10
1 -29 10
1 -29 11
1 -29 12
1 -28 -14
1 -28 -13
1 -28 13
1 -28 14
1 -27 -16
1 -27 -15
1 -27 15
1 -27 16
1 -26 -17
1 -26 17
1 -25 -19
1 -25 -18
1 -25 18
1 -25 19
1 -24 -20
1 -24 20
1 -23 -21
1 -23 21
1 -22 -22
1 -22 22
1 -21 -23
1 -21 23
1 -20 -24
1 -20 24
1 -19 -25
1 -19 25
1 -18 -25
1 -18 25
1 -17 -26
1 -17 26
1 -16 -27
1 -16 27
1 -15 -27
1 -15 27
1 -14 -28
1 -14 28
1 -13 -28
1 -13 28
1 -12 -29
1 -12 29
1 -11 -29
1 -11 29
1 -10 -29
1 -10 29
1 -9 -30
1 -9 30
1 -8 -30
1 -8 30
1 -7 -30
1 -7 30
1 -6 -30
1 -6 30
1 -5 -31
1 -5 31
1 -4 -31
1 -4 31
1 -3 -31
1 -3 31
1 -2 -31
1 -2 31
1 -1 -31
1 -1 31
1 0 -31
1 0 31
1 1 -31
1 1 31
1 2 -31
1 2 31
1 3 -31
1 3 31
1 4 -31
1 4 31
1 5 -31
1 5 31
1 6 -30
1 6 30
1 7 -30
1 7 30
1 8 -30
1 8 30
1 9 -30
1 9 30
1 10 -29
1 10 29
1 11 -29
1 11 29
1 12 -29
1 12 29
1 13 -28
1 13 28
1 14 -28
1 14 28
1 15 -27
1 15 27
1 16 -27
1 16 27
1 17 -26
1 17 26
1 18 -25
1 18 25
1 19 -25
1 19 25
1 20 -24
1 20 24
1 21 -23
1 21 23
1 22 -22
1 22 22
1 23 -21
1 23 21
1 24 -20
1 24 20
1 25 -19
1 25 -18
1 25 18
1 25 19
1 26 -17
1 26 17
1 27 -16
1 27 -15
1 27 15
1 27 16
1 28 -14
1 28 -13
1 28 13
1 28 14
1 29 -12
1 29 -11
1 29 -10
1 29 10
1 29 11
1 29 12
1 30 -9
1 30 -8
1 30 -7
1 30 -6
1 30 6
1 30 7
1 30 8
1 30 9
1 31 -5
1 31 -4
1 31 -3
1 31 -2
1 31 -1
1 31 0
1 31 1
1 31 2
1 31 3
1 31 4
1 31 5
2 -31 -5
2 -31 -4
2 -31 -3
2 -31 -2
2 -31 -1
2 -31 0
2 -31 1
2 -31 2
2 -31 3
2 -31 4
2 -31 5
2 -30 -9
2 -30 -8
2 -30 -7
2 -30 -6
2 -30 6
2 -30 7
2 -30 8
2 -30 9
2 -29 -12
2 -29 -11
2 -29 -10
2 -29 10
2 -29 11
2 -29 12
2 -28 -14
2 -28 -13
2 -28 13
2 -28 14
2 -27 -16
2 -27 -15
2 -27 15
2 -27 16
2 -26 -17
2 -26 17
2 -25 -19
2 -25 -18
2 -25 18
2 -25 19
2 -24 -20
2 -24 20
2 -23 -21
2 -23 21
2 -22 -22
2 -22 22
2 -21 -23
2 -21 23
2 -20 -24
2 -20 24
2 -19 -25
2 -19 25
2 -18 -25
2 -18 25
2 -17 -26
2 -17 26
2 -16 -27
2 -16 27
2 -15 -27
2 -15 27
2 -14 -28
2 -14 28
2 -13 -28
2 -13 28
2 -12 -29
2 -12 29
2 -11 -29
2 -11 29
2 -10 -29
2 -10 29
2 -9 -30
2 -9 30
2 -8 -30
2 -8 30
2 -7 -30
2 -7 30
2 -6 -30
2 -6 30
2 -5 -31
2 -5 31
2 -4 -31
2 -4 31
2 -3 -31
2 -3 31
2 -2 -31
2 -2 31
2 -1 -31
2 -1 31
2 0 -31
2 0 31
2 1 -31
2 1 31
2 2 -31
2 2 31
2 3 -31
2 3 31
2 4 -31
2 4 31
2 5 -31
2 5 31
2 6 -30
2 6 30
2 7 -30
2 7 30
2 8 -30
2 8 30
2 9 -30
2 9 30
2 10 -29
2 10 29
2 11 -29
2 11 29
2 12 -29
2 12 29
2 13 -28
2 13 28
2 14 -28
2 14 28
2 15 -27
2 15 27
2 16 -27
2 16 27
2 17 -26
2 17 26
2 18 -25
2 18 25
2 19 -25
2 19 25
2 20 -24
2 20 24
2 21 -23
2 21 23
2 22 -22
2 22 22
2 23 -21
2 23 21
2 24 -20
2 24 20
2 25 -19
2 25 -18
2 25 18
2 25 19
2 26 -17
2 26 17
2 27 -16
2 27 -15
2 27 15
2 27 16
2 28 -14
2 28 -13
2 28 13
2 28 14
2 29 -12
2 29 -11
2 29 -10
2 29 10
2 29 11
2 29 12
2 30 -9
2 30 -8
2 30 -7
2 30 -6
2 30 6
2 30 7
2 30 8
2 30 9
2 31 -5
2 31 -4
2 31 -3
2 31 -2
2 31 -1
2 31 0
2 31 1
2 31 2
2 31 3
2 31 4
2 31 5
3 -31 -4
3 -31 -3
3 -31 -2
3 -31 -1
3 -31 0
3 -31 1
3 -31 2
3 -31 3
3 -31 4
3 -30 -9
3 -30 -8
3 -30 -7
3 -30 -6
3 -30 -5
3 -30 5
3 -30 6
3 -30 7
3 -30 8
3 -30 9
3 -29 -11
3 -29 -10
3 -29 10
3 -29 11
3 -28 -14
3 -28 -13
3 -28 -12
3 -28 12
3 -28 13
3 -28 14
3 -27 -15
3 -27 15
3 -26 -17
3 -26 -16
3 -26 16
3 -26 17
3 -25 -18
3 -25 18
3 -24 -20
3 -24 -19
3 -24 19
3 -24 20
3 -23 -21
3 -23 21
3 -22 -22
3 -22 22
3 -21 -23
3 -21 23
3 -20 -24
3 -20 24
3 -19 -24
3 -19 24
3 -18 -25
3 -18 25
3 -17 -26
3 -17 26
3 -16 -26
3 -16 26
3 -15 -27
3 -15 27
3 -14 -28
3 -14 28
3 -13 -28
3 -13 28
3 -12 -28
3 -12 28
3 -11 -29
3 -11 29
3 -10 -29
3 -10 29
3 -9 -30
3 -9 30
3 -8 -30
3 -8 30
3 -7 -30
3 -7 30
3 -6 -30
3 -6 30
3 -5 -30
3 -5 30
3 -4 -31
3 -4 31
3 -3 -31
3 -3 31
3 -2 -31
3 -2 31
3 -1 -31
3 -1 31
3 0 -31
3 0 31
3 1 -31
3 1 31
3 2 -31
3 2 31
3 3 -31
3 3 31
3 4 -31
3 4 31
3 5 -30
3 5 30
3 6 -30
3 6 30
3 7 -30
3 7 30
3 8 -30
3 8 30
3 9 -30
3 9 30
3 10 -29
3 10 29
3 11 -29
3 11 29
3 12 -28
3 12 28
3 13 -28
3 13 28
3 14 -28
3 14 28
3 15 -27
3 15 27
3 16 -26
3 16 26
3 17 -26
3 17 26
3 18 -25
3 18 25
3 19 -24
3 19 24
3 20 -24
3 20 24
3 21 -23
3 21 23
3 22 -22
3 22 22
3 23 -21
3 23 21
3 24 -20
3 24 -19
3 24 19
3 24 20
3 25 -18
3 25 18
3 26 -17
3 26 -16
3 26 16
3 26 17
3 27 -15
3 27 15
3 28 -14
3 28 -13
3 28 -12
3 28 12
3 28 13
3 28 14
3 29 -11
3 29 -10
3 29 10
3 29 11
3 30 -9
3 30 -8
3 30 -7
3 30 -6
3 30 -5
3 30 5
3 30 6
3 30 7
3 30 8
3 30 9
3 31 -4
3 31 -3
3 31 -2
3 31 -1
3 31 0
3 31 1
3 31 2
3 31 3
3 31 4
4 -31 -3
4 -31 -2
4 -31 -1
4 -31 0
4 -31 1
4 -31 2
4 -31 3
4 -30 -8
4 -30 -7
4 -30 -6
4 -30 -5
4 -30 -4
4 -30 4
4 -30 5
4 -30 6
4 -30 7
4 -30 8
4 -29 -11
4 -29 -10
4 -29 -9
4 -29 9
4 -29 10
4 -29 11
4 -28 -13
4 -28 -12
4 -28 12
4 -28 13
4 -27 -15
4 -27 -14
4 -27 14
4 -27 15
4 -26 -17
4 -26 -16
4 -26 16
4 -26 17
4 -25 -18
4 -25 18
4 -24 -20
4 -24 -19
4 -24 19
4 -24 20
4 -23 -21
4 -23 21
4 -22 -22
4 -22 22
4 -21 -23
4 -21 23
4 -20 -24
4 -20 24
4 -19 -24
4 -19 24
4 -18 -25
4 -18 25
4 -17 -26
4 -17 26
4 -16 -26
4 -16 26
4 -15 -27
4 -15 27
4 -14 -27
4 -14 27
4 -13 -28
4 -13 28
4 -12 -28
4 -12 28
4 -11 -29
4 -11 29
4 -10 -29
4 -10 29
4 -9 -29
4 -9 29
4 -8 -30
4 -8 30
4 -7 -30
4 -7 30
4 -6 -30
4 -6 30
4 -5 -30
4 -5 30
4 -4 -30
4 -4 30
4 -3 -31
4 -3 31
4 -2 -31
4 -2 31
4 -1 -31
4 -1 31
4 0 -31
4 0 31
4 1 -31
4 1 31
4 2 -31
4 2 31
4 3 -31
4 3 31
4 4 -30
4 4 30
4 5 -30
4 5 30
4 6 -30
4 6 30
4 7 -30
4 7 30
4 8 -30
4 8 30
4 9 -29
4 9 29
4 10 -29
4 10 29
4 11 -29
4 11 29
4 12 -28
4 12 28
4 13 -28
4 13 28
4 14 -27
4 14 27
4 15 -27
4 15 27
4 16 -26
4 16 26
4 17 -26
4 17 26
4 18 -25
4 18 25
4 19 -24
4 19 24
4 20 -24
4 20 24
4 21 -23
4 21 23
4 22 -22
4 22 22
4 23 -21
4 23 21
4 24 -20
4 24 -19
4 24 19
4 24 20
4 25 -18
4 25 18
4 26 -17
4 26 -16
4 26 16
4 26 17
4 27 -15
4 27 -14
4 27 14
4 27 15
4 28 -13
4 28 -12
4 28 12
4 28 13
4 29 -11
4 29 -10
4 29 -9
4 29 9
4 29 10
4 29 11
4 30 -8
4 30 -7
4 30 -6
4 30 -5
4 30 -4
4 30 4
4 30 5
4 30 6
4 30 7
4 30 8
4 31 -3
4 31 -2
4 31 -1
4 31 0
4 31 1
4 31 2
4 31 3
5 -31 -2
5 -31 -1
5 -31 0
5 -31 1
5 -31 2
5 -30 -8
5 -30 -7
5 -30 -6
5 -30 -5
5 -30 -4
5 -30 -3
5 -30 3
5 -30 4
5 -30 5
5 -30 6
5 -30 7
5 -30 8
5 -29 -11
5 -29 -10
5 -29 -9
5 -29 9
5 -29 10
5 -29 11
5 -28 -13
5 -28 -12
5 -28 12
5 -28 13
5 -27 -15
5 -27 -14
5 -27 14
5 -27 15
5 -26 -17
5 -26 -16
5 -26 16
5 -26 17
5 -25 -18
5 -25 18
5 -24 -19
5 -24 19
5 -23 -20
5 -23 20
5 -22 -21
5 -22 21
5 -21 -22
5 -21 22
5 -20 -23
5 -20 23
5 -19 -24
5 -19 24
5 -18 -25
5 -18 25
5 -17 -26
5 -17 26
5 -16 -26
5 -16 26
5 -15 -27
5 -15 27
5 -14 -27
5 -14 27
5 -13 -28
5 -13 28
5 -12 -28
5 -12 28
5 -11 -29
5 -11 29
5 -10 -29
5 -10 29
5 -9 -29
5 -9 29
5 -8 -30
5 -8 30
5 -7 -30
5 -7 30
5 -6 -30
5 -6 30
5 -5 -30
5 -5 30
5 -4 -30
5 -4 30
5 -3 -30
5 -3 30
5 -2 -31
5 -2 31
5 -1 -31
5 -1 31
5 0 -31
5 0 31
5 1 -31
5 1 31
5 2 -31
5 2 31
5 3 -30
5 3 30
5 4 -30
5 4 30
5 5 -30
5 5 30
5 6 -30
5 6 30
5 7 -30
5 7 30
5 8 -30
5 8 30
5 9 -29
5 9 29
5 10 -29
5 10 29
5 11 -29
5 11 29
5 12 -28
5 12 28
5 13 -28
5 13 28
5 14 -27
5 14 27
5 15 -27
5 15 27
5 16 -26
5 16 26
5 17 -26
5 17 26
5 18 -25
5 18 25
5 19 -24
5 19 24
5 20 -23
5 20 23
5 21 -22
5 21 22
5 22 -21
5 22 21
5 23 -20
5 23 20
5 24 -19
5 24 19
5 25 -18
5 25 18
5 26 -17
5 26 -16
5 26 16
5 26 17
5 27 -15
5 27 -14
5 27 14
5 27 15
5 28 -13
5 28 -12
5 28 12
5 28 13
5 29 -11
5 29 -10
5 29 -9
5 29 9
5 29 10
5 29 11
5 30 -8
5 30 -7
5 30 -6
5 30 -5
5 30 -4
5 30 -3
5 30 3
5 30 4
5 30 5
5 30 6
5 30 7
5 30 8
5 31 -2
5 31 -1
5 31 0
5 31 1
5 31 2
6 -30 -7
6 -30 -6
6 -30 -5
6 -30 -4
6 -30 -3
6 -30 -2
6 -30 -1
6 -30 0
6 -30 1
6 -30 2
6 -30 3
6 -30 4
6 -30 5
6 -30 6
6 -30 7
6 -29 -10
6 -29 -9
6 -29 -8
6 -29 8
6 -29 9
6 -29 10
6 -28 -13
6 -28 -12
6 -28 -11
6 -28 11
6 -28 12
6 -28 13
6 -27 -15
6 -27 -14
6 -27 14
6 -27 15
6 -26 -16
6 -26 16
6 -25 -18
6 -25 -17
6 -25 17
6 -25 18
6 -24 -19
6 -24 19
6 -23 -20
6 -23 20
6 -22 -21
6 -22 21
6 -21 -22
6 -21 22
6 -20 -23
6 -20 23
6 -19 -24
6 -19 24
6 -18 -25
6 -18 25
6 -17 -25
6 -17 25
6 -16 -26
6 -16 26
6 -15 -27
6 -15 27
6 -14 -27
6 -14 27
6 -13 -28
6 -13 28
6 -12 -28
6 -12 28
6 -11 -28
6 -11 28
6 -10 -29
6 -10 29
6 -9 -29
6 -9 29
6 -8 -29
6 -8 29
6 -7 -30
6 -7 30
6 -6 -30
6 -6 30
6 -5 -30
6 -5 30
6 -4 -30
6 -4 30
6 -3 -30
6 -3 30
6 -2 -30
6 -2 30
6 -1 -30
6 -1 30
6 0 -30
6 0 30
6 1 -30
6 1 30
6 2 -30
6 2 30
6 3 -30
6 3 30
6 4 -30
6 4 30
6 5 -30
6 5 30
6 6 -30
6 6 30
6 7 -30
6 7 30
6 8 -29
6 8 29
6 9 -29
6 9 29
6 10 -29
6 10 29
6 11 -28
6 11 28
6 12 -28
6 12 28
6 13 -28
6 13 28
6 14 -27
6 14 27
6 15 -27
6 15 27
6 16 -26
6 16 26
6 17 -25
6 17 25
6 18 -25
6 18 25
6 19 -24
6 19 24
6 20 -23
6 20 23
6 21 -22
6 21 22
6 22 -21
6 22 21
6 23 -20
6 23 20
6 24 -19
6 24 19
6 25 -18
6 25 -17
6 25 17
6 25 18
6 26 -16
6 26 16
6 27 -15
6 27 -14
6 27 14
6 27 15
6 28 -13
6 28 -12
6 28 -11
6 28 11
6 28 12
6 28 13
6 29 -10
6 29 -9
6 29 -8
6 29 8
6 29 9
6 29 10
6 30 -7
6 30 -6
6 30 -5
6 30 -4
6 30 -3
6 30 -2
6 30 -1
6 30 0
6 30 1
6 30 2
6 30 3
6 30 4
6 30 5
6 30 6
6 30 7
7 -30 -6
7 -30 -5
7 -30 -4
7 -30 -3
7 -30 -2
7 -30 -1
7 -30 0
7 -30 1
7 -30 2
7 -30 3
7 -30 4
7 -30 5
7 -30 6
7 -29 -10
7 -29 -9
7 -29 -8
7 -29 -7
7 -29 7
7 -29 8
7 -29 9
7 -29 10
7 -28 -12
7 -28 -11
7 -28 11
7 -28 12
7 -27 -14
7 -27 -13
7 -27 13
7 -27 14
7 -26 -16
7 -26 -15
7 -26 15
7 -26 16
7 -25 -17
7 -25 17
7 -24 -19
7 -24 -18
7 -24 18
7 -24 19
7 -23 -20
7 -23 20
7 -22 -21
7 -22 21
7 -21 -22
7 -21 22
7 -20 -23
7 -20 23
7 -19 -24
7 -19 24
7 -18 -24
7 -18 24
7 -17 -25
7 -17 25
7 -16 -26
7 -16 26
7 -15 -26
7 -15 26
7 -14 -27
7 -14 27
7 -13 -27
7 -13 27
7 -12 -28
7 -12 28
7 -11 -28
7 -11 28
7 -10 -29
7 -10 29
7 -9 -29
7 -9 29
7 -8 -29
7 -8 29
7 -7 -29
7 -7 29
7 -6 -30
7 -6 30
7 -5 -30
7 -5 30
7 -4 -30
7 -4 30
7 -3 -30
7 -3 30
7 -2 -30
7 -2 30
7 -1 -30
7 -1 30
7 0 -30
7 0 30
7 1 -30
7 1 30
7 2 -30
7 2 30
7 3 -30
7 3 30
7 4 -30
7 4 30
7 5 -30
7 5 30
7 6 -30
7 6 30
7 7 -29
7 7 29
7 8 -29
7 8 29
7 9 -29
7 9 29
7 10 -29
7 10 29
7 11 -28
7 11 28
7 12 -28
7 12 28
7 13 -27
7 13 27
7 14 -27
7 14 27
7 15 -26
7 15 26
7 16 -26
7 16 26
7 17 -25
7 17 25
7 18 -24
7 18 24
7 19 -24
7 19 24
7 20 -23
7 20 23
7 21 -22
7 21 22
7 22 -21
7 22 21
7 23 -20
7 23 20
7 24 -19
7 24 -18
7 24 18
7 24 19
7 25 -17
7 25 17
7 26 -16
7 26 -15
7 26 15
7 26 16
7 27 -14
7 27 -13
7 27 13
7 27 14
7 28 -12
7 28 -11
7 28 11
7 28 12
7 29 -10
7 29 -9
7 29 -8
7 29 -7
7 29 7
7 29 8
7 29 9
7 29 10
7 30 -6
7 30 -5
7 30 -4
7 30 -3
7 30 -2
7 30 -1
7 30 0
7 30 1
7 30 2
7 30 3
7 30 4
7 30 5
7 30 6
8 -30 -5
8 -30 -4
8 -30 -3
8 -30 -2
8 -30 -1
8 -30 0
8 -30 1
8 -30 2
8 -30 3
8 -30 4
8 -30 5
8 -29 -9
8 -29 -8
8 -29 -7
8 -29 -6
8 -29 6
8 -29 7
8 -29 8
8 -29 9
8 -28 -12
8 -28 -11
8 -28 -10
8 -28 10
8 -28 11
8 -28 12
8 -27 -14
8 -27 -13
8 -27 13
8 -27 14
8 -26 -15
8 -26 15
8 -25 -17
8 -25 -16
8 -25 16
8 -25 17
8 -24 -18
8 -24 18
8 -23 -19
8 -23 19
8 -22 -21
8 -22 -20
8 -22 20
8 -22 21
8 -21 -22
8 -21 22
8 -20 -22
8 -20 22
8 -19 -23
8 -19 23
8 -18 -24
8 -18 24
8 -17 -25
8 -17 25
8 -16 -25
8 -16 25
8 -15 -26
8 -15 26
8 -14 -27
8 -14 27
8 -13 -27
8 -13 27
8 -12 -28
8 -12 28
8 -11 -28
8 -11 28
8 -10 -28
8 -10 28
8 -9 -29
8 -9 29
8 -8 -29
8 -8 29
8 -7 -29
8 -7 29
8 -6 -29
8 -6 29
8 -5 -30
8 -5 30
8 -4 -30
8 -4 30
8 -3 -30
8 -3 30
8 -2 -30
8 -2 30
8 -1 -30
8 -1 30
8 0 -30
8 0 30
8 1 -30
8 1 30
8 2 -30
8 2 30
8 3 -30
8 3 30
8 4 -30
8 4 30
8 5 -30
8 5 30
8 6 -29
8 6 29
8 7 -29
8 7 29
8 8 -29
8 8 29
8 9 -29
8 9 29
8 10 -28
8 10 28
8 11 -28
8 11 28
8 12 -28
8 12 28
8 13 -27
8 13 27
8 14 -27
8 14 27
8 15 -26
8 15 26
8 16 -25
8 16 25
8 17 -25
8 17 25
8 18 -24
8 18 24
8 19 -23
8 19 23
8 20 -22
8 20 22
8 21 -22
8 21 22
8 22 -21
8 22 -20
8 22 20
8 22 21
8 23 -19
8 23 19
8 24 -18
8 24 18
8 25 -17
8 25 -16
8 25 16
8 25 17
8 26 -15
8 26 15
8 27 -14
8 27 -13
8 27 13
8 27 14
8 28 -12
8 28 -11
8 28 -10
8 28 10
8 28 11
8 28 12
8 29 -9
8 29 -8
8 29 -7
8 29 -6
8 29 6
8 29 7
8 29 8
8 29 9
8 30 -5
8 30 -4
8 30 -3
8 30 -2
8 30 -1
8 30 0
8 30 1
8 30 2
8 30 3
8 30 4
8 30 5
9 -30 -3
9 -30 -2
9 -30 -1
9 -30 0
9 -30 1
9 -30 2
9 -30 3
9 -29 -8
9 -29 -7
9 -29 -6
9 -29 -5
9 -29 -4
9 -29 4
9 -29 5
9 -29 6
9 -29 7
9 -29 8
9 -28 -11
9 -28 -10
9 -28 -9
9 -28 9
9 -28 10
9 -28 11
9 -27 -13
9 -27 -12
9 -27 12
9 -27 13
9 -26 -15
9 -26 -14
9 -26 14
9 -26 15
9 -25 -16
9 -25 16
9 -24 -18
9 -24 -17
9 -24 17
9 -24 18
9 -23 -19
9 -23 19
9 -22 -20
9 -22 20
9 -21 -21
9 -21 21
9 -20 -22
9 -20 22
9 -19 -23
9 -19 23
9 -18 -24
9 -18 24
9 -17 -24
9 -17 24
9 -16 -25
9 -16 25
9 -15 -26
9 -15 26
9 -14 -26
9 -14 26
9 -13 -27
9 -13 27
9 -12 -27
9 -12 27
9 -11 -28
9 -11 28
9 -10 -28
9 -10 28
9 -9 -28
9 -9 28
9 -8 -29
9 -8 29
9 -7 -29
9 -7 29
9 -6 -29
9 -6 29
9 -5 -29
9 -5 29
9 -4 -29
9 -4 29
9 -3 -30
9 -3 30
9 -2 -30
9 -2 30
9 -1 -30
9 -1 30
9 0 -30
9 0 30
9 1 -30
9 1 30
9 2 -30
9 2 30
9 3 -30
9 3 30
9 4 -29
9 4 29
9 5 -29
9 5 29
9 6 -29
9 6 29
9 7 -29
9 7 29
9 8 -29
9 8 29
9 9 -28
9 9 28
9 10 -28
9 10 28
9 11 -28
9 11 28
9 12 -27
9 12 27
9 13 -27
9 13 27
9 14 -26
9 14 26
9 15 -26
9 15 26
9 16 -25
9 16 25
9 17 -24
9 17 24
9 18 -24
9 18 24
9 19 -23
9 19 23
9 20 -22
9 20 22
9 21 -21
9 21 21
9 22 -20
9 22 20
9 23 -19
9 23 19
9 24 -18
9 24 -17
9 24 17
9 24 18
9 25 -16
9 25 16
9 26 -15
9 26 -14
9 26 14
9 26 15
9 27 -13
9 27 -12
9 27 12
9 27 13
9 28 -11
9 28 -10
9 28 -9
9 28 9
9 28 10
9 28 11
9 29 -8
9 29 -7
9 29 -6
9 29 -5
9 29 -4
9 29 4
9 29 5
9 29 6
9 29 7
9 29 8
9 30 -3
9 30 -2
9 30 -1
9 30 0
9 30 1
9 30 2
9 30 3
10 -29 -7
10 -29 -6
10 -29 -5
10 -29 -4
10 -29 -3
10 -29 -2
10 -29 -1
10 -29 0
10 -29 1
10 -29 2
10 -29 3
10 -29 4
10 -29 5
10 -29 6
10 -29 7
10 -28 -10
10 -28 -9
10 -28 -8
10 -28 8
10 -28 9
10 -28 10
10 -27 -12
10 -27 -11
10 -27 11
10 -27 12
10 -26 -14
10 -26 -13
10 -26 13
10 -26 14
10 -25 -16
10 -25 -15
10 -25 15
10 -25 16
10 -24 -17
10 -24 17
10 -23 -19
10 -23 -18
10 -23 18
10 -23 19
10 -22 -20
10 -22 20
10 -21 -21
10 -21 21
10 -20 -22
10 -20 22
10 -19 -23
10 -19 23
10 -18 -23
10 -18 23
10 -17 -24
10 -17 24
10 -16 -25
10 -16 25
10 -15 -25
10 -15 25
10 -14 -26
10 -14 26
10 -13 -26
10 -13 26
10 -12 -27
10 -12 27
10 -11 -27
10 -11 27
10 -10 -28
10 -10 28
10 -9 -28
10 -9 28
10 -8 -28
10 -8 28
10 -7 -29
10 -7 29
10 -6 -29
10 -6 29
10 -5 -29
10 -5 29
10 -4 -29
10 -4 29
10 -3 -29
10 -3 29
10 -2 -29
10 -2 29
10 -1 -29
10 -1 29
10 0 -29
10 0 29
10 1 -29
10 1 29
10 2 -29
10 2 29
10 3 -29
10 3 29
10 4 -29
10 4 29
10 5 -29
10 5 29
10 6 -29
10 6 29
10 7 -29
10 7 29
10 8 -28
10 8 28
10 9 -28
10 9 28
10 10 -28
10 10 28
10 11 -27
10 11 27
10 12 -27
10 12 27
10 13 -26
10 13 26
10 14 -26
10 14 26
10 15 -25
10 15 25
10 16 -25
10 16 25
10 17 -24
10 17 24
10 18 -23
10 18 23
10 19 -23
10 19 23
10 20 -22
10 20 22
10 21 -21
10 21 21
10 22 -20
10 22 20
10 23 -19
10 23 -18
10 23 18
10 23 19
10 24 -17
10 24 17
10 25 -16
10 25 -15
10 25 15
10 25 16
10 26 -14
10 26 -13
10 26 13
10 26 14
10 27 -12
10 27 -11
10 27 11
10 27 12
10 28 -10
10 28 -9
10 28 -8
10 28 8
10 28 9
10 28 10
10 29 -7
10 29 -6
10 29 -5
10 29 -4
10 29 -3
10 29 -2
10 29 -1
10 29 0
10 29 1
10 29 2
10 29 3
10 29 4
10 29 5
10 29 6
10 29 7
11 -29 -5
11 -29 -4
11 -29 -3
11 -29 -2
11 -29 -1
11 -29 0
11 -29 1
11 -29 2
11 -29 3
11 -29 4
11 -29 5
11 -28 -9
11 -28 -8
11 -28 -7
11 -28 -6
11 -28 6
11 -28 7
11 -28 8
11 -28 9
11 -27 -11
11 -27 -10
11 -27 10
11 -27 11
11 -26 -13
11 -26 -12
11 -26 12
11 -26 13
11 -25 -15
11 -25 -14
11 -25 14
11 -25 15
11 -24 -17
11 -24 -16
11 -24 16
11 -24 17
11 -23 -18
11 -23 18
11 -22 -19
11 -22 19
11 -21 -20
11 -21 20
11 -20 -21
11 -20 21
11 -19 -22
11 -19 22
11 -18 -23
11 -18 23
11 -17 -24
11 -17 24
11 -16 -24
11 -16 24
11 -15 -25
11 -15 25
11 -14 -25
11 -14 25
11 -13 -26
11 -13 26
11 -12 -26
11 -12 26
11 -11 -27
11 -11 27
11 -10 -27
11 -10 27
11 -9 -28
11 -9 28
11 -8 -28
11 -8 28
11 -7 -28
11 -7 28
11 -6 -28
11 -6 28
11 -5 -29
11 -5 29
11 -4 -29
11 -4 29
11 -3 -29
11 -3 29
11 -2 -29
11 -2 29
11 -1 -29
11 -1 29
11 0 -29
11 0 29
11 1 -29
11 1 29
11 2 -29
11 2 29
11 3 -29
11 3 29
11 4 -29
11 4 29
11 5 -29
11 5 29
11 6 -28
11 6 28
11 7 -28
11 7 28
11 8 -28
11 8 28
11 9 -28
11 9 28
11 10 -27
11 10 27
11 11 -27
11 11 27
11 12 -26
11 12 26
11 13 -26
11 13 26
11 14 -25
11 14 25
11 15 -25
11 15 25
11 16 -24
11 16 24
11 17 -24
11 17 24
11 18 -23
11 18 23
11 19 -22
11 19 22
11 20 -21
11 20 21
11 21 -20
11 21 20
11 22 -19
11 22 19
11 23 -18
11 23 18
11 24 -17
11 24 -16
11 24 16
11 24 17
11 25 -15
11 25 -14
11 25 14
11 25 15
11 26 -13
11 26 -12
11 26 12
11 26 13
11 27 -11
11 27 -10
11 27 10
11 27 11
11 28 -9
11 28 -8
11 28 -7
11 28 -6
11 28 6
11 28 7
11 28 8
11 28 9
11 29 -5
11 29 -4
11 29 -3
11 29 -2
11 29 -1
11 29 0
11 29 1
11 29 2
11 29 3
11 29 4
11 29 5
12 -29 -2
12 -29 -1
12 -29 0
12 -29 1
12 -29 2
12 -28 -8
12 -28 -7
12 -28 -6
12 -28 -5
12 -28 -4
12 -28 -3
12 -28 3
12 -28 4
12 -28 5
12 -28 6
12 -28 7
12 -28 8
12 -27 -10
12 -27 -9
12 -27 9
12 -27 10
12 -26 -13
12 -26 -12
12 -26 -11
12 -26 11
12 -26 12
12 -26 13
12 -25 -14
12 -25 14
12 -24 -16
12 -24 -15
12 -24 15
12 -24 16
12 -23 -17
12 -23 17
12 -22 -19
12 -22 -18
12 -22 18
12 -22 19
12 -21 -20
12 -21 20
12 -20 -21
12 -20 21
12 -19 -22
12 -19 22
12 -18 -22
12 -18 22
12 -17 -23
12 -17 23
12 -16 -24
12 -16 24
12 -15 -24
12 -15 24
12 -14 -25
12 -14 25
12 -13 -26
12 -13 26
12 -12 -26
12 -12 26
12 -11 -26
12 -11 26
12 -10 -27
12 -10 27
12 -9 -27
12 -9 27
12 -8 -28
12 -8 28
12 -7 -28
12 -7 28
12 -6 -28
12 -6 28
12 -5 -28
12 -5 28
12 -4 -28
12 -4 28
12 -3 -28
12 -3 28
12 -2 -29
12 -2 29
12 -1 -29
12 -1 29
12 0 -29
12 0 29
12 1 -29
12 1 29
12 2 -29
12 2 29
12 3 -28
12 3 28
12 4 -28
12 4 28
12 5 -28
12 5 28
12 6 -28
12 6 28
12 7 -28
12 7 28
12 8 -28
12 8 28
12 9 -27
12 9 27
12 10 -27
12 10 27
12 11 -26
12 11 26
12 12 -26
12 12 26
12 13 -26
12 13 26
12 14 -25
12 14 25
12 15 -24
12 15 24
12 16 -24
12 16 24
12 17 -23
12 17 23
12 18 -22
12 18 22
12 19 -22
12 19 22
12 20 -21
12 20 21
12 21 -20
12 21 20
12 22 -19
12 22 -18
12 22 18
12 22 19
12 23 -17
12 23 17
12 24 -16
12 24 -15
12 24 15
12 24 16
12 25 -14
12 25 14
12 26 -13
12 26 -12
12 26 -11
12 26 11
12 26 12
12 26 13
12 27 -10
12 27 -9
12 27 9
12 27 10
12 28 -8
12 28 -7
12 28 -6
12 28 -5
12 28 -4
12 28 -3
12 28 3
12 28 4
12 28 5
12 28 6
12 28 7
12 28 8
12 29 -2
12 29 -1
12 29 0
12 29 1
12 29 2
13 -28 -6
13 -28 -5
13 -28 -4
13 -28 -3
13 -28 -2
13 -28 -1
13 -28 0
13 -28 1
13 -28 2
13 -28 3
13 -28 4
13 -28 5
13 -28 6
13 -27 -9
13 -27 -8
13 -27 -7
13 -27 7
13 -27 8
13 -27 9
13 -26 -12
13 -26 -11
13 -26 -10
13 -26 10
13 -26 11
13 -26 12
13 -25 -14
13 -25 -13
13 -25 13
13 -25 14
13 -24 -15
13 -24 15
13 -23 -17
13 -23 -16
13 -23 16
13 -23 17
13 -22 -18
13 -22 18
13 -21 -19
13 -21 19
13 -20 -20
13 -20 20
13 -19 -21
13 -19 21
13 -18 -22
13 -18 22
13 -17 -23
13 -17 23
13 -16 -23
13 -16 23
13 -15 -24
13 -15 24
13 -14 -25
13 -14 25
13 -13 -25
13 -13 25
13 -12 -26
13 -12 26
13 -11 -26
13 -11 26
13 -10 -26
13 -10 26
13 -9 -27
13 -9 27
13 -8 -27
13 -8 27
13 -7 -27
13 -7 27
13 -6 -28
13 -6 28
13 -5 -28
13 -5 28
13 -4 -28
13 -4 28
13 -3 -28
13 -3 28
13 -2 -28
13 -2 28
13 -1 -28
13 -1 28
13 0 -28
13 0 28
13 1 -28
13 1 28
13 2 -28
13 2 28
13 3 -28
13 3 28
13 4 -28
13 4 28
13 5 -28
13 5 28
13 6 -28
13 6 28
13 7 -27
13 7 27
13 8 -27
13 8 27
13 9 -27
13 9 27
13 10 -26
13 10 26
13 11 -26
13 11 26
13 12 -26
13 12 26
13 13 -25
13 13 25
13 14 -25
13 14 25
13 15 -24
13 15 24
13 16 -23
13 16 23
13 17 -23
13 17 23
13 18 -22
13 18 22
13 19 -21
13 19 21
13 20 -20
13 20 20
13 21 -19
13 21 19
13 22 -18
13 22 18
13 23 -17
13 23 -16
13 23 16
13 23 17
13 24 -15
13 24 15
13 25 -14
13 25 -13
13 25 13
13 25 14
13 26 -12
13 26 -11
13 26 -10
13 26 10
13 26 11
13 26 12
13 27 -9
13 27 -8
13 27 -7
13 27 7
13 27 8
13 27 9
13 28 -6
13 28 -5
13 28 -4
13 28 -3
13 28 -2
13 28 -1
13 28 0
13 28 1
13 28 2
13 28 3
13 28 4
13 28 5
13 28 6
14 -28 -3
14 -28 -2
14 -28 -1
14 -28 0
14 -28 1
14 -28 2
14 -28 3
14 -27 -8
14 -27 -7
14 -27 -6
14 -27 -5
14 -27 -4
14 -27 4
14 -27 5
14 -27 6
14 -27 7
14 -27 8
14 -26 -10
14 -26 -9
14 -26 9
14 -26 10
14 -25 -13
14 -25 -12
14 -25 -11
14 -25 11
14 -25 12
14 -25 13
14 -24 -14
14 -24 14
14 -23 -16
14 -23 -15
14 -23 15
14 -23 16
14 -22 -17
14 -22 17
14 -21 -18
14 -21 18
14 -20 -19
14 -20 19
14 -19 -20
14 -19 20
14 -18 -21
14 -18 21
14 -17 -22
14 -17 22
14 -16 -23
14 -16 23
14 -15 -23
14 -15 23
14 -14 -24
14 -14 24
14 -13 -25
14 -13 25
14 -12 -25
14 -12 25
14 -11 -25
14 -11 25
14 -10 -26
14 -10 26
14 -9 -26
14 -9 26
14 -8 -27
14 -8 27
14 -7 -27
14 -7 27
14 -6 -27
14 -6 27
14 -5 -27
14 -5 27
14 -4 -27
14 -4 27
14 -3 -28
14 -3 28
14 -2 -28
14 -2 28
14 -1 -28
14 -1 28
14 0 -28
14 0 28
14 1 -28
14 1 28
14 2 -28
14 2 28
14 3 -28
14 3 28
14 4 -27
14 4 27
14 5 -27
14 5 27
14 6 -27
14 6 27
14 7 -27
14 7 27
14 8 -27
14 8 27
14 9 -26
14 9 26
14 10 -26
14 10 26
14 11 -25
14 11 25
14 12 -25
14 12 25
14 13 -25
14 13 25
14 14 -24
14 14 24
14 15 -23
14 15 23
14 16 -23
14 16 23
14 17 -22
14 17 22
14 18 -21
14 18 21
14 19 -20
14 19 20
14 20 -19
14 20 19
14 21 -18
14 21 18
14 22 -17
14 22 17
14 23 -16
14 23 -15
14 23 15
14 23 16
14 24 -14
14 24 14
14 25 -13
14 25 -12
14 25 -11
14 25 11
14 25 12
14 25 13
14 26 -10
14 26 -9
14 26 9
14 26 10
14 27 -8
14 27 -7
14 27 -6
14 27 -5
14 27 -4
14 27 4
14 27 5
14 27 6
14 27 7
14 27 8
14 28 -3
14 28 -2
14 28 -1
14 28 0
14 28 1
14 28 2
14 28 3
15 -27 -6
15 -27 -5
15 -27 -4
15 -27 -3
15 -27 -2
15 -27 -1
15 -27 0
15 -27 1
15 -27 2
15 -27 3
15 -27 4
15 -27 5
15 -27 6
15 -26 -9
15 -26 -8
15 -26 -7
15 -26 7
15 -26 8
15 -26 9
15 -25 -11
15 -25 -10
15 -25 10
15 -25 11
15 -24 -13
15 -24 -12
15 -24 12
15 -24 13
15 -23 -15
15 -23 -14
15 -23 14
15 -23 15
15 -22 -16
15 -22 16
15 -21 -18
15 -21 -17
15 -21 17
15 -21 18
15 -20 -19
15 -20 19
15 -19 -20
15 -19 20
15 -18 -21
15 -18 21
15 -17 -21
15 -17 21
15 -16 -22
15 -16 22
15 -15 -23
15 -15 23
15 -14 -23
15 -14 23
15 -13 -24
15 -13 24
15 -12 -24
15 -12 24
15 -11 -25
15 -11 25
15 -10 -25
15 -10 25
15 -9 -26
15 -9 26
15 -8 -26
15 -8 26
15 -7 -26
15 -7 26
15 -6 -27
15 -6 27
15 -5 -27
15 -5 27
15 -4 -27
15 -4 27
15 -3 -27
15 -3 27
15 -2 -27
15 -2 27
15 -1 -27
15 -1 27
15 0 -27
15 0 27
15 1 -27
15 1 27
15 2 -27
15 2 27
15 3 -27
15 3 27
15 4 -27
15 4 27
15 5 -27
15 5 27
15 6 -27
15 6 27
15 7 -26
15 7 26
15 8 -26
15 8 26
15 9 -26
15 9 26
15 10 -25
15 10 25
15 11 -25
15 11 25
15 12 -24
15 12 24
15 13 -24
15 13 24
15 14 -23
15 14 23
15 15 -23
15 15 23
15 16 -22
15 16 22
15 17 -21
15 17 21
15 18 -21
15 18 21
15 19 -20
15 19 20
15 20 -19
15 20 19
15 21 -18
15 21 -17
15 21 17
15 21 18
15 22 -16
15 22 16
15 23 -15
15 23 -14
15 23 14
15 23 15
15 24 -13
15 24 -12
15 24 12
15 24 13
15 25 -11
15 25 -10
15 25 10
15 25 11
15 26 -9
15 26 -8
15 26 -7
15 26 7
15 26 8
15 26 9
15 27 -6
15 27 -5
15 27 -4
15 27 -3
15 27 -2
15 27 -1
15 27 0
15 27 1
15 27 2
15 27 3
15 27 4
15 27 5
15 27 6
16 -27 -2
16 -27 -1
16 -27 0
16 -27 1
16 -27 2
16 -26 -7
16 -26 -6
16 -26 -5
16 -26 -4
16 -26 -3
16 -26 3
16 -26 4
16 -26 5
16 -26 6
16 -26 7
16 -25 -10
16 -25 -9
16 -25 -8
16 -25 8
16 -25 9
16 -25 10
16 -24 -12
16 -24 -11
16 -24 11
16 -24 12
16 -23 -14
16 -23 -13
16 -23 13
16 -23 14
16 -22 -15
16 -22 15
16 -21 -17
16 -21 -16
16 -21 16
16 -21 17
16 -20 -18
16 -20 18
16 -19 -19
16 -19 19
16 -18 -20
16 -18 20
16 -17 -21
16 -17 21
16 -16 -21
16 -16 21
16 -15 -22
16 -15 22
16 -14 -23
16 -14 23
16 -13 -23
16 -13 23
16 -12 -24
16 -12 24
16 -11 -24
16 -11 24
16 -10 -25
16 -10 25
16 -9 -25
16 -9 25
16 -8 -25
16 -8 25
16 -7 -26
16 -7 26
16 -6 -26
16 -6 26
16 -5 -26
16 -5 26
16 -4 -26
16 -4 26
16 -3 -26
16 -3 26
16 -2 -27
16 -2 27
16 -1 -27
16 -1 27
16 0 -27
16 0 27
16 1 -27
16 1 27
16 2 -27
16 2 27
16 3 -26
16 3 26
16 4 -26
16 4 26
16 5 -26
16 5 26
16 6 -26
16 6 26
16 7 -26
16 7 26
16 8 -25
16 8 25
16 9 -25
16 9 25
16 10 -25
16 10 25
16 11 -24
16 11 24
16 12 -24
16 12 24
16 13 -23
16 13 23
16 14 -23
16 14 23
16 15 -22
16 15 22
16 16 -21
16 16 21
16 17 -21
16 17 21
16 18 -20
16 18 20
16 19 -19
16 19 19
16 20 -18
16 20 18
16 21 -17
16 21 -16
16 21 16
16 21 17
16 22 -15
16 22 15
16 23 -14
16 23 -13
16 23 13
16 23 14
16 24 -12
16 24 -11
16 24 11
16 24 12
16 25 -10
16 25 -9
16 25 -8
16 25 8
16 25 9
16 25 10
16 26 -7
16 26 -6
16 26 -5
16 26 -4
16 26 -3
16 26 3
16 26 4
16 26 5
16 26 6
16 26 7
16 27 -2
16 27 -1
16 27 0
16 27 1
16 27 2
17 -26 -5
17 -26 -4
17 -26 -3
17 -26 -2
17 -26 -1
17 -26 0
17 -26 1
17 -26 2
17 -26 3
17 -26 4
17 -26 5
17 -25 -8
17 -25 -7
17 -25 -6
17 -25 6
17 -25 7
17 -25 8
17 -24 -11
17 -24 -10
17 -24 -9
17 -24 9
17 -24 10
17 -24 11
17 -23 -13
17 -23 -12
17 -23 12
17 -23 13
17 -22 -14
17 -22 14
17 -21 -16
17 -21 -15
17 -21 15
17 -21 16
17 -20 -17
17 -20 17
17 -19 -18
17 -19 18
17 -18 -19
17 -18 19
17 -17 -20
17 -17 20
17 -16 -21
17 -16 21
17 -15 -21
17 -15 21
17 -14 -22
17 -14 22
17 -13 -23
17 -13 23
17 -12 -23
17 -12 23
17 -11 -24
17 -11 24
17 -10 -24
17 -10 24
17 -9 -24
17 -9 24
17 -8 -25
17 -8 25
17 -7 -25
17 -7 25
17 -6 -25
17 -6 25
17 -5 -26
17 -5 26
17 -4 -26
17 -4 26
17 -3 -26
17 -3 26
17 -2 -26
17 -2 26
17 -1 -26
17 -1 26
17 0 -26
17 0 26
17 1 -26
17 1 26
17 2 -26
17 2 26
17 3 -26
17 3 26
17 4 -26
17 4 26
17 5 -26
17 5 26
17 6 -25
17 6 25
17 7 -25
17 7 25
17 8 -25
17 8 25
17 9 -24
17 9 24
17 10 -24
17 10 24
17 11 -24
17 11 24
17 12 -23
17 12 23
17 13 -23
17 13 23
17 14 -22
17 14 22
17 15 -21
17 15 21
17 16 -21
17 16 21
17 17 -20
17 17 20
17 18 -19
17 18 19
17 19 -18
17 19 18
17 20 -17
17 20 17
17 21 -16
17 21 -15
17 21 15
17 21 16
17 22 -14
17 22 14
17 23 -13
17 23 -12
17 23 12
17 23 13
17 24 -11
17 24 -10
17 24 -9
17 24 9
17 24 10
17 24 11
17 25 -8
17 25 -7
17 25 -6
17 25 6
17 25 7
17 25 8
17 26 -5
17 26 -4
17 26 -3
17 26 -2
17 26 -1
17 26 0
17 26 1
17 26 2
17 26 3
17 26 4
17 26 5
18 -25 -6
18 -25 -5
18 -25 -4
18 -25 -3
18 -25 -2
18 -25 -1
18 -25 0
18 -25 1
18 -25 2
18 -25 3
18 -25 4
18 -25 5
18 -25 6
18 -24 -9
18 -24 -8
18 -24 -7
18 -24 7
18 -24 8
18 -24 9
18 -23 -11
18 -23 -10
18 -23 10
18 -23 11
18 -22 -13
18 -22 -12
18 -22 12
18 -22 13
18 -21 -15
18 -21 -14
18 -21 14
18 -21 15
18 -20 -16
18 -20 16
18 -19 -17
18 -19 17
18 -18 -18
18 -18 18
18 -17 -19
18 -17 19
18 -16 -20
18 -16 20
18 -15 -21
18 -15 21
18 -14 -21
18 -14 21
18 -13 -22
18 -13 22
18 -12 -22
18 -12 22
18 -11 -23
18 -11 23
18 -10 -23
18 -10 23
18 -9 -24
18 -9 24
18 -8 -24
18 -8 24
18 -7 -24
18 -7 24
18 -6 -25
18 -6 25
18 -5 -25
18 -5 25
18 -4 -25
18 -4 25
18 -3 -25
18 -3 25
18 -2 -25
18 -2 25
18 -1 -25
18 -1 25
18 0 -25
18 0 25
18 1 -25
18 1 25
18 2 -25
18 2 25
18 3 -25
18 3 25
18 4 -25
18 4 25
18 5 -25
18 5 25
18 6 -25
18 6 25
18 7 -24
18 7 24
18 8 -24
18 8 24
18 9 -24
18 9 24
18 10 -23
18 10 23
18 11 -23
18 11 23
18 12 -22
18 12 22
18 13 -22
18 13 22
18 14 -21
18 14 21
18 15 -21
18 15 21
18 16 -20
18 16 20
18 17 -19
18 17 19
18 18 -18
18 18 18
18 19 -17
18 19 17
18 20 -16
18 20 16
18 21 -15
18 21 -14
18 21 14
18 21 15
18 22 -13
18 22 -12
18 22 12
18 22 13
18 23 -11
18 23 -10
18 23 10
18 23 11
18 24 -9
18 24 -8
18 24 -7
18 24 7
18 24 8
18 24 9
18 25 -6
18 25 -5
18 25 -4
18 25 -3
18 25 -2
18 25 -1
18 25 0
18 25 1
18 25 2
18 25 3
18 25 4
18 25 5
18 25 6
19 -25 -2
19 -25 -1
19 -25 0
19 -25 1
19 -25 2
19 -24 -7
19 -24 -6
19 -24 -5
19 -24 -4
19 -24 -3
19 -24 3
19 -24 4
19 -24 5
19 -24 6
19 -24 7
19 -23 -10
19 -23 -9
19 -23 -8
19 -23 8
19 -23 9
19 -23 10
19 -22 -12
19 -22 -11
19 -22 11
19 -22 12
19 -21 -13
19 -21 13
19 -20 -15
19 -20 -14
19 -20 14
19 -20 15
19 -19 -16
19 -19 16
19 -18 -17
19 -18 17
19 -17 -18
19 -17 18
19 -16 -19
19 -16 19
19 -15 -20
19 -15 20
19 -14 -20
19 -14 20
19 -13 -21
19 -13 21
19 -12 -22
19 -12 22
19 -11 -22
19 -11 22
19 -10 -23
19 -10 23
19 -9 -23
19 -9 23
19 -8 -23
19 -8 23
19 -7 -24
19 -7 24
19 -6 -24
19 -6 24
19 -5 -24
19 -5 24
19 -4 -24
19 -4 24
19 -3 -24
19 -3 24
19 -2 -25
19 -2 25
19 -1 -25
19 -1 25
19 0 -25
19 0 25
19 1 -25
19 1 25
19 2 -25
19 2 25
19 3 -24
19 3 24
19 4 -24
19 4 24
19 5 -24
19 5 24
19 6 -24
19 6 24
19 7 -24
19 7 24
19 8 -23
19 8 23
19 9 -23
19 9 23
19 10 -23
19 10 23
19 11 -22
19 11 22
19 12 -22
19 12 22
19 13 -21
19 13 21
19 14 -20
19 14 20
19 15 -20
19 15 20
19 16 -19
19 16 19
19 17 -18
19 17 18
19 18 -17
19 18 17
19 19 -16
19 19 16
19 20 -15
19 20 -14
19 20 14
19 20 15
19 21 -13
19 21 13
19 22 -12
19 22 -11
19 22 11
19 22 12
19 23 -10
19 23 -9
19 23 -8
19 23 8
19 23 9
19 23 10
19 24 -7
19 24 -6
19 24 -5
19 24 -4
19 24 -3
19 24 3
19 24 4
19 24 5
19 24 6
19 24 7
19 25 -2
19 25 -1
19 25 0
19 25 1
19 25 2
20 -24 -4
20 -24 -3
20 -24 -2
20 -24 -1
20 -24 0
20 -24 1
20 -24 2
20 -24 3
20 -24 4
20 -23 -7
20 -23 -6
20 -23 -5
20 -23 5
20 -23 6
20 -23 7
20 -22 -10
20 -22 -9
20 -22 -8
20 -22 8
20 -22 9
20 -22 10
20 -21 -12
20 -21 -11
20 -21 11
20 -21 12
20 -20 -13
20 -20 13
20 -19 -15
20 -19 -14
20 -19 14
20 -19 15
20 -18 -16
20 -18 16
20 -17 -17
20 -17 17
20 -16 -18
20 -16 18
20 -15 -19
20 -15 19
20 -14 -19
20 -14 19
20 -13 -20
20 -13 20
20 -12 -21
20 -12 21
20 -11 -21
20 -11 21
20 -10 -22
20 -10 22
20 -9 -22
20 -9 22
20 -8 -22
20 -8 22
20 -7 -23
20 -7 23
20 -6 -23
20 -6 23
20 -5 -23
20 -5 23
20 -4 -24
20 -4 24
20 -3 -24
20 -3 24
20 -2 -24
20 -2 24
20 -1 -24
20 -1 24
20 0 -24
20 0 24
20 1 -24
20 1 24
20 2 -24
20 2 24
20 3 -24
20 3 24
20 4 -24
20 4 24
20 5 -23
20 5 23
20 6 -23
20 6 23
20 7 -23
20 7 23
20 8 -22
20 8 22
20 9 -22
20 9 22
20 10 -22
20 10 22
20 11 -21
20 11 21
20 12 -21
20 12 21
20 13 -20
20 13 20
20 14 -19
20 14 19
20 15 -19
20 15 19
20 16 -18
20 16 18
20 17 -17
20 17 17
20 18 -16
20 18 16
20 19 -15
20 19 -14
20 19 14
20 19 15
20 20 -13
20 20 13
20 21 -12
20 21 -11
20 21 11
20 21 12
20 22 -10
20 22 -9
20 22 -8
20 22 8
20 22 9
20 22 10
20 23 -7
20 23 -6
20 23 -5
20 23 5
20 23 6
20 23 7
20 24 -4
20 24 -3
20 24 -2
20 24 -1
20 24 0
20 24 1
20 24 2
20 24 3
20 24 4
21 -23 -4
21 -23 -3
21 -23 -2
21 -23 -1
21 -23 0
21 -23 1
21 -23 2
21 -23 3
21 -23 4
21 -22 -8
21 -22 -7
21 -22 -6
21 -22 -5
21 -22 5
21 -22 6
21 -22 7
21 -22 8
21 -21 -10
21 -21 -9
21 -21 9
21 -21 10
21 -20 -12
21 -20 -11
21 -20 11
21 -20 12
21 -19 -13
21 -19 13
21 -18 -15
21 -18 -14
21 -18 14
21 -18 15
21 -17 -16
21 -17 -15
21 -17 15
21 -17 16
21 -16 -17
21 -16 -16
21 -16 16
21 -16 17
21 -15 -18
21 -15 -17
21 -15 17
21 -15 18
21 -14 -18
21 -14 18
21 -13 -19
21 -13 19
21 -12 -20
21 -12 20
21 -11 -20
21 -11 20
21 -10 -21
21 -10 21
21 -9 -21
21 -9 21
21 -8 -22
21 -8 22
21 -7 -22
21 -7 22
21 -6 -22
21 -6 22
21 -5 -22
21 -5 22
21 -4 -23
21 -4 23
21 -3 -23
21 -3 23
21 -2 -23
21 -2 23
21 -1 -23
21 -1 23
21 0 -23
21 0 23
21 1 -23
21 1 23
21 2 -23
21 2 23
21 3 -23
21 3 23
21 4 -23
21 4 23
21 5 -22
21 5 22
21 6 -22
21 6 22
21 7 -22
21 7 22
21 8 -22
21 8 22
21 9 -21
21 9 21
21 10 -21
21 10 21
21 11 -20
21 11 20
21 12 -20
21 12 20
21 13 -19
21 13 19
21 14 -18
21 14 18
21 15 -18
21 15 -17
21 15 17
21 15 18
21 16 -17
21 16 -16
21 16 16
21 16 17
21 17 -16
21 17 -15
21 17 15
21 17 16
21 18 -15
21 18 -14
21 18 14
21 18 15
21 19 -13
21 19 13
21 20 -12
21 20 -11
21 20 11
21 20 12
21 21 -10
21 21 -9
21 21 9
21 21 10
21 22 -8
21 22 -7
21 22 -6
21 22 -5
21 22 5
21 22 6
21 22 7
21 22 8
21 23 -4
21 23 -3
21 23 -2
21 23 -1
21 23 0
21 23 1
21 23 2
21 23 3
21 23 4
22 -22 -4
22 -22 -3
22 -22 -2
22 -22 -1
22 -22 0
22 -22 1
22 -22 2
22 -22 3
22 -22 4
22 -21 -8
22 -21 -7
22 -21 -6
22 -21 -5
22 -21 5
22 -21 6
22 -21 7
22 -21 8
22 -20 -10
22 -20 -9
22 -20 -8
22 -20 8
22 -20 9
22 -20 10
22 -19 -12
22 -19 -11
22 -19 11
22 -19 12
22 -18 -13
22 -18 -12
22 -18 12
22 -18 13
22 -17 -14
22 -17 14
22 -16 -15
22 -16 15
22 -15 -16
22 -15 16
22 -14 -17
22 -14 17
22 -13 -18
22 -13 18
22 -12 -19
22 -12 -18
22 -12 18
22 -12 19
22 -11 -19
22 -11 19
22 -10 -20
22 -10 20
22 -9 -20
22 -9 20
22 -8 -21
22 -8 -20
22 -8 20
22 -8 21
22 -7 -21
22 -7 21
22 -6 -21
22 -6 21
22 -5 -21
22 -5 21
22 -4 -22
22 -4 22
22 -3 -22
22 -3 22
22 -2 -22
22 -2 22
22 -1 -22
22 -1 22
22 0 -22
22 0 22
22 1 -22
22 1 22
22 2 -22
22 2 22
22 3 -22
22 3 22
22 4 -22
22 4 22
22 5 -21
22 5 21
22 6 -21
22 6 21
22 7 -21
22 7 21
22 8 -21
22 8 -20
22 8 20
22 8 21
22 9 -20
22 9 20
22 10 -20
22 10 20
22 11 -19
22 11 19
22 12 -19
22 12 -18
22 12 18
22 12 19
22 13 -18
22 13 18
22 14 -17
22 14 17
22 15 -16
22 15 16
22 16 -15
22 16 15
22 17 -14
22 17 14
22 18 -13
22 18 -12
22 18 12
22 18 13
22 19 -12
22 19 -11
22 19 11
22 19 12
22 20 -10
22 20 -9
22 20 -8
22 20 8
22 20 9
22 20 10
22 21 -8
22 21 -7
22 21 -6
22 21 -5
22 21 5
22 21 6
22 21 7
22 21 8
22 22 -4
22 22 -3
22 22 -2
22 22 -1
22 22 0
22 22 1
22 22 2
22 22 3
22 22 4
23 -21 -4
23 -21 -3
23 -21 -2
23 -21 -1
23 -21 0
23 -21 1
23 -21 2
23 -21 3
23 -21 4
23 -20 -7
23 -20 -6
23 -20 -5
23 -20 5
23 -20 6
23 -20 7
23 -19 -10
23 -19 -9
23 -19 -8
23 -19 8
23 -19 9
23 -19 10
23 -18 -11
23 -18 -10
23 -18 10
23 -18 11
23 -17 -13
23 -17 -12
23 -17 12
23 -17 13
23 -16 -14
23 -16 -13
23 -16 13
23 -16 14
23 -15 -15
23 -15 -14
23 -15 14
23 -15 15
23 -14 -16
23 -14 -15
23 -14 15
23 -14 16
23 -13 -17
23 -13 -16
23 -13 16
23 -13 17
23 -12 -17
23 -12 17
23 -11 -18
23 -11 18
23 -10 -19
23 -10 -18
23 -10 18
23 -10 19
23 -9 -19
23 -9 19
23 -8 -19
23 -8 19
23 -7 -20
23 -7 20
23 -6 -20
23 -6 20
23 -5 -20
23 -5 20
23 -4 -21
23 -4 21
23 -3 -21
23 -3 21
23 -2 -21
23 -2 21
23 -1 -21
23 -1 21
23 0 -21
23 0 21
23 1 -21
23 1 21
23 2 -21
23 2 21
23 3 -21
23 3 21
23 4 -21
23 4 21
23 5 -20
23 5 20
23 6 -20
23 6 20
23 7 -20
23 7 20
23 8 -19
23 8 19
23 9 -19
23 9 19
23 10 -19
23 10 -18
23 10 18
23 10 19
23 11 -18
23 11 18
23 12 -17
23 12 17
23 13 -17
23 13 -16
23 13 16
23 13 17
23 14 -16
23 14 -15
23 14 15
23 14 16
23 15 -15
23 15 -14
23 15 14
23 15 15
23 16 -14
23 16 -13
23 16 13
23 16 14
23 17 -13
23 17 -12
23 17 12
23 17 13
23 18 -11
23 18 -10
23 18 10
23 18 11
23 19 -10
23 19 -9
23 19 -8
23 19 8
23 19 9
23 19 10
23 20 -7
23 20 -6
23 20 -5
23 20 5
23 20 6
23 20 7
23 21 -4
23 21 -3
23 21 -2
23 21 -1
23 21 0
23 21 1
23 21 2
23 21 3
23 21 4
24 -20 -4
24 -20 -3
24 -20 -2
24 -20 -1
24 -20 0
24 -20 1
24 -20 2
24 -20 3
24 -20 4
24 -19 -7
24 -19 -6
24 -19 -5
24 -19 -4
24 -19 -3
24 -19 3
24 -19 4
24 -19 5
24 -19 6
24 -19 7
24 -18 -9
24 -18 -8
24 -18 -7
24 -18 7
24 -18 8
24 -18 9
24 -17 -11
24 -17 -10
24 -17 -9
24 -17 9
24 -17 10
24 -17 11
24 -16 -12
24 -16 -11
24 -16 11
24 -16 12
24 -15 -13
24 -15 -12
24 -15 12
24 -15 13
24 -14 -14
24 -14 14
24 -13 -15
24 -13 15
24 -12 -16
24 -12 -15
24 -12 15
24 -12 16
24 -11 -17
24 -11 -16
24 -11 16
24 -11 17
24 -10 -17
24 -10 17
24 -9 -18
24 -9 -17
24 -9 17
24 -9 18
24 -8 -18
24 -8 18
24 -7 -19
24 -7 -18
24 -7 18
24 -7 19
24 -6 -19
24 -6 19
24 -5 -19
24 -5 19
24 -4 -20
24 -4 -19
24 -4 19
24 -4 20
24 -3 -20
24 -3 -19
24 -3 19
24 -3 20
24 -2 -20
24 -2 20
24 -1 -20
24 -1 20
24 0 -20
24 0 20
24 1 -20
24 1 20
24 2 -20
24 2 20
24 3 -20
24 3 -19
24 3 19
24 3 20
24 4 -20
24 4 -19
24 4 19
24 4 20
24 5 -19
24 5 19
24 6 -19
24 6 19
24 7 -19
24 7 -18
24 7 18
24 7 19
24 8 -18
24 8 18
24 9 -18
24 9 -17
24 9 17
24 9 18
24 10 -17
24 10 17
24 11 -17
24 11 -16
24 11 16
24 11 17
24 12 -16
24 12 -15
24 12 15
24 12 16
24 13 -15
24 13 15
24 14 -14
24 14 14
24 15 -13
24 15 -12
24 15 12
24 15 13
24 16 -12
24 16 -11
24 16 11
24 16 12
24 17 -11
24 17 -10
24 17 -9
24 17 9
24 17 10
24 17 11
24 18 -9
24 18 -8
24 18 -7
24 18 7
24 18 8
24 18 9
24 19 -7
24 19 -6
24 19 -5
24 19 -4
24 19 -3
24 19 3
24 19 4
24 19 5
24 19 6
24 19 7
24 20 -4
24 20 -3
24 20 -2
24 20 -1
24 20 0
24 20 1
24 20 2
24 20 3
24 20 4
25 -19 -2
25 -19 -1
25 -19 0
25 -19 1
25 -19 2
25 -18 -6
25 -18 -5
25 -18 -4
25 -18 -3
25 -18 -2
25 -18 -1
25 -18 0
25 -18 1
25 -18 2
25 -18 3
25 -18 4
25 -18 5
25 -18 6
25 -17 -8
25 -17 -7
25 -17 -6
25 -17 6
25 -17 7
25 -17 8
25 -16 -10
25 -16 -9
25 -16 -8
25 -16 8
25 -16 9
25 -16 10
25 -15 -11
25 -15 -10
25 -15 10
25 -15 11
25 -14 -13
25 -14 -12
25 -14 -11
25 -14 11
25 -14 12
25 -14 13
25 -13 -14
25 -13 -13
25 -13 13
25 -13 14
25 -12 -14
25 -12 14
25 -11 -15
25 -11 -14
25 -11 14
25 -11 15
25 -10 -16
25 -10 -15
25 -10 15
25 -10 16
25 -9 -16
25 -9 16
25 -8 -17
25 -8 -16
25 -8 16
25 -8 17
25 -7 -17
25 -7 17
25 -6 -18
25 -6 -17
25 -6 17
25 -6 18
25 -5 -18
25 -5 18
25 -4 -18
25 -4 18
25 -3 -18
25 -3 18
25 -2 -19
25 -2 -18
25 -2 18
25 -2 19
25 -1 -19
25 -1 -18
25 -1 18
25 -1 19
25 0 -19
25 0 -18
25 0 18
25 0 19
25 1 -19
25 1 -18
25 1 18
25 1 19
25 2 -19
25 2 -18
25 2 18
25 2 19
25 3 -18
25 3 18
25 4 -18
25 4 18
25 5 -18
25 5 18
25 6 -18
25 6 -17
25 6 17
25 6 18
25 7 -17
25 7 17
25 8 -17
25 8 -16
25 8 16
25 8 17
25 9 -16
25 9 16
25 10 -16
25 10 -15
25 10 15
25 10 16
25 11 -15
25 11 -14
25 11 14
25 11 15
25 12 -14
25 12 14
25 13 -14
25 13 -13
25 13 13
25 13 14
25 14 -13
25 14 -12
25 14 -11
25 14 11
25 14 12
25 14 13
25 15 -11
25 15 -10
25 15 10
25 15 11
25 16 -10
25 16 -9
25 16 -8
25 16 8
25 16 9
25 16 10
25 17 -8
25 17 -7
25 17 -6
25 17 6
25 17 7
25 17 8
25 18 -6
25 18 -5
25 18 -4
25 18 -3
25 18 -2
25 18 -1
25 18 0
25 18 1
25 18 2
25 18 3
25 18 4
25 18 5
25 18 6
25 19 -2
25 19 -1
25 19 0
25 19 1
25 19 2
26 -17 -5
26 -17 -4
26 -17 -3
26 -17 -2
26 -17 -1
26 -17 0
26 -17 1
26 -17 2
26 -17 3
26 -17 4
26 -17 5
26 -16 -7
26 -16 -6
26 -16 -5
26 -16 -4
26 -16 -3
26 -16 3
26 -16 4
26 -16 5
26 -16 6
26 -16 7
26 -15 -9
26 -15 -8
26 -15 -7
26 -15 7
26 -15 8
26 -15 9
26 -14 -10
26 -14 -9
26 -14 9
26 -14 10
26 -13 -12
26 -13 -11
26 -13 -10
26 -13 10
26 -13 11
26 -13 12
26 -12 -13
26 -12 -12
26 -12 -11
26 -12 11
26 -12 12
26 -12 13
26 -11 -13
26 -11 -12
26 -11 12
26 -11 13
26 -10 -14
26 -10 -13
26 -10 13
26 -10 14
26 -9 -15
26 -9 -14
26 -9 14
26 -9 15
26 -8 -15
26 -8 15
26 -7 -16
26 -7 -15
26 -7 15
26 -7 16
26 -6 -16
26 -6 16
26 -5 -17
26 -5 -16
26 -5 16
26 -5 17
26 -4 -17
26 -4 -16
26 -4 16
26 -4 17
26 -3 -17
26 -3 -16
26 -3 16
26 -3 17
26 -2 -17
26 -2 17
26 -1 -17
26 -1 17
26 0 -17
26 0 17
26 1 -17
26 1 17
26 2 -17
26 2 17
26 3 -17
26 3 -16
26 3 16
26 3 17
26 4 -17
26 4 -16
26 4 16
26 4 17
26 5 -17
26 5 -16
26 5 16
26 5 17
26 6 -16
26 6 16
26 7 -16
26 7 -15
26 7 15
26 7 16
26 8 -15
26 8 15
26 9 -15
26 9 -14
26 9 14
26 9 15
26 10 -14
26 10 -13
26 10 13
26 10 14
26 11 -13
26 11 -12
26 11 12
26 11 13
26 12 -13
26 12 -12
26 12 -11
26 12 11
26 12 12
26 12 13
26 13 -12
26 13 -11
26 13 -10
26 13 10
26 13 11
26 13 12
26 14 -10
26 14 -9
26 14 9
26 14 10
26 15 -9
26 15 -8
26 15 -7
26 15 7
26 15 8
26 15 9
26 16 -7
26 16 -6
26 16 -5
26 16 -4
26 16 -3
26 16 3
26 16 4
26 16 5
26 16 6
26 16 7
26 17 -5
26 17 -4
26 17 -3
26 17 -2
26 17 -1
26 17 0
26 17 1
26 17 2
26 17 3
26 17 4
26 17 5
27 -16 -2
27 -16 -1
27 -16 0
27 -16 1
27 -16 2
27 -15 -6
27 -15 -5
27 -15 -4
27 -15 -3
27 -15 -2
27 -15 -1
27 -15 0
27 -15 1
27 -15 2
27 -15 3
27 -15 4
27 -15 5
27 -15 6
27 -14 -8
27 -14 -7
27 -14 -6
27 -14 -5
27 -14 -4
27 -14 4
27 -14 5
27 -14 6
27 -14 7
27 -14 8
27 -13 -9
27 -13 -8
27 -13 -7
27 -13 7
27 -13 8
27 -13 9
27 -12 -10
27 -12 -9
27 -12 9
27 -12 10
27 -11 -11
27 -11 -10
27 -11 10
27 -11 11
27 -10 -12
27 -10 -11
27 -10 11
27 -10 12
27 -9 -13
27 -9 -12
27 -9 12
27 -9 13
27 -8 -14
27 -8 -13
27 -8 13
27 -8 14
27 -7 -14
27 -7 -13
27 -7 13
27 -7 14
27 -6 -15
27 -6 -14
27 -6 14
27 -6 15
27 -5 -15
27 -5 -14
27 -5 14
27 -5 15
27 -4 -15
27 -4 -14
27 -4 14
27 -4 15
27 -3 -15
27 -3 15
27 -2 -16
27 -2 -15
27 -2 15
27 -2 16
27 -1 -16
27 -1 -15
27 -1 15
27 -1 16
27 0 -16
27 0 -15
27 0 15
27 0 16
27 1 -16
27 1 -15
27 1 15
27 1 16
27 2 -16
27 2 -15
27 2 15
27 2 16
27 3 -15
27 3 15
27 4 -15
27 4 -14
27 4 14
27 4 15
27 5 -15
27 5 -14
27 5 14
27 5 15
27 6 -15
27 6 -14
27 6 14
27 6 15
27 7 -14
27 7 -13
27 7 13
27 7 14
27 8 -14
27 8 -13
27 8 13
27 8 14
27 9 -13
27 9 -12
27 9 12
27 9 13
27 10 -12
27 10 -11
27 10 11
27 10 12
27 11 -11
27 11 -10
27 11 10
27 11 11
27 12 -10
27 12 -9
27 12 9
27 12 10
27 13 -9
27 13 -8
27 13 -7
27 13 7
27 13 8
27 13 9
27 14 -8
27 14 -7
27 14 -6
27 14 -5
27 14 -4
27 14 4
27 14 5
27 14 6
27 14 7
27 14 8
27 15 -6
27 15 -5
27 15 -4
27 15 -3
27 15 -2
27 15 -1
27 15 0
27 15 1
27 15 2
27 15 3
27 15 4
27 15 5
27 15 6
27 16 -2
27 16 -1
27 16 0
27 16 1
27 16 2
28 -14 -3
28 -14 -2
28 -14 -1
28 -14 0
28 -14 1
28 -14 2
28 -14 3
28 -13 -6
28 -13 -5
28 -13 -4
28 -13 -3
28 -13 -2
28 -13 -1
28 -13 0
28 -13 1
28 -13 2
28 -13 3
28 -13 4
28 -13 5
28 -13 6
28 -12 -8
28 -12 -7
28 -12 -6
28 -12 -5
28 -12 -4
28 -12 -3
28 -12 3
28 -12 4
28 -12 5
28 -12 6
28 -12 7
28 -12 8
28 -11 -9
28 -11 -8
28 -11 -7
28 -11 -6
28 -11 6
28 -11 7
28 -11 8
28 -11 9
28 -10 -10
28 -10 -9
28 -10 -8
28 -10 8
28 -10 9
28 -10 10
28 -9 -11
28 -9 -10
28 -9 -9
28 -9 9
28 -9 10
28 -9 11
28 -8 -12
28 -8 -11
28 -8 -10
28 -8 10
28 -8 11
28 -8 12
28 -7 -12
28 -7 -11
28 -7 11
28 -7 12
28 -6 -13
28 -6 -12
28 -6 -11
28 -6 11
28 -6 12
28 -6 13
28 -5 -13
28 -5 -12
28 -5 12
28 -5 13
28 -4 -13
28 -4 -12
28 -4 12
28 -4 13
28 -3 -14
28 -3 -13
28 -3 -12
28 -3 12
28 -3 13
28 -3 14
28 -2 -14
28 -2 -13
28 -2 13
28 -2 14
28 -1 -14
28 -1 -13
28 -1 13
28 -1 14
28 0 -14
28 0 -13
28 0 13
28 0 14
28 1 -14
28 1 -13
28 1 13
28 1 14
28 2 -14
28 2 -13
28 2 13
28 2 14
28 3 -14
28 3 -13
28 3 -12
28 3 12
28 3 13
28 3 14
28 4 -13
28 4 -12
28 4 12
28 4 13
28 5 -13
28 5 -12
28 5 12
28 5 13
28 6 -13
28 6 -12
28 6 -11
28 6 11
28 6 12
28 6 13
28 7 -12
28 7 -11
28 7 11
28 7 12
28 8 -12
28 8 -11
28 8 -10
28 8 10
28 8 11
28 8 12
28 9 -11
28 9 -10
28 9 -9
28 9 9
28 9 10
28 9 11
28 10 -10
28 10 -9
28 10 -8
28 10 8
28 10 9
28 10 10
28 11 -9
28 11 -8
28 11 -7
28 11 -6
28 11 6
28 11 7
28 11 8
28 11 9
28 12 -8
28 12 -7
28 12 -6
28 12 -5
28 12 -4
28 12 -3
28 12 3
28 12 4
28 12 5
28 12 6
28 12 7
28 12 8
28 13 -6
28 13 -5
28 13 -4
28 13 -3
28 13 -2
28 13 -1
28 13 0
28 13 1
28 13 2
28 13 3
28 13 4
28 13 5
28 13 6
28 14 -3
28 14 -2
28 14 -1
28 14 0
28 14 1
28 14 2
28 14 3
29 -12 -2
29 -12 -1
29 -12 0
29 -12 1
29 -12 2
29 -11 -5
29 -11 -4
29 -11 -3
29 -11 -2
29 -11 -1
29 -11 0
29 -11 1
29 -11 2
29 -11 3
29 -11 4
29 -11 5
29 -10 -7
29 -10 -6
29 -10 -5
29 -10 -4
29 -10 -3
29 -10 -2
29 -10 -1
29 -10 0
29 -10 1
29 -10 2
29 -10 3
29 -10 4
29 -10 5
29 -10 6
29 -10 7
29 -9 -8
29 -9 -7
29 -9 -6
29 -9 -5
29 -9 -4
29 -9 4
29 -9 5
29 -9 6
29 -9 7
29 -9 8
29 -8 -9
29 -8 -8
29 -8 -7
29 -8 -6
29 -8 6
29 -8 7
29 -8 8
29 -8 9
29 -7 -10
29 -7 -9
29 -7 -8
29 -7 -7
29 -7 7
29 -7 8
29 -7 9
29 -7 10
29 -6 -10
29 -6 -9
29 -6 -8
29 -6 8
29 -6 9
29 -6 10
29 -5 -11
29 -5 -10
29 -5 -9
29 -5 9
29 -5 10
29 -5 11
29 -4 -11
29 -4 -10
29 -4 -9
29 -4 9
29 -4 10
29 -4 11
29 -3 -11
29 -3 -10
29 -3 10
29 -3 11
29 -2 -12
29 -2 -11
29 -2 -10
29 -2 10
29 -2 11
29 -2 12
29 -1 -12
29 -1 -11
29 -1 -10
29 -1 10
29 -1 11
29 -1 12
29 0 -12
29 0 -11
29 0 -10
29 0 10
29 0 11
29 0 12
29 1 -12
29 1 -11
29 1 -10
29 1 10
29 1 11
29 1 12
29 2 -12
29 2 -11
29 2 -10
29 2 10
29 2 11
29 2 12
29 3 -11
29 3 -10
29 3 10
29 3 11
29 4 -11
29 4 -10
29 4 -9
29 4 9
29 4 10
29 4 11
29 5 -11
29 5 -10
29 5 -9
29 5 9
29 5 10
29 5 11
29 6 -10
29 6 -9
29 6 -8
29 6 8
29 6 9
29 6 10
29 7 -10
29 7 -9
29 7 -8
29 7 -7
29 7 7
29 7 8
29 7 9
29 7 10
29 8 -9
29 8 -8
29 8 -7
29 8 -6
29 8 6
29 8 7
29 8 8
29 8 9
29 9 -8
29 9 -7
29 9 -6
29 9 -5
29 9 -4
29 9 4
29 9 5
29 9 6
29 9 7
29 9 8
29 10 -7
29 10 -6
29 10 -5
29 10 -4
29 10 -3
29 10 -2
29 10 -1
29 10 0
29 10 1
29 10 2
29 10 3
29 10 4
29 10 5
29 10 6
29 10 7
29 11 -5
29 11 -4
29 11 -3
29 11 -2
29 11 -1
29 11 0
29 11 1
29 11 2
29 11 3
29 11 4
29 11 5
29 12 -2
29 12 -1
29 12 0
29 12 1
29 12 2
30 -9 -3
30 -9 -2
30 -9 -1
30 -9 0
30 -9 1
30 -9 2
30 -9 3
30 -8 -5
30 -8 -4
30 -8 -3
30 -8 -2
30 -8 -1
30 -8 0
30 -8 1
30 -8 2
30 -8 3
30 -8 4
30 -8 5
30 -7 -6
30 -7 -5
30 -7 -4
30 -7 -3
30 -7 -2
30 -7 -1
30 -7 0
30 -7 1
30 -7 2
30 -7 3
30 -7 4
30 -7 5
30 -7 6
30 -6 -7
30 -6 -6
30 -6 -5
30 -6 -4
30 -6 -3
30 -6 -2
30 -6 -1
30 -6 0
30 -6 1
30 -6 2
30 -6 3
30 -6 4
30 -6 5
30 -6 6
30 -6 7
30 -5 -8
30 -5 -7
30 -5 -6
30 -5 -5
30 -5 -4
30 -5 -3
30 -5 3
30 -5 4
30 -5 5
30 -5 6
30 -5 7
30 -5 8
30 -4 -8
30 -4 -7
30 -4 -6
30 -4 -5
30 -4 -4
30 -4 4
30 -4 5
30 -4 6
30 -4 7
30 -4 8
30 -3 -9
30 -3 -8
30 -3 -7
30 -3 -6
30 -3 -5
30 -3 5
30 -3 6
30 -3 7
30 -3 8
30 -3 9
30 -2 -9
30 -2 -8
30 -2 -7
30 -2 -6
30 -2 6
30 -2 7
30 -2 8
30 -2 9
30 -1 -9
30 -1 -8
30 -1 -7
30 -1 -6
30 -1 6
30 -1 7
30 -1 8
30 -1 9
30 0 -9
30 0 -8
30 0 -7
30 0 -6
30 0 6
30 0 7
30 0 8
30 0 9
30 1 -9
30 1 -8
30 1 -7
30 1 -6
30 1 6
30 1 7
30 1 8
30 1 9
30 2 -9
30 2 -8
30 2 -7
30 2 -6
30 2 6
30 2 7
30 2 8
30 2 9
30 3 -9
30 3 -8
30 3 -7
30 3 -6
30 3 -5
30 3 5
30 3 6
30 3 7
30 3 8
30 3 9
30 4 -8
30 4 -7
30 4 -6
30 4 -5
30 4 -4
30 4 4
30 4 5
30 4 6
30 4 7
30 4 8
30 5 -8
30 5 -7
30 5 -6
30 5 -5
30 5 -4
30 5 -3
30 5 3
30 5 4
30 5 5
30 5 6
30 5 7
30 5 8
30 6 -7
30 6 -6
30 6 -5
30 6 -4
30 6 -3
30 6 -2
30 6 -1
30 6 0
30 6 1
30 6 2
30 6 3
30 6 4
30 6 5
30 6 6
30 6 7
30 7 -6
30 7 -5
30 7 -4
30 7 -3
30 7 -2
30 7 -1
30 7 0
30 7 1
30 7 2
30 7 3
30 7 4
30 7 5
30 7 6
30 8 -5
30 8 -4
30 8 -3
30 8 -2
30 8 -1
30 8 0
30 8 1
30 8 2
30 8 3
30 8 4
30 8 5
30 9 -3
30 9 -2
30 9 -1
30 9 0
30 9 1
30 9 2
30 9 3
31 -5 -2
31 -5 -1
31 -5 0
31 -5 1
31 -5 2
31 -4 -3
31 -4 -2
31 -4 -1
31 -4 0
31 -4 1
31 -4 2
31 -4 3
31 -3 -4
31 -3 -3
31 -3 -2
31 -3 -1
31 -3 0
31 -3 1
31 -3 2
31 -3 3
31 -3 4
31 -2 -5
31 -2 -4
31 -2 -3
31 -2 -2
31 -2 -1
31 -2 0
31 -2 1
31 -2 2
31 -2 3
31 -2 4
31 -2 5
31 -1 -5
31 -1 -4
31 -1 -3
31 -1 -2
31 -1 -1
31 -1 0
31 -1 1
31 -1 2
31 -1 3
31 -1 4
31 -1 5
31 0 -5
31 0 -4
31 0 -3
31 0 -2
31 0 -1
31 0 0
31 0 1
31 0 2
31 0 3
31 0 4
31 0 5
31 1 -5
31 1 -4
31 1 -3
31 1 -2
31 1 -1
31 1 0
31 1 1
31 1 2
31 1 3
31 1 4
31 1 5
31 2 -5
31 2 -4
31 2 -3
31 2 -2
31 2 -1
31 2 0
31 2 1
31 2 2
31 2 3
31 2 4
31 2 5
31 3 -4
31 3 -3
31 3 -2
31 3 -1
31 3 0
31 3 1
31 3 2
31 3 3
31 3 4
31 4 -3
31 4 -2
31 4 -1
31 4 0
31 4 1
31 4 2
31 4 3
31 5 -2
31 5 -1
31 5 0
31 5 1
31 5 2
