-21 -4 -2
-21 -4 -1
-21 -4 0
-21 -4 1
-21 -4 2
-21 -3 -3
-21 -3 -2
-21 -3 -1
-21 -3 0
-21 -3 1
-21 -3 2
-21 -3 3
-21 -2 -4
-21 -2 -3
-21 -2 -2
-21 -2 -1
-21 -2 0
-21 -2 1
-21 -2 2
-21 -2 3
-21 -2 4
-21 -1 -4
-21 -1 -3
-21 -1 -2
-21 -1 -1
-21 -1 0
-21 -1 1
-21 -1 2
-21 -1 3
-21 -1 4
-21 0 -4
-21 0 -3
-21 0 -2
-21 0 -1
-21 0 0
-21 0 1
-21 0 2
-21 0 3
-21 0 4
-21 1 -4
-21 1 -3
-21 1 -2
-21 1 -1
-21 1 0
-21 1 1
-21 1 2
-21 1 3
-21 1 4
-21 2 -4
-21 2 -3
-21 2 -2
-21 2 -1
-21 2 0
-21 2 1
-21 2 2
-21 2 3
-21 2 4
-21 3 -3
-21 3 -2
-21 3 -1
-21 3 0
-21 3 1
-21 3 2
-21 3 3
-21 4 -2
-21 4 -1
-21 4 0
-21 4 1
-21 4 2
-20 -7 -3
-20 -7 -2
-20 -7 -1
-20 -7 0
-20 -7 1
-20 -7 2
-20 -7 3
-20 -6 -5
-20 -6 -4
-20 -6 -3
-20 -6 -2
-20 -6 -1
-20 -6 0
-20 -6 1
-20 -6 2
-20 -6 3
-20 -6 4
-20 -6 5
-20 -5 -6
-20 -5 -5
-20 -5 -4
-20 -5 -3
-20 -5 -2
-20 -5 -1
-20 -5 0
-20 -5 1
-20 -5 2
-20 -5 3
-20 -5 4
-20 -5 5
-20 -5 6
-20 -4 -6
-20 -4 -5
-20 -4 -4
-20 -4 -3
-20 -4 3
-20 -4 4
-20 -4 5
-20 -4 6
-20 -3 -7
-20 -3 -6
-20 -3 -5
-20 -3 -4
-20 -3 4
-20 -3 5
-20 -3 6
-20 -3 7
-20 -2 -7
-20 -2 -6
-20 -2 -5
-20 -2 5
-20 -2 6
-20 -2 7
-20 -1 -7
-20 -1 -6
-20 -1 -5
-20 -1 5
-20 -1 6
-20 -1 7
-20 0 -7
-20 0 -6
-20 0 -5
-20 0 5
-20 0 6
-20 0 7
-20 1 -7
-20 1 -6
-20 1 -5
-20 1 5
-20 1 6
-20 1 7
-20 2 -7
-20 2 -6
-20 2 -5
-20 2 5
-20 2 6
-20 2 7
-20 3 -7
-20 3 -6
-20 3 -5
-20 3 -4
-20 3 4
-20 3 5
-20 3 6
-20 3 7
-20 4 -6
-20 4 -5
-20 4 -4
-20 4 -3
-20 4 3
-20 4 4
-20 4 5
-20 4 6
-20 5 -6
-20 5 -5
-20 5 -4
-20 5 -3
-20 5 -2
-20 5 -1
-20 5 0
-20 5 1
-20 5 2
-20 5 3
-20 5 4
-20 5 5
-20 5 6
-20 6 -5
-20 6 -4
-20 6 -3
-20 6 -2
-20 6 -1
-20 6 0
-20 6 1
-20 6 2
-20 6 3
-20 6 4
-20 6 5
-20 7 -3
-20 7 -2
-20 7 -1
-20 7 0
-20 7 1
-20 7 2
-20 7 3
-19 -10 -1
-19 -10 0
-19 -10 1
-19 -9 -4
-19 -9 -3
-19 -9 -2
-19 -9 -1
-19 -9 0
-19 -9 1
-19 -9 2
-19 -9 3
-19 -9 4
-19 -8 -6
-19 -8 -5
-19 -8 -4
-19 -8 -3
-19 -8 -2
-19 -8 -1
-19 -8 0
-19 -8 1
-19 -8 2
-19 -8 3
-19 -8 4
-19 -8 5
-19 -8 6
-19 -7 -7
-19 -7 -6
-19 -7 -5
-19 -7 -4
-19 -7 4
-19 -7 5
-19 -7 6
-19 -7 7
-19 -6 -8
-19 -6 -7
-19 -6 -6
-19 -6 6
-19 -6 7
-19 -6 8
-19 -5 -8
-19 -5 -7
-19 -5 7
-19 -5 8
-19 -4 -9
-19 -4 -8
-19 -4 -7
-19 -4 7
-19 -4 8
-19 -4 9
-19 -3 -9
-19 -3 -8
-19 -3 8
-19 -3 9
-19 -2 -9
-19 -2 -8
-19 -2 8
-19 -2 9
-19 -1 -10
-19 -1 -9
-19 -1 -8
-19 -1 8
-19 -1 9
-19 -1 10
-19 0 -10
-19 0 -9
-19 0 -8
-19 0 8
-19 0 9
-19 0 10
-19 1 -10
-19 1 -9
-19 1 -8
-19 1 8
-19 1 9
-19 1 10
-19 2 -9
-19 2 -8
-19 2 8
-19 2 9
-19 3 -9
-19 3 -8
-19 3 8
-19 3 9
-19 4 -9
-19 4 -8
-19 4 -7
-19 4 7
-19 4 8
-19 4 9
-19 5 -8
-19 5 -7
-19 5 7
-19 5 8
-19 6 -8
-19 6 -7
-19 6 -6
-19 6 6
-19 6 7
-19 6 8
-19 7 -7
-19 7 -6
-19 7 -5
-19 7 -4
-19 7 4
-19 7 5
-19 7 6
-19 7 7
-19 8 -6
-19 8 -5
-19 8 -4
-19 8 -3
-19 8 -2
-19 8 -1
-19 8 0
-19 8 1
-19 8 2
-19 8 3
-19 8 4
-19 8 5
-19 8 6
-19 9 -4
-19 9 -3
-19 9 -2
-19 9 -1
-19 9 0
-19 9 1
-19 9 2
-19 9 3
-19 9 4
-19 10 -1
-19 10 0
-19 10 1
-18 -11 -4
-18 -11 -3
-18 -11 -2
-18 -11 -1
-18 -11 0
-18 -11 1
-18 -11 2
-18 -11 3
-18 -11 4
-18 -10 -6
-18 -10 -5
-18 -10 -4
-18 -10 -3
-18 -10 -2
-18 -10 2
-18 -10 3
-18 -10 4
-18 -10 5
-18 -10 6
-18 -9 -7
-18 -9 -6
-18 -9 -5
-18 -9 5
-18 -9 6
-18 -9 7
-18 -8 -8
-18 -8 -7
-18 -8 7
-18 -8 8
-18 -7 -9
-18 -7 -8
-18 -7 8
-18 -7 9
-18 -6 -10
-18 -6 -9
-18 -6 9
-18 -6 10
-18 -5 -10
-18 -5 -9
-18 -5 9
-18 -5 10
-18 -4 -11
-18 -4 -10
-18 -4 10
-18 -4 11
-18 -3 -11
-18 -3 -10
-18 -3 10
-18 -3 11
-18 -2 -11
-18 -2 -10
-18 -2 10
-18 -2 11
-18 -1 -11
-18 -1 11
-18 0 -11
-18 0 11
-18 1 -11
-18 1 11
-18 2 -11
-18 2 -10
-18 2 10
-18 2 11
-18 3 -11
-18 3 -10
-18 3 10
-18 3 11
-18 4 -11
-18 4 -10
-18 4 10
-18 4 11
-18 5 -10
-18 5 -9
-18 5 9
-18 5 10
-18 6 -10
-18 6 -9
-18 6 9
-18 6 10
-18 7 -9
-18 7 -8
-18 7 8
-18 7 9
-18 8 -8
-18 8 -7
-18 8 7
-18 8 8
-18 9 -7
-18 9 -6
-18 9 -5
-18 9 5
-18 9 6
-18 9 7
-18 10 -6
-18 10 -5
-18 10 -4
-18 10 -3
-18 10 -2
-18 10 2
-18 10 3
-18 10 4
-18 10 5
-18 10 6
-18 11 -4
-18 11 -3
-18 11 -2
-18 11 -1
-18 11 0
-18 11 1
-18 11 2
-18 11 3
-18 11 4
-17 -13 -2
-17 -13 -1
-17 -13 0
-17 -13 1
-17 -13 2
-17 -12 -5
-17 -12 -4
-17 -12 -3
-17 -12 -2
-17 -12 -1
-17 -12 0
-17 -12 1
-17 -12 2
-17 -12 3
-17 -12 4
-17 -12 5
-17 -11 -7
-17 -11 -6
-17 -11 -5
-17 -11 5
-17 -11 6
-17 -11 7
-17 -10 -8
-17 -10 -7
-17 -10 7
-17 -10 8
-17 -9 -9
-17 -9 -8
-17 -9 8
-17 -9 9
-17 -8 -10
-17 -8 -9
-17 -8 9
-17 -8 10
-17 -7 -11
-17 -7 -10
-17 -7 10
-17 -7 11
-17 -6 -11
-17 -6 11
-17 -5 -12
-17 -5 -11
-17 -5 11
-17 -5 12
-17 -4 -12
-17 -4 12
-17 -3 -12
-17 -3 12
-17 -2 -13
-17 -2 -12
-17 -2 12
-17 -2 13
-17 -1 -13
-17 -1 -12
-17 -1 12
-17 -1 13
-17 0 -13
-17 0 -12
-17 0 12
-17 0 13
-17 1 -13
-17 1 -12
-17 1 12
-17 1 13
-17 2 -13
-17 2 -12
-17 2 12
-17 2 13
-17 3 -12
-17 3 12
-17 4 -12
-17 4 12
-17 5 -12
-17 5 -11
-17 5 11
-17 5 12
-17 6 -11
-17 6 11
-17 7 -11
-17 7 -10
-17 7 10
-17 7 11
-17 8 -10
-17 8 -9
-17 8 9
-17 8 10
-17 9 -9
-17 9 -8
-17 9 8
-17 9 9
-17 10 -8
-17 10 -7
-17 10 7
-17 10 8
-17 11 -7
-17 11 -6
-17 11 -5
-17 11 5
-17 11 6
-17 11 7
-17 12 -5
-17 12 -4
-17 12 -3
-17 12 -2
-17 12 -1
-17 12 0
-17 12 1
-17 12 2
-17 12 3
-17 12 4
-17 12 5
-17 13 -2
-17 13 -1
-17 13 0
-17 13 1
-17 13 2
-16 -14 -3
-16 -14 -2
-16 -14 -1
-16 -14 0
-16 -14 1
-16 -14 2
-16 -14 3
-16 -13 -6
-16 -13 -5
-16 -13 -4
-16 -13 -3
-16 -13 3
-16 -13 4
-16 -13 5
-16 -13 6
-16 -12 -7
-16 -12 -6
-16 -12 6
-16 -12 7
-16 -11 -9
-16 -11 -8
-16 -11 8
-16 -11 9
-16 -10 -10
-16 -10 -9
-16 -10 9
-16 -10 10
-16 -9 -11
-16 -9 -10
-16 -9 10
-16 -9 11
-16 -8 -11
-16 -8 11
-16 -7 -12
-16 -7 12
-16 -6 -13
-16 -6 -12
-16 -6 12
-16 -6 13
-16 -5 -13
-16 -5 13
-16 -4 -13
-16 -4 13
-16 -3 -14
-16 -3 -13
-16 -3 13
-16 -3 14
-16 -2 -14
-16 -2 14
-16 -1 -14
-16 -1 14
-16 0 -14
-16 0 14
-16 1 -14
-16 1 14
-16 2 -14
-16 2 14
-16 3 -14
-16 3 -13
-16 3 13
-16 3 14
-16 4 -13
-16 4 13
-16 5 -13
-16 5 13
-16 6 -13
-16 6 -12
-16 6 12
-16 6 13
-16 7 -12
-16 7 12
-16 8 -11
-16 8 11
-16 9 -11
-16 9 -10
-16 9 10
-16 9 11
-16 10 -10
-16 10 -9
-16 10 9
-16 10 10
-16 11 -9
-16 11 -8
-16 11 8
-16 11 9
-16 12 -7
-16 12 -6
-16 12 6
-16 12 7
-16 13 -6
-16 13 -5
-16 13 -4
-16 13 -3
-16 13 3
-16 13 4
-16 13 5
-16 13 6
-16 14 -3
-16 14 -2
-16 14 -1
-16 14 0
-16 14 1
-16 14 2
-16 14 3
-15 -15 -3
-15 -15 -2
-15 -15 -1
-15 -15 0
-15 -15 1
-15 -15 2
-15 -15 3
-15 -14 -6
-15 -14 -5
-15 -14 -4
-15 -14 4
-15 -14 5
-15 -14 6
-15 -13 -8
-15 -13 -7
-15 -13 7
-15 -13 8
-15 -12 -9
-15 -12 -8
-15 -12 8
-15 -12 9
-15 -11 -10
-15 -11 10
-15 -10 -11
-15 -10 11
-15 -9 -12
-15 -9 12
-15 -8 -13
-15 -8 -12
-15 -8 12
-15 -8 13
-15 -7 -13
-15 -7 13
-15 -6 -14
-15 -6 14
-15 -5 -14
-15 -5 14
-15 -4 -14
-15 -4 14
-15 -3 -15
-15 -3 15
-15 -2 -15
-15 -2 15
-15 -1 -15
-15 -1 15
-15 0 -15
-15 0 15
-15 1 -15
-15 1 15
-15 2 -15
-15 2 15
-15 3 -15
-15 3 15
-15 4 -14
-15 4 14
-15 5 -14
-15 5 14
-15 6 -14
-15 6 14
-15 7 -13
-15 7 13
-15 8 -13
-15 8 -12
-15 8 12
-15 8 13
-15 9 -12
-15 9 12
-15 10 -11
-15 10 11
-15 11 -10
-15 11 10
-15 12 -9
-15 12 -8
-15 12 8
-15 12 9
-15 13 -8
-15 13 -7
-15 13 7
-15 13 8
-15 14 -6
-15 14 -5
-15 14 -4
-15 14 4
-15 14 5
-15 14 6
-15 15 -3
-15 15 -2
-15 15 -1
-15 15 0
-15 15 1
-15 15 2
-15 15 3
-14 -16 -3
-14 -16 -2
-14 -16 -1
-14 -16 0
-14 -16 1
-14 -16 2
-14 -16 3
-14 -15 -6
-14 -15 -5
-14 -15 -4
-14 -15 4
-14 -15 5
-14 -15 6
-14 -14 -8
-14 -14 -7
-14 -14 7
-14 -14 8
-14 -13 -9
-14 -13 9
-14 -12 -11
-14 -12 -10
-14 -12 10
-14 -12 11
-14 -11 -12
-14 -11 -11
-14 -11 11
-14 -11 12
-14 -10 -12
-14 -10 12
-14 -9 -13
-14 -9 13
-14 -8 -14
-14 -8 14
-14 -7 -14
-14 -7 14
-14 -6 -15
-14 -6 15
-14 -5 -15
-14 -5 15
-14 -4 -15
-14 -4 15
-14 -3 -16
-14 -3 16
-14 -2 -16
-14 -2 16
-14 -1 -16
-14 -1 16
-14 0 -16
-14 0 16
-14 1 -16
-14 1 16
-14 2 -16
-14 2 16
-14 3 -16
-14 3 16
-14 4 -15
-14 4 15
-14 5 -15
-14 5 15
-14 6 -15
-14 6 15
-14 7 -14
-14 7 14
-14 8 -14
-14 8 14
-14 9 -13
-14 9 13
-14 10 -12
-14 10 12
-14 11 -12
-14 11 -11
-14 11 11
-14 11 12
-14 12 -11
-14 12 -10
-14 12 10
-14 12 11
-14 13 -9
-14 13 9
-14 14 -8
-14 14 -7
-14 14 7
-14 14 8
-14 15 -6
-14 15 -5
-14 15 -4
-14 15 4
-14 15 5
-14 15 6
-14 16 -3
-14 16 -2
-14 16 -1
-14 16 0
-14 16 1
-14 16 2
-14 16 3
-13 -17 -2
-13 -17 -1
-13 -17 0
-13 -17 1
-13 -17 2
-13 -16 -6
-13 -16 -5
-13 -16 -4
-13 -16 -3
-13 -16 3
-13 -16 4
-13 -16 5
-13 -16 6
-13 -15 -8
-13 -15 -7
-13 -15 7
-13 -15 8
-13 -14 -9
-13 -14 9
-13 -13 -11
-13 -13 -10
-13 -13 10
-13 -13 11
-13 -12 -12
-13 -12 12
-13 -11 -13
-13 -11 13
-13 -10 -13
-13 -10 13
-13 -9 -14
-13 -9 14
-13 -8 -15
-13 -8 15
-13 -7 -15
-13 -7 15
-13 -6 -16
-13 -6 16
-13 -5 -16
-13 -5 16
-13 -4 -16
-13 -4 16
-13 -3 -16
-13 -3 16
-13 -2 -17
-13 -2 17
-13 -1 -17
-13 -1 17
-13 0 -17
-13 0 17
-13 1 -17
-13 1 17
-13 2 -17
-13 2 17
-13 3 -16
-13 3 16
-13 4 -16
-13 4 16
-13 5 -16
-13 5 16
-13 6 -16
-13 6 16
-13 7 -15
-13 7 15
-13 8 -15
-13 8 15
-13 9 -14
-13 9 14
-13 10 -13
-13 10 13
-13 11 -13
-13 11 13
-13 12 -12
-13 12 12
-13 13 -11
-13 13 -10
-13 13 10
-13 13 11
-13 14 -9
-13 14 9
-13 15 -8
-13 15 -7
-13 15 7
-13 15 8
-13 16 -6
-13 16 -5
-13 16 -4
-13 16 -3
-13 16 3
-13 16 4
-13 16 5
-13 16 6
-13 17 -2
-13 17 -1
-13 17 0
-13 17 1
-13 17 2
-12 -17 -5
-12 -17 -4
-12 -17 -3
-12 -17 -2
-12 -17 -1
-12 -17 0
-12 -17 1
-12 -17 2
-12 -17 3
-12 -17 4
-12 -17 5
-12 -16 -7
-12 -16 -6
-12 -16 6
-12 -16 7
-12 -15 -9
-12 -15 -8
-12 -15 8
-12 -15 9
-12 -14 -11
-12 -14 -10
-12 -14 10
-12 -14 11
-12 -13 -12
-12 -13 12
-12 -12 -13
-12 -12 13
-12 -11 -14
-12 -11 14
-12 -10 -14
-12 -10 14
-12 -9 -15
-12 -9 15
-12 -8 -15
-12 -8 15
-12 -7 -16
-12 -7 16
-12 -6 -16
-12 -6 16
-12 -5 -17
-12 -5 17
-12 -4 -17
-12 -4 17
-12 -3 -17
-12 -3 17
-12 -2 -17
-12 -2 17
-12 -1 -17
-12 -1 17
-12 0 -17
-12 0 17
-12 1 -17
-12 1 17
-12 2 -17
-12 2 17
-12 3 -17
-12 3 17
-12 4 -17
-12 4 17
-12 5 -17
-12 5 17
-12 6 -16
-12 6 16
-12 7 -16
-12 7 16
-12 8 -15
-12 8 15
-12 9 -15
-12 9 15
-12 10 -14
-12 10 14
-12 11 -14
-12 11 14
-12 12 -13
-12 12 13
-12 13 -12
-12 13 12
-12 14 -11
-12 14 -10
-12 14 10
-12 14 11
-12 15 -9
-12 15 -8
-12 15 8
-12 15 9
-12 16 -7
-12 16 -6
-12 16 6
-12 16 7
-12 17 -5
-12 17 -4
-12 17 -3
-12 17 -2
-12 17 -1
-12 17 0
-12 17 1
-12 17 2
-12 17 3
-12 17 4
-12 17 5
-11 -18 -4
-11 -18 -3
-11 -18 -2
-11 -18 -1
-11 -18 0
-11 -18 1
-11 -18 2
-11 -18 3
-11 -18 4
-11 -17 -7
-11 -17 -6
-11 -17 -5
-11 -17 5
-11 -17 6
-11 -17 7
-11 -16 -9
-11 -16 -8
-11 -16 8
-11 -16 9
-11 -15 -10
-11 -15 10
-11 -14 -12
-11 -14 -11
-11 -14 11
-11 -14 12
-11 -13 -13
-11 -13 13
-11 -12 -14
-11 -12 14
-11 -11 -14
-11 -11 14
-11 -10 -15
-11 -10 15
-11 -9 -16
-11 -9 16
-11 -8 -16
-11 -8 16
-11 -7 -17
-11 -7 17
-11 -6 -17
-11 -6 17
-11 -5 -17
-11 -5 17
-11 -4 -18
-11 -4 18
-11 -3 -18
-11 -3 18
-11 -2 -18
-11 -2 18
-11 -1 -18
-11 -1 18
-11 0 -18
-11 0 18
-11 1 -18
-11 1 18
-11 2 -18
-11 2 18
-11 3 -18
-11 3 18
-11 4 -18
-11 4 18
-11 5 -17
-11 5 17
-11 6 -17
-11 6 17
-11 7 -17
-11 7 17
-11 8 -16
-11 8 16
-11 9 -16
-11 9 16
-11 10 -15
-11 10 15
-11 11 -14
-11 11 14
-11 12 -14
-11 12 14
-11 13 -13
-11 13 13
-11 14 -12
-11 14 -11
-11 14 11
-11 14 12
-11 15 -10
-11 15 10
-11 16 -9
-11 16 -8
-11 16 8
-11 16 9
-11 17 -7
-11 17 -6
-11 17 -5
-11 17 5
-11 17 6
-11 17 7
-11 18 -4
-11 18 -3
-11 18 -2
-11 18 -1
-11 18 0
-11 18 1
-11 18 2
-11 18 3
-11 18 4
-10 -19 -1
-10 -19 0
-10 -19 1
-10 -18 -6
-10 -18 -5
-10 -18 -4
-10 -18 -3
-10 -18 -2
-10 -18 2
-10 -18 3
-10 -18 4
-10 -18 5
-10 -18 6
-10 -17 -8
-10 -17 -7
-10 -17 7
-10 -17 8
-10 -16 -10
-10 -16 -9
-10 -16 9
-10 -16 10
-10 -15 -11
-10 -15 11
-10 -14 -12
-10 -14 12
-10 -13 -13
-10 -13 13
-10 -12 -14
-10 -12 14
-10 -11 -15
-10 -11 15
-10 -10 -16
-10 -10 16
-10 -9 -16
-10 -9 16
-10 -8 -17
-10 -8 17
-10 -7 -17
-10 -7 17
-10 -6 -18
-10 -6 18
-10 -5 -18
-10 -5 18
-10 -4 -18
-10 -4 18
-10 -3 -18
-10 -3 18
-10 -2 -18
-10 -2 18
-10 -1 -19
-10 -1 19
-10 0 -19
-10 0 19
-10 1 -19
-10 1 19
-10 2 -18
-10 2 18
-10 3 -18
-10 3 18
-10 4 -18
-10 4 18
-10 5 -18
-10 5 18
-10 6 -18
-10 6 18
-10 7 -17
-10 7 17
-10 8 -17
-10 8 17
-10 9 -16
-10 9 16
-10 10 -16
-10 10 16
-10 11 -15
-10 11 15
-10 12 -14
-10 12 14
-10 13 -13
-10 13 13
-10 14 -12
-10 14 12
-10 15 -11
-10 15 11
-10 16 -10
-10 16 -9
-10 16 9
-10 16 10
-10 17 -8
-10 17 -7
-10 17 7
-10 17 8
-10 18 -6
-10 18 -5
-10 18 -4
-10 18 -3
-10 18 -2
-10 18 2
-10 18 3
-10 18 4
-10 18 5
-10 18 6
-10 19 -1
-10 19 0
-10 19 1
-9 -19 -4
-9 -19 -3
-9 -19 -2
-9 -19 -1
-9 -19 0
-9 -19 1
-9 -19 2
-9 -19 3
-9 -19 4
-9 -18 -7
-9 -18 -6
-9 -18 -5
-9 -18 5
-9 -18 6
-9 -18 7
-9 -17 -9
-9 -17 -8
-9 -17 8
-9 -17 9
-9 -16 -11
-9 -16 -10
-9 -16 10
-9 -16 11
-9 -15 -12
-9 -15 12
-9 -14 -13
-9 -14 13
-9 -13 -14
-9 -13 14
-9 -12 -15
-9 -12 15
-9 -11 -16
-9 -11 16
-9 -10 -16
-9 -10 16
-9 -9 -17
-9 -9 17
-9 -8 -17
-9 -8 17
-9 -7 -18
-9 -7 18
-9 -6 -18
-9 -6 18
-9 -5 -18
-9 -5 18
-9 -4 -19
-9 -4 19
-9 -3 -19
-9 -3 19
-9 -2 -19
-9 -2 19
-9 -1 -19
-9 -1 19
-9 0 -19
-9 0 19
-9 1 -19
-9 1 19
-9 2 -19
-9 2 19
-9 3 -19
-9 3 19
-9 4 -19
-9 4 19
-9 5 -18
-9 5 18
-9 6 -18
-9 6 18
-9 7 -18
-9 7 18
-9 8 -17
-9 8 17
-9 9 -17
-9 9 17
-9 10 -16
-9 10 16
-9 11 -16
-9 11 16
-9 12 -15
-9 12 15
-9 13 -14
-9 13 14
-9 14 -13
-9 14 13
-9 15 -12
-9 15 12
-9 16 -11
-9 16 -10
-9 16 10
-9 16 11
-9 17 -9
-9 17 -8
-9 17 8
-9 17 9
-9 18 -7
-9 18 -6
-9 18 -5
-9 18 5
-9 18 6
-9 18 7
-9 19 -4
-9 19 -3
-9 19 -2
-9 19 -1
-9 19 0
-9 19 1
-9 19 2
-9 19 3
-9 19 4
-8 -19 -6
-8 -19 -5
-8 -19 -4
-8 -19 -3
-8 -19 -2
-8 -19 -1
-8 -19 0
-8 -19 1
-8 -19 2
-8 -19 3
-8 -19 4
-8 -19 5
-8 -19 6
-8 -18 -8
-8 -18 -7
-8 -18 7
-8 -18 8
-8 -17 -10
-8 -17 -9
-8 -17 9
-8 -17 10
-8 -16 -11
-8 -16 11
-8 -15 -13
-8 -15 -12
-8 -15 12
-8 -15 13
-8 -14 -14
-8 -14 14
-8 -13 -15
-8 -13 15
-8 -12 -15
-8 -12 15
-8 -11 -16
-8 -11 16
-8 -10 -17
-8 -10 17
-8 -9 -17
-8 -9 17
-8 -8 -18
-8 -8 18
-8 -7 -18
-8 -7 18
-8 -6 -19
-8 -6 19
-8 -5 -19
-8 -5 19
-8 -4 -19
-8 -4 19
-8 -3 -19
-8 -3 19
-8 -2 -19
-8 -2 19
-8 -1 -19
-8 -1 19
-8 0 -19
-8 0 19
-8 1 -19
-8 1 19
-8 2 -19
-8 2 19
-8 3 -19
-8 3 19
-8 4 -19
-8 4 19
-8 5 -19
-8 5 19
-8 6 -19
-8 6 19
-8 7 -18
-8 7 18
-8 8 -18
-8 8 18
-8 9 -17
-8 9 17
-8 10 -17
-8 10 17
-8 11 -16
-8 11 16
-8 12 -15
-8 12 15
-8 13 -15
-8 13 15
-8 14 -14
-8 14 14
-8 15 -13
-8 15 -12
-8 15 12
-8 15 13
-8 16 -11
-8 16 11
-8 17 -10
-8 17 -9
-8 17 9
-8 17 10
-8 18 -8
-8 18 -7
-8 18 7
-8 18 8
-8 19 -6
-8 19 -5
-8 19 -4
-8 19 -3
-8 19 -2
-8 19 -1
-8 19 0
-8 19 1
-8 19 2
-8 19 3
-8 19 4
-8 19 5
-8 19 6
-7 -20 -3
-7 -20 -2
-7 -20 -1
-7 -20 0
-7 -20 1
-7 -20 2
-7 -20 3
-7 -19 -7
-7 -19 -6
-7 -19 -5
-7 -19 -4
-7 -19 4
-7 -19 5
-7 -19 6
-7 -19 7
-7 -18 -9
-7 -18 -8
-7 -18 8
-7 -18 9
-7 -17 -11
-7 -17 -10
-7 -17 10
-7 -17 11
-7 -16 -12
-7 -16 12
-7 -15 -13
-7 -15 13
-7 -14 -14
-7 -14 14
-7 -13 -15
-7 -13 15
-7 -12 -16
-7 -12 16
-7 -11 -17
-7 -11 17
-7 -10 -17
-7 -10 17
-7 -9 -18
-7 -9 18
-7 -8 -18
-7 -8 18
-7 -7 -19
-7 -7 19
-7 -6 -19
-7 -6 19
-7 -5 -19
-7 -5 19
-7 -4 -19
-7 -4 19
-7 -3 -20
-7 -3 20
-7 -2 -20
-7 -2 20
-7 -1 -20
-7 -1 20
-7 0 -20
-7 0 20
-7 1 -20
-7 1 20
-7 2 -20
-7 2 20
-7 3 -20
-7 3 20
-7 4 -19
-7 4 19
-7 5 -19
-7 5 19
-7 6 -19
-7 6 19
-7 7 -19
-7 7 19
-7 8 -18
-7 8 18
-7 9 -18
-7 9 18
-7 10 -17
-7 10 17
-7 11 -17
-7 11 17
-7 12 -16
-7 12 16
-7 13 -15
-7 13 15
-7 14 -14
-7 14 14
-7 15 -13
-7 15 13
-7 16 -12
-7 16 12
-7 17 -11
-7 17 -10
-7 17 10
-7 17 11
-7 18 -9
-7 18 -8
-7 18 8
-7 18 9
-7 19 -7
-7 19 -6
-7 19 -5
-7 19 -4
-7 19 4
-7 19 5
-7 19 6
-7 19 7
-7 20 -3
-7 20 -2
-7 20 -1
-7 20 0
-7 20 1
-7 20 2
-7 20 3
-6 -20 -5
-6 -20 -4
-6 -20 -3
-6 -20 -2
-6 -20 -1
-6 -20 0
-6 -20 1
-6 -20 2
-6 -20 3
-6 -20 4
-6 -20 5
-6 -19 -8
-6 -19 -7
-6 -19 -6
-6 -19 6
-6 -19 7
-6 -19 8
-6 -18 -10
-6 -18 -9
-6 -18 9
-6 -18 10
-6 -17 -11
-6 -17 11
-6 -16 -13
-6 -16 -12
-6 -16 12
-6 -16 13
-6 -15 -14
-6 -15 14
-6 -14 -15
-6 -14 15
-6 -13 -16
-6 -13 16
-6 -12 -16
-6 -12 16
-6 -11 -17
-6 -11 17
-6 -10 -18
-6 -10 18
-6 -9 -18
-6 -9 18
-6 -8 -19
-6 -8 19
-6 -7 -19
-6 -7 19
-6 -6 -19
-6 -6 19
-6 -5 -20
-6 -5 20
-6 -4 -20
-6 -4 20
-6 -3 -20
-6 -3 20
-6 -2 -20
-6 -2 20
-6 -1 -20
-6 -1 20
-6 0 -20
-6 0 20
-6 1 -20
-6 1 20
-6 2 -20
-6 2 20
-6 3 -20
-6 3 20
-6 4 -20
-6 4 20
-6 5 -20
-6 5 20
-6 6 -19
-6 6 19
-6 7 -19
-6 7 19
-6 8 -19
-6 8 19
-6 9 -18
-6 9 18
-6 10 -18
-6 10 18
-6 11 -17
-6 11 17
-6 12 -16
-6 12 16
-6 13 -16
-6 13 16
-6 14 -15
-6 14 15
-6 15 -14
-6 15 14
-6 16 -13
-6 16 -12
-6 16 12
-6 16 13
-6 17 -11
-6 17 11
-6 18 -10
-6 18 -9
-6 18 9
-6 18 10
-6 19 -8
-6 19 -7
-6 19 -6
-6 19 6
-6 19 7
-6 19 8
-6 20 -5
-6 20 -4
-6 20 -3
-6 20 -2
-6 20 -1
-6 20 0
-6 20 1
-6 20 2
-6 20 3
-6 20 4
-6 20 5
-5 -20 -6
-5 -20 -5
-5 -20 -4
-5 -20 -3
-5 -20 -2
-5 -20 -1
-5 -20 0
-5 -20 1
-5 -20 2
-5 -20 3
-5 -20 4
-5 -20 5
-5 -20 6
-5 -19 -8
-5 -19 -7
-5 -19 7
-5 -19 8
-5 -18 -10
-5 -18 -9
-5 -18 9
-5 -18 10
-5 -17 -12
-5 -17 -11
-5 -17 11
-5 -17 12
-5 -16 -13
-5 -16 13
-5 -15 -14
-5 -15 14
-5 -14 -15
-5 -14 15
-5 -13 -16
-5 -13 16
-5 -12 -17
-5 -12 17
-5 -11 -17
-5 -11 17
-5 -10 -18
-5 -10 18
-5 -9 -18
-5 -9 18
-5 -8 -19
-5 -8 19
-5 -7 -19
-5 -7 19
-5 -6 -20
-5 -6 20
-5 -5 -20
-5 -5 20
-5 -4 -20
-5 -4 20
-5 -3 -20
-5 -3 20
-5 -2 -20
-5 -2 20
-5 -1 -20
-5 -1 20
-5 0 -20
-5 0 20
-5 1 -20
-5 1 20
-5 2 -20
-5 2 20
-5 3 -20
-5 3 20
-5 4 -20
-5 4 20
-5 5 -20
-5 5 20
-5 6 -20
-5 6 20
-5 7 -19
-5 7 19
-5 8 -19
-5 8 19
-5 9 -18
-5 9 18
-5 10 -18
-5 10 18
-5 11 -17
-5 11 17
-5 12 -17
-5 12 17
-5 13 -16
-5 13 16
-5 14 -15
-5 14 15
-5 15 -14
-5 15 14
-5 16 -13
-5 16 13
-5 17 -12
-5 17 -11
-5 17 11
-5 17 12
-5 18 -10
-5 18 -9
-5 18 9
-5 18 10
-5 19 -8
-5 19 -7
-5 19 7
-5 19 8
-5 20 -6
-5 20 -5
-5 20 -4
-5 20 -3
-5 20 -2
-5 20 -1
-5 20 0
-5 20 1
-5 20 2
-5 20 3
-5 20 4
-5 20 5
-5 20 6
-4 -21 -2
-4 -21 -1
-4 -21 0
-4 -21 1
-4 -21 2
-4 -20 -6
-4 -20 -5
-4 -20 -4
-4 -20 -3
-4 -20 3
-4 -20 4
-4 -20 5
-4 -20 6
-4 -19 -9
-4 -19 -8
-4 -19 -7
-4 -19 7
-4 -19 8
-4 -19 9
-4 -18 -11
-4 -18 -10
-4 -18 10
-4 -18 11
-4 -17 -12
-4 -17 12
-4 -16 -13
-4 -16 13
-4 -15 -14
-4 -15 14
-4 -14 -15
-4 -14 15
-4 -13 -16
-4 -13 16
-4 -12 -17
-4 -12 17
-4 -11 -18
-4 -11 18
-4 -10 -18
-4 -10 18
-4 -9 -19
-4 -9 19
-4 -8 -19
-4 -8 19
-4 -7 -19
-4 -7 19
-4 -6 -20
-4 -6 20
-4 -5 -20
-4 -5 20
-4 -4 -20
-4 -4 20
-4 -3 -20
-4 -3 20
-4 -2 -21
-4 -2 21
-4 -1 -21
-4 -1 21
-4 0 -21
-4 0 21
-4 1 -21
-4 1 21
-4 2 -21
-4 2 21
-4 3 -20
-4 3 20
-4 4 -20
-4 4 20
-4 5 -20
-4 5 20
-4 6 -20
-4 6 20
-4 7 -19
-4 7 19
-4 8 -19
-4 8 19
-4 9 -19
-4 9 19
-4 10 -18
-4 10 18
-4 11 -18
-4 11 18
-4 12 -17
-4 12 17
-4 13 -16
-4 13 16
-4 14 -15
-4 14 15
-4 15 -14
-4 15 14
-4 16 -13
-4 16 13
-4 17 -12
-4 17 12
-4 18 -11
-4 18 -10
-4 18 10
-4 18 11
-4 19 -9
-4 19 -8
-4 19 -7
-4 19 7
-4 19 8
-4 19 9
-4 20 -6
-4 20 -5
-4 20 -4
-4 20 -3
-4 20 3
-4 20 4
-4 20 5
-4 20 6
-4 21 -2
-4 21 -1
-4 21 0
-4 21 1
-4 21 2
-3 -21 -3
-3 -21 -2
-3 -21 -1
-3 -21 0
-3 -21 1
-3 -21 2
-3 -21 3
-3 -20 -7
-3 -20 -6
-3 -20 -5
-3 -20 -4
-3 -20 4
-3 -20 5
-3 -20 6
-3 -20 7
-3 -19 -9
-3 -19 -8
-3 -19 8
-3 -19 9
-3 -18 -11
-3 -18 -10
-3 -18 10
-3 -18 11
-3 -17 -12
-3 -17 12
-3 -16 -14
-3 -16 -13
-3 -16 13
-3 -16 14
-3 -15 -15
-3 -15 15
-3 -14 -16
-3 -14 16
-3 -13 -16
-3 -13 16
-3 -12 -17
-3 -12 17
-3 -11 -18
-3 -11 18
-3 -10 -18
-3 -10 18
-3 -9 -19
-3 -9 19
-3 -8 -19
-3 -8 19
-3 -7 -20
-3 -7 20
-3 -6 -20
-3 -6 20
-3 -5 -20
-3 -5 20
-3 -4 -20
-3 -4 20
-3 -3 -21
-3 -3 21
-3 -2 -21
-3 -2 21
-3 -1 -21
-3 -1 21
-3 0 -21
-3 0 21
-3 1 -21
-3 1 21
-3 2 -21
-3 2 21
-3 3 -21
-3 3 21
-3 4 -20
-3 4 20
-3 5 -20
-3 5 20
-3 6 -20
-3 6 20
-3 7 -20
-3 7 20
-3 8 -19
-3 8 19
-3 9 -19
-3 9 19
-3 10 -18
-3 10 18
-3 11 -18
-3 11 18
-3 12 -17
-3 12 17
-3 13 -16
-3 13 16
-3 14 -16
-3 14 16
-3 15 -15
-3 15 15
-3 16 -14
-3 16 -13
-3 16 13
-3 16 14
-3 17 -12
-3 17 12
-3 18 -11
-3 18 -10
-3 18 10
-3 18 11
-3 19 -9
-3 19 -8
-3 19 8
-3 19 9
-3 20 -7
-3 20 -6
-3 20 -5
-3 20 -4
-3 20 4
-3 20 5
-3 20 6
-3 20 7
-3 21 -3
-3 21 -2
-3 21 -1
-3 21 0
-3 21 1
-3 21 2
-3 21 3
-2 -21 -4
-2 -21 -3
-2 -21 -2
-2 -21 -1
-2 -21 0
-2 -21 1
-2 -21 2
-2 -21 3
-2 -21 4
-2 -20 -7
-2 -20 -6
-2 -20 -5
-2 -20 5
-2 -20 6
-2 -20 7
-2 -19 -9
-2 -19 -8
-2 -19 8
-2 -19 9
-2 -18 -11
-2 -18 -10
-2 -18 10
-2 -18 11
-2 -17 -13
-2 -17 -12
-2 -17 12
-2 -17 13
-2 -16 -14
-2 -16 14
-2 -15 -15
-2 -15 15
-2 -14 -16
-2 -14 16
-2 -13 -17
-2 -13 17
-2 -12 -17
-2 -12 17
-2 -11 -18
-2 -11 18
-2 -10 -18
-2 -10 18
-2 -9 -19
-2 -9 19
-2 -8 -19
-2 -8 19
-2 -7 -20
-2 -7 20
-2 -6 -20
-2 -6 20
-2 -5 -20
-2 -5 20
-2 -4 -21
-2 -4 21
-2 -3 -21
-2 -3 21
-2 -2 -21
-2 -2 21
-2 -1 -21
-2 -1 21
-2 0 -21
-2 0 21
-2 1 -21
-2 1 21
-2 2 -21
-2 2 21
-2 3 -21
-2 3 21
-2 4 -21
-2 4 21
-2 5 -20
-2 5 20
-2 6 -20
-2 6 20
-2 7 -20
-2 7 20
-2 8 -19
-2 8 19
-2 9 -19
-2 9 19
-2 10 -18
-2 10 18
-2 11 -18
-2 11 18
-2 12 -17
-2 12 17
-2 13 -17
-2 13 17
-2 14 -16
-2 14 16
-2 15 -15
-2 15 15
-2 16 -14
-2 16 14
-2 17 -13
-2 17 -12
-2 17 12
-2 17 13
-2 18 -11
-2 18 -10
-2 18 10
-2 18 11
-2 19 -9
-2 19 -8
-2 19 8
-2 19 9
-2 20 -7
-2 20 -6
-2 20 -5
-2 20 5
-2 20 6
-2 20 7
-2 21 -4
-2 21 -3
-2 21 -2
-2 21 -1
-2 21 0
-2 21 1
-2 21 2
-2 21 3
-2 21 4
-1 -21 -4
-1 -21 -3
-1 -21 -2
-1 -21 -1
-1 -21 0
-1 -21 1
-1 -21 2
-1 -21 3
-1 -21 4
-1 -20 -7
-1 -20 -6
-1 -20 -5
-1 -20 5
-1 -20 6
-1 -20 7
-1 -19 -10
-1 -19 -9
-1 -19 -8
-1 -19 8
-1 -19 9
-1 -19 10
-1 -18 -11
-1 -18 11
-1 -17 -13
-1 -17 -12
-1 -17 12
-1 -17 13
-1 -16 -14
-1 -16 14
-1 -15 -15
-1 -15 15
-1 -14 -16
-1 -14 16
-1 -13 -17
-1 -13 17
-1 -12 -17
-1 -12 17
-1 -11 -18
-1 -11 18
-1 -10 -19
-1 -10 19
-1 -9 -19
-1 -9 19
-1 -8 -19
-1 -8 19
-1 -7 -20
-1 -7 20
-1 -6 -20
-1 -6 20
-1 -5 -20
-1 -5 20
-1 -4 -21
-1 -4 21
-1 -3 -21
-1 -3 21
-1 -2 -21
-1 -2 21
-1 -1 -21
-1 -1 21
-1 0 -21
-1 0 21
-1 1 -21
-1 1 21
-1 2 -21
-1 2 21
-1 3 -21
-1 3 21
-1 4 -21
-1 4 21
-1 5 -20
-1 5 20
-1 6 -20
-1 6 20
-1 7 -20
-1 7 20
-1 8 -19
-1 8 19
-1 9 -19
-1 9 19
-1 10 -19
-1 10 19
-1 11 -18
-1 11 18
-1 12 -17
-1 12 17
-1 13 -17
-1 13 17
-1 14 -16
-1 14 16
-1 15 -15
-1 15 15
-1 16 -14
-1 16 14
-1 17 -13
-1 17 -12
-1 17 12
-1 17 13
-1 18 -11
-1 18 11
-1 19 -10
-1 19 -9
-1 19 -8
-1 19 8
-1 19 9
-1 19 10
-1 20 -7
-1 20 -6
-1 20 -5
-1 20 5
-1 20 6
-1 20 7
-1 21 -4
-1 21 -3
-1 21 -2
-1 21 -1
-1 21 0
-1 21 1
-1 21 2
-1 21 3
-1 21 4
0 -21 -4
0 -21 -3
0 -21 -2
0 -21 -1
0 -21 0
0 -21 1
0 -21 2
0 -21 3
0 -21 4
0 -20 -7
0 -20 -6
0 -20 -5
0 -20 5
0 -20 6
0 -20 7
0 -19 -10
0 -19 -9
0 -19 -8
0 -19 8
0 -19 9
0 -19 10
0 -18 -11
0 -18 11
0 -17 -13
0 -17 -12
0 -17 12
0 -17 13
0 -16 -14
0 -16 14
0 -15 -15
0 -15 15
0 -14 -16
0 -14 16
0 -13 -17
0 -13 17
0 -12 -17
0 -12 17
0 -11 -18
0 -11 18
0 -10 -19
0 -10 19
0 -9 -19
0 -9 19
0 -8 -19
0 -8 19
0 -7 -20
0 -7 20
0 -6 -20
0 -6 20
0 -5 -20
0 -5 20
0 -4 -21
0 -4 21
0 -3 -21
0 -3 21
0 -2 -21
0 -2 21
0 -1 -21
0 -1 21
0 0 -21
0 0 21
0 1 -21
0 1 21
0 2 -21
0 2 21
0 3 -21
0 3 21
0 4 -21
0 4 21
0 5 -20
0 5 20
0 6 -20
0 6 20
0 7 -20
0 7 20
0 8 -19
0 8 19
0 9 -19
0 9 19
0 10 -19
0 10 19
0 11 -18
0 11 18
0 12 -17
0 12 17
0 13 -17
0 13 17
0 14 -16
0 14 16
0 15 -15
0 15 15
0 16 -14
0 16 14
0 17 -13
0 17 -12
0 17 12
0 17 13
0 18 -11
0 18 11
0 19 -10
0 19 -9
0 19 -8
0 19 8
0 19 9
0 19 10
0 20 -7
0 20 -6
0 20 -5
0 20 5
0 20 6
0 20 7
0 21 -4
0 21 -3
0 21 -2
0 21 -1
0 21 0
0 21 1
0 21 2
0 21 3
0 21 4
1 -21 -4
1 -21 -3
1 -21 -2
1 -21 -1
1 -21 0
1 -21 1
1 -21 2
1 -21 3
1 -21 4
1 -20 -7
1 -20 -6
1 -20 -5
1 -20 5
1 -20 6
1 -20 7
1 -19 -10
1 -19 -9
1 -19 -8
1 -19 8
1 -19 9
1 -19 10
1 -18 -11
1 -18 11
1 -17 -13
1 -17 -12
1 -17 12
1 -17 13
1 -16 -14
1 -16 14
1 -15 -15
1 -15 15
1 -14 -16
1 -14 16
1 -13 -17
1 -13 17
1 -12 -17
1 -12 17
1 -11 -18
1 -11 18
1 -10 -19
1 -10 19
1 -9 -19
1 -9 19
1 -8 -19
1 -8 19
1 -7 -20
1 -7 20
1 -6 -20
1 -6 20
1 -5 -20
1 -5 20
1 -4 -21
1 -4 21
1 -3 -21
1 -3 21
1 -2 -21
1 -2 21
1 -1 -21
1 -1 21
1 0 -21
1 0 21
1 1 -21
1 1 21
1 2 -21
1 2 21
1 3 -21
1 3 21
1 4 -21
1 4 21
1 5 -20
1 5 20
1 6 -20
1 6 20
1 7 -20
1 7 20
1 8 -19
1 8 19
1 9 -19
1 9 19
1 10 -19
1 10 19
1 11 -18
1 11 18
1 12 -17
1 12 17
1 13 -17
1 13 17
1 14 -16
1 14 16
1 15 -15
1 15 15
1 16 -14
1 16 14
1 17 -13
1 17 -12
1 17 12
1 17 13
1 18 -11
1 18 11
1 19 -10
1 19 -9
1 19 -8
1 19 8
1 19 9
1 19 10
1 20 -7
1 20 -6
1 20 -5
1 20 5
1 20 6
1 20 7
1 21 -4
1 21 -3
1 21 -2
1 21 -1
1 21 0
1 21 1
1 21 2
1 21 3
1 21 4
2 -21 -4
2 -21 -3
2 -21 -2
2 -21 -1
2 -21 0
2 -21 1
2 -21 2
2 -21 3
2 -21 4
2 -20 -7
2 -20 -6
2 -20 -5
2 -20 5
2 -20 6
2 -20 7
2 -19 -9
2 -19 -8
2 -19 8
2 -19 9
2 -18 -11
2 -18 -10
2 -18 10
2 -18 11
2 -17 -13
2 -17 -12
2 -17 12
2 -17 13
2 -16 -14
2 -16 14
2 -15 -15
2 -15 15
2 -14 -16
2 -14 16
2 -13 -17
2 -13 17
2 -12 -17
2 -12 17
2 -11 -18
2 -11 18
2 -10 -18
2 -10 18
2 -9 -19
2 -9 19
2 -8 -19
2 -8 19
2 -7 -20
2 -7 20
2 -6 -20
2 -6 20
2 -5 -20
2 -5 20
2 -4 -21
2 -4 21
2 -3 -21
2 -3 21
2 -2 -21
2 -2 21
2 -1 -21
2 -1 21
2 0 -21
2 0 21
2 1 -21
2 1 21
2 2 -21
2 2 21
2 3 -21
2 3 21
2 4 -21
2 4 21
2 5 -20
2 5 20
2 6 -20
2 6 20
2 7 -20
2 7 20
2 8 -19
2 8 19
2 9 -19
2 9 19
2 10 -18
2 10 18
2 11 -18
2 11 18
2 12 -17
2 12 17
2 13 -17
2 13 17
2 14 -16
2 14 16
2 15 -15
2 15 15
2 16 -14
2 16 14
2 17 -13
2 17 -12
2 17 12
2 17 13
2 18 -11
2 18 -10
2 18 10
2 18 11
2 19 -9
2 19 -8
2 19 8
2 19 9
2 20 -7
2 20 -6
2 20 -5
2 20 5
2 20 6
2 20 7
2 21 -4
2 21 -3
2 21 -2
2 21 -1
2 21 0
2 21 1
2 21 2
2 21 3
2 21 4
3 -21 -3
3 -21 -2
3 -21 -1
3 -21 0
3 -21 1
3 -21 2
3 -21 3
3 -20 -7
3 -20 -6
3 -20 -5
3 -20 -4
3 -20 4
3 -20 5
3 -20 6
3 -20 7
3 -19 -9
3 -19 -8
3 -19 8
3 -19 9
3 -18 -11
3 -18 -10
3 -18 10
3 -18 11
3 -17 -12
3 -17 12
3 -16 -14
3 -16 -13
3 -16 13
3 -16 14
3 -15 -15
3 -15 15
3 -14 -16
3 -14 16
3 -13 -16
3 -13 16
3 -12 -17
3 -12 17
3 -11 -18
3 -11 18
3 -10 -18
3 -10 18
3 -9 -19
3 -9 19
3 -8 -19
3 -8 19
3 -7 -20
3 -7 20
3 -6 -20
3 -6 20
3 -5 -20
3 -5 20
3 -4 -20
3 -4 20
3 -3 -21
3 -3 21
3 -2 -21
3 -2 21
3 -1 -21
3 -1 21
3 0 -21
3 0 21
3 1 -21
3 1 21
3 2 -21
3 2 21
3 3 -21
3 3 21
3 4 -20
3 4 20
3 5 -20
3 5 20
3 6 -20
3 6 20
3 7 -20
3 7 20
3 8 -19
3 8 19
3 9 -19
3 9 19
3 10 -18
3 10 18
3 11 -18
3 11 18
3 12 -17
3 12 17
3 13 -16
3 13 16
3 14 -16
3 14 16
3 15 -15
3 15 15
3 16 -14
3 16 -13
3 16 13
3 16 14
3 17 -12
3 17 12
3 18 -11
3 18 -10
3 18 10
3 18 11
3 19 -9
3 19 -8
3 19 8
3 19 9
3 20 -7
3 20 -6
3 20 -5
3 20 -4
3 20 4
3 20 5
3 20 6
3 20 7
3 21 -3
3 21 -2
3 21 -1
3 21 0
3 21 1
3 21 2
3 21 3
4 -21 -2
4 -21 -1
4 -21 0
4 -21 1
4 -21 2
4 -20 -6
4 -20 -5
4 -20 -4
4 -20 -3
4 -20 3
4 -20 4
4 -20 5
4 -20 6
4 -19 -9
4 -19 -8
4 -19 -7
4 -19 7
4 -19 8
4 -19 9
4 -18 -11
4 -18 -10
4 -18 10
4 -18 11
4 -17 -12
4 -17 12
4 -16 -13
4 -16 13
4 -15 -14
4 -15 14
4 -14 -15
4 -14 15
4 -13 -16
4 -13 16
4 -12 -17
4 -12 17
4 -11 -18
4 -11 18
4 -10 -18
4 -10 18
4 -9 -19
4 -9 19
4 -8 -19
4 -8 19
4 -7 -19
4 -7 19
4 -6 -20
4 -6 20
4 -5 -20
4 -5 20
4 -4 -20
4 -4 20
4 -3 -20
4 -3 20
4 -2 -21
4 -2 21
4 -1 -21
4 -1 21
4 0 -21
4 0 21
4 1 -21
4 1 21
4 2 -21
4 2 21
4 3 -20
4 3 20
4 4 -20
4 4 20
4 5 -20
4 5 20
4 6 -20
4 6 20
4 7 -19
4 7 19
4 8 -19
4 8 19
4 9 -19
4 9 19
4 10 -18
4 10 18
4 11 -18
4 11 18
4 12 -17
4 12 17
4 13 -16
4 13 16
4 14 -15
4 14 15
4 15 -14
4 15 14
4 16 -13
4 16 13
4 17 -12
4 17 12
4 18 -11
4 18 -10
4 18 10
4 18 11
4 19 -9
4 19 -8
4 19 -7
4 19 7
4 19 8
4 19 9
4 20 -6
4 20 -5
4 20 -4
4 20 -3
4 20 3
4 20 4
4 20 5
4 20 6
4 21 -2
4 21 -1
4 21 0
4 21 1
4 21 2
5 -20 -6
5 -20 -5
5 -20 -4
5 -20 -3
5 -20 -2
5 -20 -1
5 -20 0
5 -20 1
5 -20 2
5 -20 3
5 -20 4
5 -20 5
5 -20 6
5 -19 -8
5 -19 -7
5 -19 7
5 -19 8
5 -18 -10
5 -18 -9
5 -18 9
5 -18 10
5 -17 -12
5 -17 -11
5 -17 11
5 -17 12
5 -16 -13
5 -16 13
5 -15 -14
5 -15 14
5 -14 -15
5 -14 15
5 -13 -16
5 -13 16
5 -12 -17
5 -12 17
5 -11 -17
5 -11 17
5 -10 -18
5 -10 18
5 -9 -18
5 -9 18
5 -8 -19
5 -8 19
5 -7 -19
5 -7 19
5 -6 -20
5 -6 20
5 -5 -20
5 -5 20
5 -4 -20
5 -4 20
5 -3 -20
5 -3 20
5 -2 -20
5 -2 20
5 -1 -20
5 -1 20
5 0 -20
5 0 20
5 1 -20
5 1 20
5 2 -20
5 2 20
5 3 -20
5 3 20
5 4 -20
5 4 20
5 5 -20
5 5 20
5 6 -20
5 6 20
5 7 -19
5 7 19
5 8 -19
5 8 19
5 9 -18
5 9 18
5 10 -18
5 10 18
5 11 -17
5 11 17
5 12 -17
5 12 17
5 13 -16
5 13 16
5 14 -15
5 14 15
5 15 -14
5 15 14
5 16 -13
5 16 13
5 17 -12
5 17 -11
5 17 11
5 17 12
5 18 -10
5 18 -9
5 18 9
5 18 10
5 19 -8
5 19 -7
5 19 7
5 19 8
5 20 -6
5 20 -5
5 20 -4
5 20 -3
5 20 -2
5 20 -1
5 20 0
5 20 1
5 20 2
5 20 3
5 20 4
5 20 5
5 20 6
6 -20 -5
6 -20 -4
6 -20 -3
6 -20 -2
6 -20 -1
6 -20 0
6 -20 1
6 -20 2
6 -20 3
6 -20 4
6 -20 5
6 -19 -8
6 -19 -7
6 -19 -6
6 -19 6
6 -19 7
6 -19 8
6 -18 -10
6 -18 -9
6 -18 9
6 -18 10
6 -17 -11
6 -17 11
6 -16 -13
6 -16 -12
6 -16 12
6 -16 13
6 -15 -14
6 -15 14
6 -14 -15
6 -14 15
6 -13 -16
6 -13 16
6 -12 -16
6 -12 16
6 -11 -17
6 -11 17
6 -10 -18
6 -10 18
6 -9 -18
6 -9 18
6 -8 -19
6 -8 19
6 -7 -19
6 -7 19
6 -6 -19
6 -6 19
6 -5 -20
6 -5 20
6 -4 -20
6 -4 20
6 -3 -20
6 -3 20
6 -2 -20
6 -2 20
6 -1 -20
6 -1 20
6 0 -20
6 0 20
6 1 -20
6 1 20
6 2 -20
6 2 20
6 3 -20
6 3 20
6 4 -20
6 4 20
6 5 -20
6 5 20
6 6 -19
6 6 19
6 7 -19
6 7 19
6 8 -19
6 8 19
6 9 -18
6 9 18
6 10 -18
6 10 18
6 11 -17
6 11 17
6 12 -16
6 12 16
6 13 -16
6 13 16
6 14 -15
6 14 15
6 15 -14
6 15 14
6 16 -13
6 16 -12
6 16 12
6 16 13
6 17 -11
6 17 11
6 18 -10
6 18 -9
6 18 9
6 18 10
6 19 -8
6 19 -7
6 19 -6
6 19 6
6 19 7
6 19 8
6 20 -5
6 20 -4
6 20 -3
6 20 -2
6 20 -1
6 20 0
6 20 1
6 20 2
6 20 3
6 20 4
6 20 5
7 -20 -3
7 -20 -2
7 -20 -1
7 -20 0
7 -20 1
7 -20 2
7 -20 3
7 -19 -7
7 -19 -6
7 -19 -5
7 -19 -4
7 -19 4
7 -19 5
7 -19 6
7 -19 7
7 -18 -9
7 -18 -8
7 -18 8
7 -18 9
7 -17 -11
7 -17 -10
7 -17 10
7 -17 11
7 -16 -12
7 -16 12
7 -15 -13
7 -15 13
7 -14 -14
7 -14 14
7 -13 -15
7 -13 15
7 -12 -16
7 -12 16
7 -11 -17
7 -11 17
7 -10 -17
7 -10 17
7 -9 -18
7 -9 18
7 -8 -18
7 -8 18
7 -7 -19
7 -7 19
7 -6 -19
7 -6 19
7 -5 -19
7 -5 19
7 -4 -19
7 -4 19
7 -3 -20
7 -3 20
7 -2 -20
7 -2 20
7 -1 -20
7 -1 20
7 0 -20
7 0 20
7 1 -20
7 1 20
7 2 -20
7 2 20
7 3 -20
7 3 20
7 4 -19
7 4 19
7 5 -19
7 5 19
7 6 -19
7 6 19
7 7 -19
7 7 19
7 8 -18
7 8 18
7 9 -18
7 9 18
7 10 -17
7 10 17
7 11 -17
7 11 17
7 12 -16
7 12 16
7 13 -15
7 13 15
7 14 -14
7 14 14
7 15 -13
7 15 13
7 16 -12
7 16 12
7 17 -11
7 17 -10
7 17 10
7 17 11
7 18 -9
7 18 -8
7 18 8
7 18 9
7 19 -7
7 19 -6
7 19 -5
7 19 -4
7 19 4
7 19 5
7 19 6
7 19 7
7 20 -3
7 20 -2
7 20 -1
7 20 0
7 20 1
7 20 2
7 20 3
8 -19 -6
8 -19 -5
8 -19 -4
8 -19 -3
8 -19 -2
8 -19 -1
8 -19 0
8 -19 1
8 -19 2
8 -19 3
8 -19 4
8 -19 5
8 -19 6
8 -18 -8
8 -18 -7
8 -18 7
8 -18 8
8 -17 -10
8 -17 -9
8 -17 9
8 -17 10
8 -16 -11
8 -16 11
8 -15 -13
8 -15 -12
8 -15 12
8 -15 13
8 -14 -14
8 -14 14
8 -13 -15
8 -13 15
8 -12 -15
8 -12 15
8 -11 -16
8 -11 16
8 -10 -17
8 -10 17
8 -9 -17
8 -9 17
8 -8 -18
8 -8 18
8 -7 -18
8 -7 18
8 -6 -19
8 -6 19
8 -5 -19
8 -5 19
8 -4 -19
8 -4 19
8 -3 -19
8 -3 19
8 -2 -19
8 -2 19
8 -1 -19
8 -1 19
8 0 -19
8 0 19
8 1 -19
8 1 19
8 2 -19
8 2 19
8 3 -19
8 3 19
8 4 -19
8 4 19
8 5 -19
8 5 19
8 6 -19
8 6 19
8 7 -18
8 7 18
8 8 -18
8 8 18
8 9 -17
8 9 17
8 10 -17
8 10 17
8 11 -16
8 11 16
8 12 -15
8 12 15
8 13 -15
8 13 15
8 14 -14
8 14 14
8 15 -13
8 15 -12
8 15 12
8 15 13
8 16 -11
8 16 11
8 17 -10
8 17 -9
8 17 9
8 17 10
8 18 -8
8 18 -7
8 18 7
8 18 8
8 19 -6
8 19 -5
8 19 -4
8 19 -3
8 19 -2
8 19 -1
8 19 0
8 19 1
8 19 2
8 19 3
8 19 4
8 19 5
8 19 6
9 -19 -4
9 -19 -3
9 -19 -2
9 -19 -1
9 -19 0
9 -19 1
9 -19 2
9 -19 3
9 -19 4
9 -18 -7
9 -18 -6
9 -18 -5
9 -18 5
9 -18 6
9 -18 7
9 -17 -9
9 -17 -8
9 -17 8
9 -17 9
9 -16 -11
9 -16 -10
9 -16 10
9 -16 11
9 -15 -12
9 -15 12
9 -14 -13
9 -14 13
9 -13 -14
9 -13 14
9 -12 -15
9 -12 15
9 -11 -16
9 -11 16
9 -10 -16
9 -10 16
9 -9 -17
9 -9 17
9 -8 -17
9 -8 17
9 -7 -18
9 -7 18
9 -6 -18
9 -6 18
9 -5 -18
9 -5 18
9 -4 -19
9 -4 19
9 -3 -19
9 -3 19
9 -2 -19
9 -2 19
9 -1 -19
9 -1 19
9 0 -19
9 0 19
9 1 -19
9 1 19
9 2 -19
9 2 19
9 3 -19
9 3 19
9 4 -19
9 4 19
9 5 -18
9 5 18
9 6 -18
9 6 18
9 7 -18
9 7 18
9 8 -17
9 8 17
9 9 -17
9 9 17
9 10 -16
9 10 16
9 11 -16
9 11 16
9 12 -15
9 12 15
9 13 -14
9 13 14
9 14 -13
9 14 13
9 15 -12
9 15 12
9 16 -11
9 16 -10
9 16 10
9 16 11
9 17 -9
9 17 -8
9 17 8
9 17 9
9 18 -7
9 18 -6
9 18 -5
9 18 5
9 18 6
9 18 7
9 19 -4
9 19 -3
9 19 -2
9 19 -1
9 19 0
9 19 1
9 19 2
9 19 3
9 19 4
10 -19 -1
10 -19 0
10 -19 1
10 -18 -6
10 -18 -5
10 -18 -4
10 -18 -3
10 -18 -2
10 -18 2
10 -18 3
10 -18 4
10 -18 5
10 -18 6
10 -17 -8
10 -17 -7
10 -17 7
10 -17 8
10 -16 -10
10 -16 -9
10 -16 9
10 -16 10
10 -15 -11
10 -15 11
10 -14 -12
10 -14 12
10 -13 -13
10 -13 13
10 -12 -14
10 -12 14
10 -11 -15
10 -11 15
10 -10 -16
10 -10 16
10 -9 -16
10 -9 16
10 -8 -17
10 -8 17
10 -7 -17
10 -7 17
10 -6 -18
10 -6 18
10 -5 -18
10 -5 18
10 -4 -18
10 -4 18
10 -3 -18
10 -3 18
10 -2 -18
10 -2 18
10 -1 -19
10 -1 19
10 0 -19
10 0 19
10 1 -19
10 1 19
10 2 -18
10 2 18
10 3 -18
10 3 18
10 4 -18
10 4 18
10 5 -18
10 5 18
10 6 -18
10 6 18
10 7 -17
10 7 17
10 8 -17
10 8 17
10 9 -16
10 9 16
10 10 -16
10 10 16
10 11 -15
10 11 15
10 12 -14
10 12 14
10 13 -13
10 13 13
10 14 -12
10 14 12
10 15 -11
10 15 11
10 16 -10
10 16 -9
10 16 9
10 16 10
10 17 -8
10 17 -7
10 17 7
10 17 8
10 18 -6
10 18 -5
10 18 -4
10 18 -3
10 18 -2
10 18 2
10 18 3
10 18 4
10 18 5
10 18 6
10 19 -1
10 19 0
10 19 1
11 -18 -4
11 -18 -3
11 -18 -2
11 -18 -1
11 -18 0
11 -18 1
11 -18 2
11 -18 3
11 -18 4
11 -17 -7
11 -17 -6
11 -17 -5
11 -17 5
11 -17 6
11 -17 7
11 -16 -9
11 -16 -8
11 -16 8
11 -16 9
11 -15 -10
11 -15 10
11 -14 -12
11 -14 -11
11 -14 11
11 -14 12
11 -13 -13
11 -13 13
11 -12 -14
11 -12 14
11 -11 -14
11 -11 14
11 -10 -15
11 -10 15
11 -9 -16
11 -9 16
11 -8 -16
11 -8 16
11 -7 -17
11 -7 17
11 -6 -17
11 -6 17
11 -5 -17
11 -5 17
11 -4 -18
11 -4 18
11 -3 -18
11 -3 18
11 -2 -18
11 -2 18
11 -1 -18
11 -1 18
11 0 -18
11 0 18
11 1 -18
11 1 18
11 2 -18
11 2 18
11 3 -18
11 3 18
11 4 -18
11 4 18
11 5 -17
11 5 17
11 6 -17
11 6 17
11 7 -17
11 7 17
11 8 -16
11 8 16
11 9 -16
11 9 16
11 10 -15
11 10 15
11 11 -14
11 11 14
11 12 -14
11 12 14
11 13 -13
11 13 13
11 14 -12
11 14 -11
11 14 11
11 14 12
11 15 -10
11 15 10
11 16 -9
11 16 -8
11 16 8
11 16 9
11 17 -7
11 17 -6
11 17 -5
11 17 5
11 17 6
11 17 7
11 18 -4
11 18 -3
11 18 -2
11 18 -1
11 18 0
11 18 1
11 18 2
11 18 3
11 18 4
12 -17 -5
12 -17 -4
12 -17 -3
12 -17 -2
12 -17 -1
12 -17 0
12 -17 1
12 -17 2
12 -17 3
12 -17 4
12 -17 5
12 -16 -7
12 -16 -6
12 -16 6
12 -16 7
12 -15 -9
12 -15 -8
12 -15 8
12 -15 9
12 -14 -11
12 -14 -10
12 -14 10
12 -14 11
12 -13 -12
12 -13 12
12 -12 -13
12 -12 13
12 -11 -14
12 -11 14
12 -10 -14
12 -10 14
12 -9 -15
12 -9 15
12 -8 -15
12 -8 15
12 -7 -16
12 -7 16
12 -6 -16
12 -6 16
12 -5 -17
12 -5 17
12 -4 -17
12 -4 17
12 -3 -17
12 -3 17
12 -2 -17
12 -2 17
12 -1 -17
12 -1 17
12 0 -17
12 0 17
12 1 -17
12 1 17
12 2 -17
12 2 17
12 3 -17
12 3 17
12 4 -17
12 4 17
12 5 -17
12 5 17
12 6 -16
12 6 16
12 7 -16
12 7 16
12 8 -15
12 8 15
12 9 -15
12 9 15
12 10 -14
12 10 14
12 11 -14
12 11 14
12 12 -13
12 12 13
12 13 -12
12 13 12
12 14 -11
12 14 -10
12 14 10
12 14 11
12 15 -9
12 15 -8
12 15 8
12 15 9
12 16 -7
12 16 -6
12 16 6
12 16 7
12 17 -5
12 17 -4
12 17 -3
12 17 -2
12 17 -1
12 17 0
12 17 1
12 17 2
12 17 3
12 17 4
12 17 5
13 -17 -2
13 -17 -1
13 -17 0
13 -17 1
13 -17 2
13 -16 -6
13 -16 -5
13 -16 -4
13 -16 -3
13 -16 3
13 -16 4
13 -16 5
13 -16 6
13 -15 -8
13 -15 -7
13 -15 7
13 -15 8
13 -14 -9
13 -14 9
13 -13 -11
13 -13 -10
13 -13 10
13 -13 11
13 -12 -12
13 -12 12
13 -11 -13
13 -11 13
13 -10 -13
13 -10 13
13 -9 -14
13 -9 14
13 -8 -15
13 -8 15
13 -7 -15
13 -7 15
13 -6 -16
13 -6 16
13 -5 -16
13 -5 16
13 -4 -16
13 -4 16
13 -3 -16
13 -3 16
13 -2 -17
13 -2 17
13 -1 -17
13 -1 17
13 0 -17
13 0 17
13 1 -17
13 1 17
13 2 -17
13 2 17
13 3 -16
13 3 16
13 4 -16
13 4 16
13 5 -16
13 5 16
13 6 -16
13 6 16
13 7 -15
13 7 15
13 8 -15
13 8 15
13 9 -14
13 9 14
13 10 -13
13 10 13
13 11 -13
13 11 13
13 12 -12
13 12 12
13 13 -11
13 13 -10
13 13 10
13 13 11
13 14 -9
13 14 9
13 15 -8
13 15 -7
13 15 7
13 15 8
13 16 -6
13 16 -5
13 16 -4
13 16 -3
13 16 3
13 16 4
13 16 5
13 16 6
13 17 -2
13 17 -1
13 17 0
13 17 1
13 17 2
14 -16 -3
14 -16 -2
14 -16 -1
14 -16 0
14 -16 1
14 -16 2
14 -16 3
14 -15 -6
14 -15 -5
14 -15 -4
14 -15 4
14 -15 5
14 -15 6
14 -14 -8
14 -14 -7
14 -14 7
14 -14 8
14 -13 -9
14 -13 9
14 -12 -11
14 -12 -10
14 -12 10
14 -12 11
14 -11 -12
14 -11 -11
14 -11 11
14 -11 12
14 -10 -12
14 -10 12
14 -9 -13
14 -9 13
14 -8 -14
14 -8 14
14 -7 -14
14 -7 14
14 -6 -15
14 -6 15
14 -5 -15
14 -5 15
14 -4 -15
14 -4 15
14 -3 -16
14 -3 16
14 -2 -16
14 -2 16
14 -1 -16
14 -1 16
14 0 -16
14 0 16
14 1 -16
14 1 16
14 2 -16
14 2 16
14 3 -16
14 3 16
14 4 -15
14 4 15
14 5 -15
14 5 15
14 6 -15
14 6 15
14 7 -14
14 7 14
14 8 -14
14 8 14
14 9 -13
14 9 13
14 10 -12
14 10 12
14 11 -12
14 11 -11
14 11 11
14 11 12
14 12 -11
14 12 -10
14 12 10
14 12 11
14 13 -9
14 13 9
14 14 -8
14 14 -7
14 14 7
14 14 8
14 15 -6
14 15 -5
14 15 -4
14 15 4
14 15 5
14 15 6
14 16 -3
14 16 -2
14 16 -1
14 16 0
14 16 1
14 16 2
14 16 3
15 -15 -3
15 -15 -2
15 -15 -1
15 -15 0
15 -15 1
15 -15 2
15 -15 3
15 -14 -6
15 -14 -5
15 -14 -4
15 -14 4
15 -14 5
15 -14 6
15 -13 -8
15 -13 -7
15 -13 7
15 -13 8
15 -12 -9
15 -12 -8
15 -12 8
15 -12 9
15 -11 -10
15 -11 10
15 -10 -11
15 -10 11
15 -9 -12
15 -9 12
15 -8 -13
15 -8 -12
15 -8 12
15 -8 13
15 -7 -13
15 -7 13
15 -6 -14
15 -6 14
15 -5 -14
15 -5 14
15 -4 -14
15 -4 14
15 -3 -15
15 -3 15
15 -2 -15
15 -2 15
15 -1 -15
15 -1 15
15 0 -15
15 0 15
15 1 -15
15 1 15
15 2 -15
15 2 15
15 3 -15
15 3 15
15 4 -14
15 4 14
15 5 -14
15 5 14
15 6 -14
15 6 14
15 7 -13
15 7 13
15 8 -13
15 8 -12
15 8 12
15 8 13
15 9 -12
15 9 12
15 10 -11
15 10 11
15 11 -10
15 11 10
15 12 -9
15 12 -8
15 12 8
15 12 9
15 13 -8
15 13 -7
15 13 7
15 13 8
15 14 -6
15 14 -5
15 14 -4
15 14 4
15 14 5
15 14 6
15 15 -3
15 15 -2
15 15 -1
15 15 0
15 15 1
15 15 2
15 15 3
16 -14 -3
16 -14 -2
16 -14 -1
16 -14 0
16 -14 1
16 -14 2
16 -14 3
16 -13 -6
16 -13 -5
16 -13 -4
16 -13 -3
16 -13 3
16 -13 4
16 -13 5
16 -13 6
16 -12 -7
16 -12 -6
16 -12 6
16 -12 7
16 -11 -9
16 -11 -8
16 -11 8
16 -11 9
16 -10 -10
16 -10 -9
16 -10 9
16 -10 10
16 -9 -11
16 -9 -10
16 -9 10
16 -9 11
16 -8 -11
16 -8 11
16 -7 -12
16 -7 12
16 -6 -13
16 -6 -12
16 -6 12
16 -6 13
16 -5 -13
16 -5 13
16 -4 -13
16 -4 13
16 -3 -14
16 -3 -13
16 -3 13
16 -3 14
16 -2 -14
16 -2 14
16 -1 -14
16 -1 14
16 0 -14
16 0 14
16 1 -14
16 1 14
16 2 -14
16 2 14
16 3 -14
16 3 -13
16 3 13
16 3 14
16 4 -13
16 4 13
16 5 -13
16 5 13
16 6 -13
16 6 -12
16 6 12
16 6 13
16 7 -12
16 7 12
16 8 -11
16 8 11
16 9 -11
16 9 -10
16 9 10
16 9 11
16 10 -10
16 10 -9
16 10 9
16 10 10
16 11 -9
16 11 -8
16 11 8
16 11 9
16 12 -7
16 12 -6
16 12 6
16 12 7
16 13 -6
16 13 -5
16 13 -4
16 13 -3
16 13 3
16 13 4
16 13 5
16 13 6
16 14 -3
16 14 -2
16 14 -1
16 14 0
16 14 1
16 14 2
16 14 3
17 -13 -2
17 -13 -1
17 -13 0
17 -13 1
17 -13 2
17 -12 -5
17 -12 -4
17 -12 -3
17 -12 -2
17 -12 -1
17 -12 0
17 -12 1
17 -12 2
17 -12 3
17 -12 4
17 -12 5
17 -11 -7
17 -11 -6
17 -11 -5
17 -11 5
17 -11 6
17 -11 7
17 -10 -8
17 -10 -7
17 -10 7
17 -10 8
17 -9 -9
17 -9 -8
17 -9 8
17 -9 9
17 -8 -10
17 -8 -9
17 -8 9
17 -8 10
17 -7 -11
17 -7 -10
17 -7 10
17 -7 11
17 -6 -11
17 -6 11
17 -5 -12
17 -5 -11
17 -5 11
17 -5 12
17 -4 -12
17 -4 12
17 -3 -12
17 -3 12
17 -2 -13
17 -2 -12
17 -2 12
17 -2 13
17 -1 -13
17 -1 -12
17 -1 12
17 -1 13
17 0 -13
17 0 -12
17 0 12
17 0 13
17 1 -13
17 1 -12
17 1 12
17 1 13
17 2 -13
17 2 -12
17 2 12
17 2 13
17 3 -12
17 3 12
17 4 -12
17 4 12
17 5 -12
17 5 -11
17 5 11
17 5 12
17 6 -11
17 6 11
17 7 -11
17 7 -10
17 7 10
17 7 11
17 8 -10
17 8 -9
17 8 9
17 8 10
17 9 -9
17 9 -8
17 9 8
17 9 9
17 10 -8
17 10 -7
17 10 7
17 10 8
17 11 -7
17 11 -6
17 11 -5
17 11 5
17 11 6
17 11 7
17 12 -5
17 12 -4
17 12 -3
17 12 -2
17 12 -1
17 12 0
17 12 1
17 12 2
17 12 3
17 12 4
17 12 5
17 13 -2
17 13 -1
17 13 0
17 13 1
17 13 2
18 -11 -4
18 -11 -3
18 -11 -2
18 -11 -1
18 -11 0
18 -11 1
18 -11 2
18 -11 3
18 -11 4
18 -10 -6
18 -10 -5
18 -10 -4
18 -10 -3
18 -10 -2
18 -10 2
18 -10 3
18 -10 4
18 -10 5
18 -10 6
18 -9 -7
18 -9 -6
18 -9 -5
18 -9 5
18 -9 6
18 -9 7
18 -8 -8
18 -8 -7
18 -8 7
18 -8 8
18 -7 -9
18 -7 -8
18 -7 8
18 -7 9
18 -6 -10
18 -6 -9
18 -6 9
18 -6 10
18 -5 -10
18 -5 -9
18 -5 9
18 -5 10
18 -4 -11
18 -4 -10
18 -4 10
18 -4 11
18 -3 -11
18 -3 -10
18 -3 10
18 -3 11
18 -2 -11
18 -2 -10
18 -2 10
18 -2 11
18 -1 -11
18 -1 11
18 0 -11
18 0 11
18 1 -11
18 1 11
18 2 -11
18 2 -10
18 2 10
18 2 11
18 3 -11
18 3 -10
18 3 10
18 3 11
18 4 -11
18 4 -10
18 4 10
18 4 11
18 5 -10
18 5 -9
18 5 9
18 5 10
18 6 -10
18 6 -9
18 6 9
18 6 10
18 7 -9
18 7 -8
18 7 8
18 7 9
18 8 -8
18 8 -7
18 8 7
18 8 8
18 9 -7
18 9 -6
18 9 -5
18 9 5
18 9 6
18 9 7
18 10 -6
18 10 -5
18 10 -4
18 10 -3
18 10 -2
18 10 2
18 10 3
18 10 4
18 10 5
18 10 6
18 11 -4
18 11 -3
18 11 -2
18 11 -1
18 11 0
18 11 1
18 11 2
18 11 3
18 11 4
19 -10 -1
19 -10 0
19 -10 1
19 -9 -4
19 -9 -3
19 -9 -2
19 -9 -1
19 -9 0
19 -9 1
19 -9 2
19 -9 3
19 -9 4
19 -8 -6
19 -8 -5
19 -8 -4
19 -8 -3
19 -8 -2
19 -8 -1
19 -8 0
19 -8 1
19 -8 2
19 -8 3
19 -8 4
19 -8 5
19 -8 6
19 -7 -7
19 -7 -6
19 -7 -5
19 -7 -4
19 -7 4
19 -7 5
19 -7 6
19 -7 7
19 -6 -8
19 -6 -7
19 -6 -6
19 -6 6
19 -6 7
19 -6 8
19 -5 -8
19 -5 -7
19 -5 7
19 -5 8
19 -4 -9
19 -4 -8
19 -4 -7
19 -4 7
19 -4 8
19 -4 9
19 -3 -9
19 -3 -8
19 -3 8
19 -3 9
19 -2 -9
19 -2 -8
19 -2 8
19 -2 9
19 -1 -10
19 -1 -9
19 -1 -8
19 -1 8
19 -1 9
19 -1 10
19 0 -10
19 0 -9
19 0 -8
19 0 8
19 0 9
19 0 10
19 1 -10
19 1 -9
19 1 -8
19 1 8
19 1 9
19 1 10
19 2 -9
19 2 -8
19 2 8
19 2 9
19 3 -9
19 3 -8
19 3 8
19 3 9
19 4 -9
19 4 -8
19 4 -7
19 4 7
19 4 8
19 4 9
19 5 -8
19 5 -7
19 5 7
19 5 8
19 6 -8
19 6 -7
19 6 -6
19 6 6
19 6 7
19 6 8
19 7 -7
19 7 -6
19 7 -5
19 7 -4
19 7 4
19 7 5
19 7 6
19 7 7
19 8 -6
19 8 -5
19 8 -4
19 8 -3
19 8 -2
19 8 -1
19 8 0
19 8 1
19 8 2
19 8 3
19 8 4
19 8 5
19 8 6
19 9 -4
19 9 -3
19 9 -2
19 9 -1
19 9 0
19 9 1
19 9 2
19 9 3
19 9 4
19 10 -1
19 10 0
19 10 1
20 -7 -3
20 -7 -2
20 -7 -1
20 -7 0
20 -7 1
20 -7 2
20 -7 3
20 -6 -5
20 -6 -4
20 -6 -3
20 -6 -2
20 -6 -1
20 -6 0
20 -6 1
20 -6 2
20 -6 3
20 -6 4
20 -6 5
20 -5 -6
20 -5 -5
20 -5 -4
20 -5 -3
20 -5 -2
20 -5 -1
20 -5 0
20 -5 1
20 -5 2
20 -5 3
20 -5 4
20 -5 5
20 -5 6
20 -4 -6
20 -4 -5
20 -4 -4
20 -4 -3
20 -4 3
20 -4 4
20 -4 5
20 -4 6
20 -3 -7
20 -3 -6
20 -3 -5
20 -3 -4
20 -3 4
20 -3 5
20 -3 6
20 -3 7
20 -2 -7
20 -2 -6
20 -2 -5
20 -2 5
20 -2 6
20 -2 7
20 -1 -7
20 -1 -6
20 -1 -5
20 -1 5
20 -1 6
20 -1 7
20 0 -7
20 0 -6
20 0 -5
20 0 5
20 0 6
20 0 7
20 1 -7
20 1 -6
20 1 -5
20 1 5
20 1 6
20 1 7
20 2 -7
20 2 -6
20 2 -5
20 2 5
20 2 6
20 2 7
20 3 -7
20 3 -6
20 3 -5
20 3 -4
20 3 4
20 3 5
20 3 6
20 3 7
20 4 -6
20 4 -5
20 4 -4
20 4 -3
20 4 3
20 4 4
20 4 5
20 4 6
20 5 -6
20 5 -5
20 5 -4
20 5 -3
20 5 -2
20 5 -1
20 5 0
20 5 1
20 5 2
20 5 3
20 5 4
20 5 5
20 5 6
20 6 -5
20 6 -4
20 6 -3
20 6 -2
20 6 -1
20 6 0
20 6 1
20 6 2
20 6 3
20 6 4
20 6 5
20 7 -3
20 7 -2
20 7 -1
20 7 0
20 7 1
20 7 2
20 7 3
21 -4 -2
21 -4 -1
21 -4 0
21 -4 1
21 -4 2
21 -3 -3
21 -3 -2
21 -3 -1
21 -3 0
21 -3 1
21 -3 2
21 -3 3
21 -2 -4
21 -2 -3
21 -2 -2
21 -2 -1
21 -2 0
21 -2 1
21 -2 2
21 -2 3
21 -2 4
21 -1 -4
21 -1 -3
21 -1 -2
21 -1 -1
21 -1 0
21 -1 1
21 -1 2
21 -1 3
21 -1 4
21 0 -4
21 0 -3
21 0 -2
21 0 -1
21 0 0
21 0 1
21 0 2
21 0 3
21 0 4
21 1 -4
21 1 -3
21 1 -2
21 1 -1
21 1 0
21 1 1
21 1 2
21 1 3
21 1 4
21 2 -4
21 2 -3
21 2 -2
21 2 -1
21 2 0
21 2 1
21 2 2
21 2 3
21 2 4
21 3 -3
21 3 -2
21 3 -1
21 3 0
21 3 1
21 3 2
21 3 3
21 4 -2
21 4 -1
21 4 0
21 4 1
21 4 2
