-29 -5 -2
-29 -5 -1
-29 -5 0
-29 -5 1
-29 -5 2
-29 -4 -3
-29 -4 -2
-29 -4 -1
-29 -4 0
-29 -4 1
-29 -4 2
-29 -4 3
-29 -3 -4
-29 -3 -3
-29 -3 -2
-29 -3 -1
-29 -3 0
-29 -3 1
-29 -3 2
-29 -3 3
-29 -3 4
-29 -2 -5
-29 -2 -4
-29 -2 -3
-29 -2 -2
-29 -2 -1
-29 -2 0
-29 -2 1
-29 -2 2
-29 -2 3
-29 -2 4
-29 -2 5
-29 -1 -5
-29 -1 -4
-29 -1 -3
-29 -1 -2
-29 -1 -1
-29 -1 0
-29 -1 1
-29 -1 2
-29 -1 3
-29 -1 4
-29 -1 5
-29 0 -5
-29 0 -4
-29 0 -3
-29 0 -2
-29 0 -1
-29 0 0
-29 0 1
-29 0 2
-29 0 3
-29 0 4
-29 0 5
-29 1 -5
-29 1 -4
-29 1 -3
-29 1 -2
-29 1 -1
-29 1 0
-29 1 1
-29 1 2
-29 1 3
-29 1 4
-29 1 5
-29 2 -5
-29 2 -4
-29 2 -3
-29 2 -2
-29 2 -1
-29 2 0
-29 2 1
-29 2 2
-29 2 3
-29 2 4
-29 2 5
-29 3 -4
-29 3 -3
-29 3 -2
-29 3 -1
-29 3 0
-29 3 1
-29 3 2
-29 3 3
-29 3 4
-29 4 -3
-29 4 -2
-29 4 -1
-29 4 0
-29 4 1
-29 4 2
-29 4 3
-29 5 -2
-29 5 -1
-29 5 0
-29 5 1
-29 5 2
-28 -9 -2
-28 -9 -1
-28 -9 0
-28 -9 1
-28 -9 2
-28 -8 -4
-28 -8 -3
-28 -8 -2
-28 -8 -1
-28 -8 0
-28 -8 1
-28 -8 2
-28 -8 3
-28 -8 4
-28 -7 -6
-28 -7 -5
-28 -7 -4
-28 -7 -3
-28 -7 -2
-28 -7 -1
-28 -7 0
-28 -7 1
-28 -7 2
-28 -7 3
-28 -7 4
-28 -7 5
-28 -7 6
-28 -6 -7
-28 -6 -6
-28 -6 -5
-28 -6 -4
-28 -6 -3
-28 -6 -2
-28 -6 -1
-28 -6 0
-28 -6 1
-28 -6 2
-28 -6 3
-28 -6 4
-28 -6 5
-28 -6 6
-28 -6 7
-28 -5 -7
-28 -5 -6
-28 -5 -5
-28 -5 -4
-28 -5 -3
-28 -5 3
-28 -5 4
-28 -5 5
-28 -5 6
-28 -5 7
-28 -4 -8
-28 -4 -7
-28 -4 -6
-28 -4 -5
-28 -4 -4
-28 -4 4
-28 -4 5
-28 -4 6
-28 -4 7
-28 -4 8
-28 -3 -8
-28 -3 -7
-28 -3 -6
-28 -3 -5
-28 -3 5
-28 -3 6
-28 -3 7
-28 -3 8
-28 -2 -9
-28 -2 -8
-28 -2 -7
-28 -2 -6
-28 -2 6
-28 -2 7
-28 -2 8
-28 -2 9
-28 -1 -9
-28 -1 -8
-28 -1 -7
-28 -1 -6
-28 -1 6
-28 -1 7
-28 -1 8
-28 -1 9
-28 0 -9
-28 0 -8
-28 0 -7
-28 0 -6
-28 0 6
-28 0 7
-28 0 8
-28 0 9
-28 1 -9
-28 1 -8
-28 1 -7
-28 1 -6
-28 1 6
-28 1 7
-28 1 8
-28 1 9
-28 2 -9
-28 2 -8
-28 2 -7
-28 2 -6
-28 2 6
-28 2 7
-28 2 8
-28 2 9
-28 3 -8
-28 3 -7
-28 3 -6
-28 3 -5
-28 3 5
-28 3 6
-28 3 7
-28 3 8
-28 4 -8
-28 4 -7
-28 4 -6
-28 4 -5
-28 4 -4
-28 4 4
-28 4 5
-28 4 6
-28 4 7
-28 4 8
-28 5 -7
-28 5 -6
-28 5 -5
-28 5 -4
-28 5 -3
-28 5 3
-28 5 4
-28 5 5
-28 5 6
-28 5 7
-28 6 -7
-28 6 -6
-28 6 -5
-28 6 -4
-28 6 -3
-28 6 -2
-28 6 -1
-28 6 0
-28 6 1
-28 6 2
-28 6 3
-28 6 4
-28 6 5
-28 6 6
-28 6 7
-28 7 -6
-28 7 -5
-28 7 -4
-28 7 -3
-28 7 -2
-28 7 -1
-28 7 0
-28 7 1
-28 7 2
-28 7 3
-28 7 4
-28 7 5
-28 7 6
-28 8 -4
-28 8 -3
-28 8 -2
-28 8 -1
-28 8 0
-28 8 1
-28 8 2
-28 8 3
-28 8 4
-28 9 -2
-28 9 -1
-28 9 0
-28 9 1
-28 9 2
-27 -11 -4
-27 -11 -3
-27 -11 -2
-27 -11 -1
-27 -11 0
-27 -11 1
-27 -11 2
-27 -11 3
-27 -11 4
-27 -10 -6
-27 -10 -5
-27 -10 -4
-27 -10 -3
-27 -10 -2
-27 -10 -1
-27 -10 0
-27 -10 1
-27 -10 2
-27 -10 3
-27 -10 4
-27 -10 5
-27 -10 6
-27 -9 -7
-27 -9 -6
-27 -9 -5
-27 -9 -4
-27 -9 -3
-27 -9 3
-27 -9 4
-27 -9 5
-27 -9 6
-27 -9 7
-27 -8 -8
-27 -8 -7
-27 -8 -6
-27 -8 -5
-27 -8 5
-27 -8 6
-27 -8 7
-27 -8 8
-27 -7 -9
-27 -7 -8
-27 -7 -7
-27 -7 7
-27 -7 8
-27 -7 9
-27 -6 -10
-27 -6 -9
-27 -6 -8
-27 -6 8
-27 -6 9
-27 -6 10
-27 -5 -10
-27 -5 -9
-27 -5 -8
-27 -5 8
-27 -5 9
-27 -5 10
-27 -4 -11
-27 -4 -10
-27 -4 -9
-27 -4 9
-27 -4 10
-27 -4 11
-27 -3 -11
-27 -3 -10
-27 -3 -9
-27 -3 9
-27 -3 10
-27 -3 11
-27 -2 -11
-27 -2 -10
-27 -2 10
-27 -2 11
-27 -1 -11
-27 -1 -10
-27 -1 10
-27 -1 11
-27 0 -11
-27 0 -10
-27 0 10
-27 0 11
-27 1 -11
-27 1 -10
-27 1 10
-27 1 11
-27 2 -11
-27 2 -10
-27 2 10
-27 2 11
-27 3 -11
-27 3 -10
-27 3 -9
-27 3 9
-27 3 10
-27 3 11
-27 4 -11
-27 4 -10
-27 4 -9
-27 4 9
-27 4 10
-27 4 11
-27 5 -10
-27 5 -9
-27 5 -8
-27 5 8
-27 5 9
-27 5 10
-27 6 -10
-27 6 -9
-27 6 -8
-27 6 8
-27 6 9
-27 6 10
-27 7 -9
-27 7 -8
-27 7 -7
-27 7 7
-27 7 8
-27 7 9
-27 8 -8
-27 8 -7
-27 8 -6
-27 8 -5
-27 8 5
-27 8 6
-27 8 7
-27 8 8
-27 9 -7
-27 9 -6
-27 9 -5
-27 9 -4
-27 9 -3
-27 9 3
-27 9 4
-27 9 5
-27 9 6
-27 9 7
-27 10 -6
-27 10 -5
-27 10 -4
-27 10 -3
-27 10 -2
-27 10 -1
-27 10 0
-27 10 1
-27 10 2
-27 10 3
-27 10 4
-27 10 5
-27 10 6
-27 11 -4
-27 11 -3
-27 11 -2
-27 11 -1
-27 11 0
-27 11 1
-27 11 2
-27 11 3
-27 11 4
-26 -13 -5
-26 -13 -4
-26 -13 -3
-26 -13 -2
-26 -13 -1
-26 -13 0
-26 -13 1
-26 -13 2
-26 -13 3
-26 -13 4
-26 -13 5
-26 -12 -7
-26 -12 -6
-26 -12 -5
-26 -12 -4
-26 -12 -3
-26 -12 -2
-26 -12 -1
-26 -12 0
-26 -12 1
-26 -12 2
-26 -12 3
-26 -12 4
-26 -12 5
-26 -12 6
-26 -12 7
-26 -11 -8
-26 -11 -7
-26 -11 -6
-26 -11 -5
-26 -11 5
-26 -11 6
-26 -11 7
-26 -11 8
-26 -10 -9
-26 -10 -8
-26 -10 -7
-26 -10 7
-26 -10 8
-26 -10 9
-26 -9 -10
-26 -9 -9
-26 -9 -8
-26 -9 8
-26 -9 9
-26 -9 10
-26 -8 -11
-26 -8 -10
-26 -8 -9
-26 -8 9
-26 -8 10
-26 -8 11
-26 -7 -12
-26 -7 -11
-26 -7 -10
-26 -7 10
-26 -7 11
-26 -7 12
-26 -6 -12
-26 -6 -11
-26 -6 11
-26 -6 12
-26 -5 -13
-26 -5 -12
-26 -5 -11
-26 -5 11
-26 -5 12
-26 -5 13
-26 -4 -13
-26 -4 -12
-26 -4 12
-26 -4 13
-26 -3 -13
-26 -3 -12
-26 -3 12
-26 -3 13
-26 -2 -13
-26 -2 -12
-26 -2 12
-26 -2 13
-26 -1 -13
-26 -1 -12
-26 -1 12
-26 -1 13
-26 0 -13
-26 0 -12
-26 0 12
-26 0 13
-26 1 -13
-26 1 -12
-26 1 12
-26 1 13
-26 2 -13
-26 2 -12
-26 2 12
-26 2 13
-26 3 -13
-26 3 -12
-26 3 12
-26 3 13
-26 4 -13
-26 4 -12
-26 4 12
-26 4 13
-26 5 -13
-26 5 -12
-26 5 -11
-26 5 11
-26 5 12
-26 5 13
-26 6 -12
-26 6 -11
-26 6 11
-26 6 12
-26 7 -12
-26 7 -11
-26 7 -10
-26 7 10
-26 7 11
-26 7 12
-26 8 -11
-26 8 -10
-26 8 -9
-26 8 9
-26 8 10
-26 8 11
-26 9 -10
-26 9 -9
-26 9 -8
-26 9 8
-26 9 9
-26 9 10
-26 10 -9
-26 10 -8
-26 10 -7
-26 10 7
-26 10 8
-26 10 9
-26 11 -8
-26 11 -7
-26 11 -6
-26 11 -5
-26 11 5
-26 11 6
-26 11 7
-26 11 8
-26 12 -7
-26 12 -6
-26 12 -5
-26 12 -4
-26 12 -3
-26 12 -2
-26 12 -1
-26 12 0
-26 12 1
-26 12 2
-26 12 3
-26 12 4
-26 12 5
-26 12 6
-26 12 7
-26 13 -5
-26 13 -4
-26 13 -3
-26 13 -2
-26 13 -1
-26 13 0
-26 13 1
-26 13 2
-26 13 3
-26 13 4
-26 13 5
-25 -15 -4
-25 -15 -3
-25 -15 -2
-25 -15 -1
-25 -15 0
-25 -15 1
-25 -15 2
-25 -15 3
-25 -15 4
-25 -14 -7
-25 -14 -6
-25 -14 -5
-25 -14 -4
-25 -14 -3
-25 -14 -2
-25 -14 -1
-25 -14 0
-25 -14 1
-25 -14 2
-25 -14 3
-25 -14 4
-25 -14 5
-25 -14 6
-25 -14 7
-25 -13 -8
-25 -13 -7
-25 -13 -6
-25 -13 6
-25 -13 7
-25 -13 8
-25 -12 -10
-25 -12 -9
-25 -12 -8
-25 -12 8
-25 -12 9
-25 -12 10
-25 -11 -11
-25 -11 -10
-25 -11 -9
-25 -11 9
-25 -11 10
-25 -11 11
-25 -10 -12
-25 -10 -11
-25 -10 -10
-25 -10 10
-25 -10 11
-25 -10 12
-25 -9 -12
-25 -9 -11
-25 -9 11
-25 -9 12
-25 -8 -13
-25 -8 -12
-25 -8 12
-25 -8 13
-25 -7 -14
-25 -7 -13
-25 -7 13
-25 -7 14
-25 -6 -14
-25 -6 -13
-25 -6 13
-25 -6 14
-25 -5 -14
-25 -5 14
-25 -4 -15
-25 -4 -14
-25 -4 14
-25 -4 15
-25 -3 -15
-25 -3 -14
-25 -3 14
-25 -3 15
-25 -2 -15
-25 -2 -14
-25 -2 14
-25 -2 15
-25 -1 -15
-25 -1 -14
-25 -1 14
-25 -1 15
-25 0 -15
-25 0 -14
-25 0 14
-25 0 15
-25 1 -15
-25 1 -14
-25 1 14
-25 1 15
-25 2 -15
-25 2 -14
-25 2 14
-25 2 15
-25 3 -15
-25 3 -14
-25 3 14
-25 3 15
-25 4 -15
-25 4 -14
-25 4 14
-25 4 15
-25 5 -14
-25 5 14
-25 6 -14
-25 6 -13
-25 6 13
-25 6 14
-25 7 -14
-25 7 -13
-25 7 13
-25 7 14
-25 8 -13
-25 8 -12
-25 8 12
-25 8 13
-25 9 -12
-25 9 -11
-25 9 11
-25 9 12
-25 10 -12
-25 10 -11
-25 10 -10
-25 10 10
-25 10 11
-25 10 12
-25 11 -11
-25 11 -10
-25 11 -9
-25 11 9
-25 11 10
-25 11 11
-25 12 -10
-25 12 -9
-25 12 -8
-25 12 8
-25 12 9
-25 12 10
-25 13 -8
-25 13 -7
-25 13 -6
-25 13 6
-25 13 7
-25 13 8
-25 14 -7
-25 14 -6
-25 14 -5
-25 14 -4
-25 14 -3
-25 14 -2
-25 14 -1
-25 14 0
-25 14 1
-25 14 2
-25 14 3
-25 14 4
-25 14 5
-25 14 6
-25 14 7
-25 15 -4
-25 15 -3
-25 15 -2
-25 15 -1
-25 15 0
-25 15 1
-25 15 2
-25 15 3
-25 15 4
-24 -17 -2
-24 -17 -1
-24 -17 0
-24 -17 1
-24 -17 2
-24 -16 -6
-24 -16 -5
-24 -16 -4
-24 -16 -3
-24 -16 -2
-24 -16 -1
-24 -16 0
-24 -16 1
-24 -16 2
-24 -16 3
-24 -16 4
-24 -16 5
-24 -16 6
-24 -15 -8
-24 -15 -7
-24 -15 -6
-24 -15 -5
-24 -15 5
-24 -15 6
-24 -15 7
-24 -15 8
-24 -14 -9
-24 -14 -8
-24 -14 8
-24 -14 9
-24 -13 -11
-24 -13 -10
-24 -13 -9
-24 -13 9
-24 -13 10
-24 -13 11
-24 -12 -12
-24 -12 -11
-24 -12 11
-24 -12 12
-24 -11 -13
-24 -11 -12
-24 -11 12
-24 -11 13
-24 -10 -13
-24 -10 13
-24 -9 -14
-24 -9 -13
-24 -9 13
-24 -9 14
-24 -8 -15
-24 -8 -14
-24 -8 14
-24 -8 15
-24 -7 -15
-24 -7 15
-24 -6 -16
-24 -6 -15
-24 -6 15
-24 -6 16
-24 -5 -16
-24 -5 -15
-24 -5 15
-24 -5 16
-24 -4 -16
-24 -4 16
-24 -3 -16
-24 -3 16
-24 -2 -17
-24 -2 -16
-24 -2 16
-24 -2 17
-24 -1 -17
-24 -1 -16
-24 -1 16
-24 -1 17
-24 0 -17
-24 0 -16
-24 0 16
-24 0 17
-24 1 -17
-24 1 -16
-24 1 16
-24 1 17
-24 2 -17
-24 2 -16
-24 2 16
-24 2 17
-24 3 -16
-24 3 16
-24 4 -16
-24 4 16
-24 5 -16
-24 5 -15
-24 5 15
-24 5 16
-24 6 -16
-24 6 -15
-24 6 15
-24 6 16
-24 7 -15
-24 7 15
-24 8 -15
-24 8 -14
-24 8 14
-24 8 15
-24 9 -14
-24 9 -13
-24 9 13
-24 9 14
-24 10 -13
-24 10 13
-24 11 -13
-24 11 -12
-24 11 12
-24 11 13
-24 12 -12
-24 12 -11
-24 12 11
-24 12 12
-24 13 -11
-24 13 -10
-24 13 -9
-24 13 9
-24 13 10
-24 13 11
-24 14 -9
-24 14 -8
-24 14 8
-24 14 9
-24 15 -8
-24 15 -7
-24 15 -6
-24 15 -5
-24 15 5
-24 15 6
-24 15 7
-24 15 8
-24 16 -6
-24 16 -5
-24 16 -4
-24 16 -3
-24 16 -2
-24 16 -1
-24 16 0
-24 16 1
-24 16 2
-24 16 3
-24 16 4
-24 16 5
-24 16 6
-24 17 -2
-24 17 -1
-24 17 0
-24 17 1
-24 17 2
-23 -18 -4
-23 -18 -3
-23 -18 -2
-23 -18 -1
-23 -18 0
-23 -18 1
-23 -18 2
-23 -18 3
-23 -18 4
-23 -17 -7
-23 -17 -6
-23 -17 -5
-23 -17 -4
-23 -17 -3
-23 -17 3
-23 -17 4
-23 -17 5
-23 -17 6
-23 -17 7
-23 -16 -9
-23 -16 -8
-23 -16 -7
-23 -16 7
-23 -16 8
-23 -16 9
-23 -15 -10
-23 -15 -9
-23 -15 9
-23 -15 10
-23 -14 -12
-23 -14 -11
-23 -14 -10
-23 -14 10
-23 -14 11
-23 -14 12
-23 -13 -13
-23 -13 -12
-23 -13 12
-23 -13 13
-23 -12 -14
-23 -12 -13
-23 -12 13
-23 -12 14
-23 -11 -14
-23 -11 14
-23 -10 -15
-23 -10 -14
-23 -10 14
-23 -10 15
-23 -9 -16
-23 -9 -15
-23 -9 15
-23 -9 16
-23 -8 -16
-23 -8 16
-23 -7 -17
-23 -7 -16
-23 -7 16
-23 -7 17
-23 -6 -17
-23 -6 17
-23 -5 -17
-23 -5 17
-23 -4 -18
-23 -4 -17
-23 -4 17
-23 -4 18
-23 -3 -18
-23 -3 -17
-23 -3 17
-23 -3 18
-23 -2 -18
-23 -2 18
-23 -1 -18
-23 -1 18
-23 0 -18
-23 0 18
-23 1 -18
-23 1 18
-23 2 -18
-23 2 18
-23 3 -18
-23 3 -17
-23 3 17
-23 3 18
-23 4 -18
-23 4 -17
-23 4 17
-23 4 18
-23 5 -17
-23 5 17
-23 6 -17
-23 6 17
-23 7 -17
-23 7 -16
-23 7 16
-23 7 17
-23 8 -16
-23 8 16
-23 9 -16
-23 9 -15
-23 9 15
-23 9 16
-23 10 -15
-23 10 -14
-23 10 14
-23 10 15
-23 11 -14
-23 11 14
-23 12 -14
-23 12 -13
-23 12 13
-23 12 14
-23 13 -13
-23 13 -12
-23 13 12
-23 13 13
-23 14 -12
-23 14 -11
-23 14 -10
-23 14 10
-23 14 11
-23 14 12
-23 15 -10
-23 15 -9
-23 15 9
-23 15 10
-23 16 -9
-23 16 -8
-23 16 -7
-23 16 7
-23 16 8
-23 16 9
-23 17 -7
-23 17 -6
-23 17 -5
-23 17 -4
-23 17 -3
-23 17 3
-23 17 4
-23 17 5
-23 17 6
-23 17 7
-23 18 -4
-23 18 -3
-23 18 -2
-23 18 -1
-23 18 0
-23 18 1
-23 18 2
-23 18 3
-23 18 4
-22 -19 -5
-22 -19 -4
-22 -19 -3
-22 -19 -2
-22 -19 -1
-22 -19 0
-22 -19 1
-22 -19 2
-22 -19 3
-22 -19 4
-22 -19 5
-22 -18 -7
-22 -18 -6
-22 -18 -5
-22 -18 5
-22 -18 6
-22 -18 7
-22 -17 -9
-22 -17 -8
-22 -17 8
-22 -17 9
-22 -16 -11
-22 -16 -10
-22 -16 10
-22 -16 11
-22 -15 -12
-22 -15 -11
-22 -15 11
-22 -15 12
-22 -14 -13
-22 -14 13
-22 -13 -14
-22 -13 14
-22 -12 -15
-22 -12 15
-22 -11 -16
-22 -11 -15
-22 -11 15
-22 -11 16
-22 -10 -16
-22 -10 16
-22 -9 -17
-22 -9 17
-22 -8 -17
-22 -8 17
-22 -7 -18
-22 -7 18
-22 -6 -18
-22 -6 18
-22 -5 -19
-22 -5 -18
-22 -5 18
-22 -5 19
-22 -4 -19
-22 -4 19
-22 -3 -19
-22 -3 19
-22 -2 -19
-22 -2 19
-22 -1 -19
-22 -1 19
-22 0 -19
-22 0 19
-22 1 -19
-22 1 19
-22 2 -19
-22 2 19
-22 3 -19
-22 3 19
-22 4 -19
-22 4 19
-22 5 -19
-22 5 -18
-22 5 18
-22 5 19
-22 6 -18
-22 6 18
-22 7 -18
-22 7 18
-22 8 -17
-22 8 17
-22 9 -17
-22 9 17
-22 10 -16
-22 10 16
-22 11 -16
-22 11 -15
-22 11 15
-22 11 16
-22 12 -15
-22 12 15
-22 13 -14
-22 13 14
-22 14 -13
-22 14 13
-22 15 -12
-22 15 -11
-22 15 11
-22 15 12
-22 16 -11
-22 16 -10
-22 16 10
-22 16 11
-22 17 -9
-22 17 -8
-22 17 8
-22 17 9
-22 18 -7
-22 18 -6
-22 18 -5
-22 18 5
-22 18 6
-22 18 7
-22 19 -5
-22 19 -4
-22 19 -3
-22 19 -2
-22 19 -1
-22 19 0
-22 19 1
-22 19 2
-22 19 3
-22 19 4
-22 19 5
-21 -20 -5
-21 -20 -4
-21 -20 -3
-21 -20 -2
-21 -20 -1
-21 -20 0
-21 -20 1
-21 -20 2
-21 -20 3
-21 -20 4
-21 -20 5
-21 -19 -8
-21 -19 -7
-21 -19 -6
-21 -19 6
-21 -19 7
-21 -19 8
-21 -18 -10
-21 -18 -9
-21 -18 -8
-21 -18 8
-21 -18 9
-21 -18 10
-21 -17 -11
-21 -17 -10
-21 -17 10
-21 -17 11
-21 -16 -13
-21 -16 -12
-21 -16 12
-21 -16 13
-21 -15 -14
-21 -15 -13
-21 -15 13
-21 -15 14
-21 -14 -15
-21 -14 -14
-21 -14 14
-21 -14 15
-21 -13 -16
-21 -13 -15
-21 -13 15
-21 -13 16
-21 -12 -16
-21 -12 16
-21 -11 -17
-21 -11 17
-21 -10 -18
-21 -10 -17
-21 -10 17
-21 -10 18
-21 -9 -18
-21 -9 18
-21 -8 -19
-21 -8 -18
-21 -8 18
-21 -8 19
-21 -7 -19
-21 -7 19
-21 -6 -19
-21 -6 19
-21 -5 -20
-21 -5 20
-21 -4 -20
-21 -4 20
-21 -3 -20
-21 -3 20
-21 -2 -20
-21 -2 20
-21 -1 -20
-21 -1 20
-21 0 -20
-21 0 20
-21 1 -20
-21 1 20
-21 2 -20
-21 2 20
-21 3 -20
-21 3 20
-21 4 -20
-21 4 20
-21 5 -20
-21 5 20
-21 6 -19
-21 6 19
-21 7 -19
-21 7 19
-21 8 -19
-21 8 -18
-21 8 18
-21 8 19
-21 9 -18
-21 9 18
-21 10 -18
-21 10 -17
-21 10 17
-21 10 18
-21 11 -17
-21 11 17
-21 12 -16
-21 12 16
-21 13 -16
-21 13 -15
-21 13 15
-21 13 16
-21 14 -15
-21 14 -14
-21 14 14
-21 14 15
-21 15 -14
-21 15 -13
-21 15 13
-21 15 14
-21 16 -13
-21 16 -12
-21 16 12
-21 16 13
-21 17 -11
-21 17 -10
-21 17 10
-21 17 11
-21 18 -10
-21 18 -9
-21 18 -8
-21 18 8
-21 18 9
-21 18 10
-21 19 -8
-21 19 -7
-21 19 -6
-21 19 6
-21 19 7
-21 19 8
-21 20 -5
-21 20 -4
-21 20 -3
-21 20 -2
-21 20 -1
-21 20 0
-21 20 1
-21 20 2
-21 20 3
-21 20 4
-21 20 5
-20 -21 -5
-20 -21 -4
-20 -21 -3
-20 -21 -2
-20 -21 -1
-20 -21 0
-20 -21 1
-20 -21 2
-20 -21 3
-20 -21 4
-20 -21 5
-20 -20 -8
-20 -20 -7
-20 -20 -6
-20 -20 6
-20 -20 7
-20 -20 8
-20 -19 -10
-20 -19 -9
-20 -19 9
-20 -19 10
-20 -18 -12
-20 -18 -11
-20 -18 11
-20 -18 12
-20 -17 -13
-20 -17 -12
-20 -17 12
-20 -17 13
-20 -16 -14
-20 -16 14
-20 -15 -15
-20 -15 15
-20 -14 -16
-20 -14 16
-20 -13 -17
-20 -13 17
-20 -12 -18
-20 -12 -17
-20 -12 17
-20 -12 18
-20 -11 -18
-20 -11 18
-20 -10 -19
-20 -10 19
-20 -9 -19
-20 -9 19
-20 -8 -20
-20 -8 20
-20 -7 -20
-20 -7 20
-20 -6 -20
-20 -6 20
-20 -5 -21
-20 -5 21
-20 -4 -21
-20 -4 21
-20 -3 -21
-20 -3 21
-20 -2 -21
-20 -2 21
-20 -1 -21
-20 -1 21
-20 0 -21
-20 0 21
-20 1 -21
-20 1 21
-20 2 -21
-20 2 21
-20 3 -21
-20 3 21
-20 4 -21
-20 4 21
-20 5 -21
-20 5 21
-20 6 -20
-20 6 20
-20 7 -20
-20 7 20
-20 8 -20
-20 8 20
-20 9 -19
-20 9 19
-20 10 -19
-20 10 19
-20 11 -18
-20 11 18
-20 12 -18
-20 12 -17
-20 12 17
-20 12 18
-20 13 -17
-20 13 17
-20 14 -16
-20 14 16
-20 15 -15
-20 15 15
-20 16 -14
-20 16 14
-20 17 -13
-20 17 -12
-20 17 12
-20 17 13
-20 18 -12
-20 18 -11
-20 18 11
-20 18 12
-20 19 -10
-20 19 -9
-20 19 9
-20 19 10
-20 20 -8
-20 20 -7
-20 20 -6
-20 20 6
-20 20 7
-20 20 8
-20 21 -5
-20 21 -4
-20 21 -3
-20 21 -2
-20 21 -1
-20 21 0
-20 21 1
-20 21 2
-20 21 3
-20 21 4
-20 21 5
-19 -22 -5
-19 -22 -4
-19 -22 -3
-19 -22 -2
-19 -22 -1
-19 -22 0
-19 -22 1
-19 -22 2
-19 -22 3
-19 -22 4
-19 -22 5
-19 -21 -8
-19 -21 -7
-19 -21 -6
-19 -21 6
-19 -21 7
-19 -21 8
-19 -20 -10
-19 -20 -9
-19 -20 9
-19 -20 10
-19 -19 -12
-19 -19 -11
-19 -19 11
-19 -19 12
-19 -18 -13
-19 -18 13
-19 -17 -14
-19 -17 14
-19 -16 -15
-19 -16 15
-19 -15 -16
-19 -15 16
-19 -14 -17
-19 -14 17
-19 -13 -18
-19 -13 18
-19 -12 -19
-19 -12 19
-19 -11 -19
-19 -11 19
-19 -10 -20
-19 -10 20
-19 -9 -20
-19 -9 20
-19 -8 -21
-19 -8 21
-19 -7 -21
-19 -7 21
-19 -6 -21
-19 -6 21
-19 -5 -22
-19 -5 22
-19 -4 -22
-19 -4 22
-19 -3 -22
-19 -3 22
-19 -2 -22
-19 -2 22
-19 -1 -22
-19 -1 22
-19 0 -22
-19 0 22
-19 1 -22
-19 1 22
-19 2 -22
-19 2 22
-19 3 -22
-19 3 22
-19 4 -22
-19 4 22
-19 5 -22
-19 5 22
-19 6 -21
-19 6 21
-19 7 -21
-19 7 21
-19 8 -21
-19 8 21
-19 9 -20
-19 9 20
-19 10 -20
-19 10 20
-19 11 -19
-19 11 19
-19 12 -19
-19 12 19
-19 13 -18
-19 13 18
-19 14 -17
-19 14 17
-19 15 -16
-19 15 16
-19 16 -15
-19 16 15
-19 17 -14
-19 17 14
-19 18 -13
-19 18 13
-19 19 -12
-19 19 -11
-19 19 11
-19 19 12
-19 20 -10
-19 20 -9
-19 20 9
-19 20 10
-19 21 -8
-19 21 -7
-19 21 -6
-19 21 6
-19 21 7
-19 21 8
-19 22 -5
-19 22 -4
-19 22 -3
-19 22 -2
-19 22 -1
-19 22 0
-19 22 1
-19 22 2
-19 22 3
-19 22 4
-19 22 5
-18 -23 -4
-18 -23 -3
-18 -23 -2
-18 -23 -1
-18 -23 0
-18 -23 1
-18 -23 2
-18 -23 3
-18 -23 4
-18 -22 -7
-18 -22 -6
-18 -22 -5
-18 -22 5
-18 -22 6
-18 -22 7
-18 -21 -10
-18 -21 -9
-18 -21 -8
-18 -21 8
-18 -21 9
-18 -21 10
-18 -20 -12
-18 -20 -11
-18 -20 11
-18 -20 12
-18 -19 -13
-18 -19 13
-18 -18 -14
-18 -18 14
-18 -17 -16
-18 -17 -15
-18 -17 15
-18 -17 16
-18 -16 -17
-18 -16 -16
-18 -16 16
-18 -16 17
-18 -15 -17
-18 -15 17
-18 -14 -18
-18 -14 18
-18 -13 -19
-18 -13 19
-18 -12 -20
-18 -12 20
-18 -11 -20
-18 -11 20
-18 -10 -21
-18 -10 21
-18 -9 -21
-18 -9 21
-18 -8 -21
-18 -8 21
-18 -7 -22
-18 -7 22
-18 -6 -22
-18 -6 22
-18 -5 -22
-18 -5 22
-18 -4 -23
-18 -4 23
-18 -3 -23
-18 -3 23
-18 -2 -23
-18 -2 23
-18 -1 -23
-18 -1 23
-18 0 -23
-18 0 23
-18 1 -23
-18 1 23
-18 2 -23
-18 2 23
-18 3 -23
-18 3 23
-18 4 -23
-18 4 23
-18 5 -22
-18 5 22
-18 6 -22
-18 6 22
-18 7 -22
-18 7 22
-18 8 -21
-18 8 21
-18 9 -21
-18 9 21
-18 10 -21
-18 10 21
-18 11 -20
-18 11 20
-18 12 -20
-18 12 20
-18 13 -19
-18 13 19
-18 14 -18
-18 14 18
-18 15 -17
-18 15 17
-18 16 -17
-18 16 -16
-18 16 16
-18 16 17
-18 17 -16
-18 17 -15
-18 17 15
-18 17 16
-18 18 -14
-18 18 14
-18 19 -13
-18 19 13
-18 20 -12
-18 20 -11
-18 20 11
-18 20 12
-18 21 -10
-18 21 -9
-18 21 -8
-18 21 8
-18 21 9
-18 21 10
-18 22 -7
-18 22 -6
-18 22 -5
-18 22 5
-18 22 6
-18 22 7
-18 23 -4
-18 23 -3
-18 23 -2
-18 23 -1
-18 23 0
-18 23 1
-18 23 2
-18 23 3
-18 23 4
-17 -24 -2
-17 -24 -1
-17 -24 0
-17 -24 1
-17 -24 2
-17 -23 -7
-17 -23 -6
-17 -23 -5
-17 -23 -4
-17 -23 -3
-17 -23 3
-17 -23 4
-17 -23 5
-17 -23 6
-17 -23 7
-17 -22 -9
-17 -22 -8
-17 -22 8
-17 -22 9
-17 -21 -11
-17 -21 -10
-17 -21 10
-17 -21 11
-17 -20 -13
-17 -20 -12
-17 -20 12
-17 -20 13
-17 -19 -14
-17 -19 14
-17 -18 -16
-17 -18 -15
-17 -18 15
-17 -18 16
-17 -17 -17
-17 -17 17
-17 -16 -18
-17 -16 18
-17 -15 -18
-17 -15 18
-17 -14 -19
-17 -14 19
-17 -13 -20
-17 -13 20
-17 -12 -20
-17 -12 20
-17 -11 -21
-17 -11 21
-17 -10 -21
-17 -10 21
-17 -9 -22
-17 -9 22
-17 -8 -22
-17 -8 22
-17 -7 -23
-17 -7 23
-17 -6 -23
-17 -6 23
-17 -5 -23
-17 -5 23
-17 -4 -23
-17 -4 23
-17 -3 -23
-17 -3 23
-17 -2 -24
-17 -2 24
-17 -1 -24
-17 -1 24
-17 0 -24
-17 0 24
-17 1 -24
-17 1 24
-17 2 -24
-17 2 24
-17 3 -23
-17 3 23
-17 4 -23
-17 4 23
-17 5 -23
-17 5 23
-17 6 -23
-17 6 23
-17 7 -23
-17 7 23
-17 8 -22
-17 8 22
-17 9 -22
-17 9 22
-17 10 -21
-17 10 21
-17 11 -21
-17 11 21
-17 12 -20
-17 12 20
-17 13 -20
-17 13 20
-17 14 -19
-17 14 19
-17 15 -18
-17 15 18
-17 16 -18
-17 16 18
-17 17 -17
-17 17 17
-17 18 -16
-17 18 -15
-17 18 15
-17 18 16
-17 19 -14
-17 19 14
-17 20 -13
-17 20 -12
-17 20 12
-17 20 13
-17 21 -11
-17 21 -10
-17 21 10
-17 21 11
-17 22 -9
-17 22 -8
-17 22 8
-17 22 9
-17 23 -7
-17 23 -6
-17 23 -5
-17 23 -4
-17 23 -3
-17 23 3
-17 23 4
-17 23 5
-17 23 6
-17 23 7
-17 24 -2
-17 24 -1
-17 24 0
-17 24 1
-17 24 2
-16 -24 -6
-16 -24 -5
-16 -24 -4
-16 -24 -3
-16 -24 -2
-16 -24 -1
-16 -24 0
-16 -24 1
-16 -24 2
-16 -24 3
-16 -24 4
-16 -24 5
-16 -24 6
-16 -23 -9
-16 -23 -8
-16 -23 -7
-16 -23 7
-16 -23 8
-16 -23 9
-16 -22 -11
-16 -22 -10
-16 -22 10
-16 -22 11
-16 -21 -13
-16 -21 -12
-16 -21 12
-16 -21 13
-16 -20 -14
-16 -20 14
-16 -19 -15
-16 -19 15
-16 -18 -17
-16 -18 -16
-16 -18 16
-16 -18 17
-16 -17 -18
-16 -17 18
-16 -16 -18
-16 -16 18
-16 -15 -19
-16 -15 19
-16 -14 -20
-16 -14 20
-16 -13 -21
-16 -13 21
-16 -12 -21
-16 -12 21
-16 -11 -22
-16 -11 22
-16 -10 -22
-16 -10 22
-16 -9 -23
-16 -9 23
-16 -8 -23
-16 -8 23
-16 -7 -23
-16 -7 23
-16 -6 -24
-16 -6 24
-16 -5 -24
-16 -5 24
-16 -4 -24
-16 -4 24
-16 -3 -24
-16 -3 24
-16 -2 -24
-16 -2 24
-16 -1 -24
-16 -1 24
-16 0 -24
-16 0 24
-16 1 -24
-16 1 24
-16 2 -24
-16 2 24
-16 3 -24
-16 3 24
-16 4 -24
-16 4 24
-16 5 -24
-16 5 24
-16 6 -24
-16 6 24
-16 7 -23
-16 7 23
-16 8 -23
-16 8 23
-16 9 -23
-16 9 23
-16 10 -22
-16 10 22
-16 11 -22
-16 11 22
-16 12 -21
-16 12 21
-16 13 -21
-16 13 21
-16 14 -20
-16 14 20
-16 15 -19
-16 15 19
-16 16 -18
-16 16 18
-16 17 -18
-16 17 18
-16 18 -17
-16 18 -16
-16 18 16
-16 18 17
-16 19 -15
-16 19 15
-16 20 -14
-16 20 14
-16 21 -13
-16 21 -12
-16 21 12
-16 21 13
-16 22 -11
-16 22 -10
-16 22 10
-16 22 11
-16 23 -9
-16 23 -8
-16 23 -7
-16 23 7
-16 23 8
-16 23 9
-16 24 -6
-16 24 -5
-16 24 -4
-16 24 -3
-16 24 -2
-16 24 -1
-16 24 0
-16 24 1
-16 24 2
-16 24 3
-16 24 4
-16 24 5
-16 24 6
-15 -25 -4
-15 -25 -3
-15 -25 -2
-15 -25 -1
-15 -25 0
-15 -25 1
-15 -25 2
-15 -25 3
-15 -25 4
-15 -24 -8
-15 -24 -7
-15 -24 -6
-15 -24 -5
-15 -24 5
-15 -24 6
-15 -24 7
-15 -24 8
-15 -23 -10
-15 -23 -9
-15 -23 9
-15 -23 10
-15 -22 -12
-15 -22 -11
-15 -22 11
-15 -22 12
-15 -21 -14
-15 -21 -13
-15 -21 13
-15 -21 14
-15 -20 -15
-15 -20 15
-15 -19 -16
-15 -19 16
-15 -18 -17
-15 -18 17
-15 -17 -18
-15 -17 18
-15 -16 -19
-15 -16 19
-15 -15 -20
-15 -15 20
-15 -14 -21
-15 -14 21
-15 -13 -21
-15 -13 21
-15 -12 -22
-15 -12 22
-15 -11 -22
-15 -11 22
-15 -10 -23
-15 -10 23
-15 -9 -23
-15 -9 23
-15 -8 -24
-15 -8 24
-15 -7 -24
-15 -7 24
-15 -6 -24
-15 -6 24
-15 -5 -24
-15 -5 24
-15 -4 -25
-15 -4 25
-15 -3 -25
-15 -3 25
-15 -2 -25
-15 -2 25
-15 -1 -25
-15 -1 25
-15 0 -25
-15 0 25
-15 1 -25
-15 1 25
-15 2 -25
-15 2 25
-15 3 -25
-15 3 25
-15 4 -25
-15 4 25
-15 5 -24
-15 5 24
-15 6 -24
-15 6 24
-15 7 -24
-15 7 24
-15 8 -24
-15 8 24
-15 9 -23
-15 9 23
-15 10 -23
-15 10 23
-15 11 -22
-15 11 22
-15 12 -22
-15 12 22
-15 13 -21
-15 13 21
-15 14 -21
-15 14 21
-15 15 -20
-15 15 20
-15 16 -19
-15 16 19
-15 17 -18
-15 17 18
-15 18 -17
-15 18 17
-15 19 -16
-15 19 16
-15 20 -15
-15 20 15
-15 21 -14
-15 21 -13
-15 21 13
-15 21 14
-15 22 -12
-15 22 -11
-15 22 11
-15 22 12
-15 23 -10
-15 23 -9
-15 23 9
-15 23 10
-15 24 -8
-15 24 -7
-15 24 -6
-15 24 -5
-15 24 5
-15 24 6
-15 24 7
-15 24 8
-15 25 -4
-15 25 -3
-15 25 -2
-15 25 -1
-15 25 0
-15 25 1
-15 25 2
-15 25 3
-15 25 4
-14 -25 -7
-14 -25 -6
-14 -25 -5
-14 -25 -4
-14 -25 -3
-14 -25 -2
-14 -25 -1
-14 -25 0
-14 -25 1
-14 -25 2
-14 -25 3
-14 -25 4
-14 -25 5
-14 -25 6
-14 -25 7
-14 -24 -9
-14 -24 -8
-14 -24 8
-14 -24 9
-14 -23 -12
-14 -23 -11
-14 -23 -10
-14 -23 10
-14 -23 11
-14 -23 12
-14 -22 -13
-14 -22 13
-14 -21 -15
-14 -21 -14
-14 -21 14
-14 -21 15
-14 -20 -16
-14 -20 16
-14 -19 -17
-14 -19 17
-14 -18 -18
-14 -18 18
-14 -17 -19
-14 -17 19
-14 -16 -20
-14 -16 20
-14 -15 -21
-14 -15 21
-14 -14 -21
-14 -14 21
-14 -13 -22
-14 -13 22
-14 -12 -23
-14 -12 23
-14 -11 -23
-14 -11 23
-14 -10 -23
-14 -10 23
-14 -9 -24
-14 -9 24
-14 -8 -24
-14 -8 24
-14 -7 -25
-14 -7 25
-14 -6 -25
-14 -6 25
-14 -5 -25
-14 -5 25
-14 -4 -25
-14 -4 25
-14 -3 -25
-14 -3 25
-14 -2 -25
-14 -2 25
-14 -1 -25
-14 -1 25
-14 0 -25
-14 0 25
-14 1 -25
-14 1 25
-14 2 -25
-14 2 25
-14 3 -25
-14 3 25
-14 4 -25
-14 4 25
-14 5 -25
-14 5 25
-14 6 -25
-14 6 25
-14 7 -25
-14 7 25
-14 8 -24
-14 8 24
-14 9 -24
-14 9 24
-14 10 -23
-14 10 23
-14 11 -23
-14 11 23
-14 12 -23
-14 12 23
-14 13 -22
-14 13 22
-14 14 -21
-14 14 21
-14 15 -21
-14 15 21
-14 16 -20
-14 16 20
-14 17 -19
-14 17 19
-14 18 -18
-14 18 18
-14 19 -17
-14 19 17
-14 20 -16
-14 20 16
-14 21 -15
-14 21 -14
-14 21 14
-14 21 15
-14 22 -13
-14 22 13
-14 23 -12
-14 23 -11
-14 23 -10
-14 23 10
-14 23 11
-14 23 12
-14 24 -9
-14 24 -8
-14 24 8
-14 24 9
-14 25 -7
-14 25 -6
-14 25 -5
-14 25 -4
-14 25 -3
-14 25 -2
-14 25 -1
-14 25 0
-14 25 1
-14 25 2
-14 25 3
-14 25 4
-14 25 5
-14 25 6
-14 25 7
-13 -26 -5
-13 -26 -4
-13 -26 -3
-13 -26 -2
-13 -26 -1
-13 -26 0
-13 -26 1
-13 -26 2
-13 -26 3
-13 -26 4
-13 -26 5
-13 -25 -8
-13 -25 -7
-13 -25 -6
-13 -25 6
-13 -25 7
-13 -25 8
-13 -24 -11
-13 -24 -10
-13 -24 -9
-13 -24 9
-13 -24 10
-13 -24 11
-13 -23 -13
-13 -23 -12
-13 -23 12
-13 -23 13
-13 -22 -14
-13 -22 14
-13 -21 -16
-13 -21 -15
-13 -21 15
-13 -21 16
-13 -20 -17
-13 -20 17
-13 -19 -18
-13 -19 18
-13 -18 -19
-13 -18 19
-13 -17 -20
-13 -17 20
-13 -16 -21
-13 -16 21
-13 -15 -21
-13 -15 21
-13 -14 -22
-13 -14 22
-13 -13 -23
-13 -13 23
-13 -12 -23
-13 -12 23
-13 -11 -24
-13 -11 24
-13 -10 -24
-13 -10 24
-13 -9 -24
-13 -9 24
-13 -8 -25
-13 -8 25
-13 -7 -25
-13 -7 25
-13 -6 -25
-13 -6 25
-13 -5 -26
-13 -5 26
-13 -4 -26
-13 -4 26
-13 -3 -26
-13 -3 26
-13 -2 -26
-13 -2 26
-13 -1 -26
-13 -1 26
-13 0 -26
-13 0 26
-13 1 -26
-13 1 26
-13 2 -26
-13 2 26
-13 3 -26
-13 3 26
-13 4 -26
-13 4 26
-13 5 -26
-13 5 26
-13 6 -25
-13 6 25
-13 7 -25
-13 7 25
-13 8 -25
-13 8 25
-13 9 -24
-13 9 24
-13 10 -24
-13 10 24
-13 11 -24
-13 11 24
-13 12 -23
-13 12 23
-13 13 -23
-13 13 23
-13 14 -22
-13 14 22
-13 15 -21
-13 15 21
-13 16 -21
-13 16 21
-13 17 -20
-13 17 20
-13 18 -19
-13 18 19
-13 19 -18
-13 19 18
-13 20 -17
-13 20 17
-13 21 -16
-13 21 -15
-13 21 15
-13 21 16
-13 22 -14
-13 22 14
-13 23 -13
-13 23 -12
-13 23 12
-13 23 13
-13 24 -11
-13 24 -10
-13 24 -9
-13 24 9
-13 24 10
-13 24 11
-13 25 -8
-13 25 -7
-13 25 -6
-13 25 6
-13 25 7
-13 25 8
-13 26 -5
-13 26 -4
-13 26 -3
-13 26 -2
-13 26 -1
-13 26 0
-13 26 1
-13 26 2
-13 26 3
-13 26 4
-13 26 5
-12 -26 -7
-12 -26 -6
-12 -26 -5
-12 -26 -4
-12 -26 -3
-12 -26 -2
-12 -26 -1
-12 -26 0
-12 -26 1
-12 -26 2
-12 -26 3
-12 -26 4
-12 -26 5
-12 -26 6
-12 -26 7
-12 -25 -10
-12 -25 -9
-12 -25 -8
-12 -25 8
-12 -25 9
-12 -25 10
-12 -24 -12
-12 -24 -11
-12 -24 11
-12 -24 12
-12 -23 -14
-12 -23 -13
-12 -23 13
-12 -23 14
-12 -22 -15
-12 -22 15
-12 -21 -16
-12 -21 16
-12 -20 -18
-12 -20 -17
-12 -20 17
-12 -20 18
-12 -19 -19
-12 -19 19
-12 -18 -20
-12 -18 20
-12 -17 -20
-12 -17 20
-12 -16 -21
-12 -16 21
-12 -15 -22
-12 -15 22
-12 -14 -23
-12 -14 23
-12 -13 -23
-12 -13 23
-12 -12 -24
-12 -12 24
-12 -11 -24
-12 -11 24
-12 -10 -25
-12 -10 25
-12 -9 -25
-12 -9 25
-12 -8 -25
-12 -8 25
-12 -7 -26
-12 -7 26
-12 -6 -26
-12 -6 26
-12 -5 -26
-12 -5 26
-12 -4 -26
-12 -4 26
-12 -3 -26
-12 -3 26
-12 -2 -26
-12 -2 26
-12 -1 -26
-12 -1 26
-12 0 -26
-12 0 26
-12 1 -26
-12 1 26
-12 2 -26
-12 2 26
-12 3 -26
-12 3 26
-12 4 -26
-12 4 26
-12 5 -26
-12 5 26
-12 6 -26
-12 6 26
-12 7 -26
-12 7 26
-12 8 -25
-12 8 25
-12 9 -25
-12 9 25
-12 10 -25
-12 10 25
-12 11 -24
-12 11 24
-12 12 -24
-12 12 24
-12 13 -23
-12 13 23
-12 14 -23
-12 14 23
-12 15 -22
-12 15 22
-12 16 -21
-12 16 21
-12 17 -20
-12 17 20
-12 18 -20
-12 18 20
-12 19 -19
-12 19 19
-12 20 -18
-12 20 -17
-12 20 17
-12 20 18
-12 21 -16
-12 21 16
-12 22 -15
-12 22 15
-12 23 -14
-12 23 -13
-12 23 13
-12 23 14
-12 24 -12
-12 24 -11
-12 24 11
-12 24 12
-12 25 -10
-12 25 -9
-12 25 -8
-12 25 8
-12 25 9
-12 25 10
-12 26 -7
-12 26 -6
-12 26 -5
-12 26 -4
-12 26 -3
-12 26 -2
-12 26 -1
-12 26 0
-12 26 1
-12 26 2
-12 26 3
-12 26 4
-12 26 5
-12 26 6
-12 26 7
-11 -27 -4
-11 -27 -3
-11 -27 -2
-11 -27 -1
-11 -27 0
-11 -27 1
-11 -27 2
-11 -27 3
-11 -27 4
-11 -26 -8
-11 -26 -7
-11 -26 -6
-11 -26 -5
-11 -26 5
-11 -26 6
-11 -26 7
-11 -26 8
-11 -25 -11
-11 -25 -10
-11 -25 -9
-11 -25 9
-11 -25 10
-11 -25 11
-11 -24 -13
-11 -24 -12
-11 -24 12
-11 -24 13
-11 -23 -14
-11 -23 14
-11 -22 -16
-11 -22 -15
-11 -22 15
-11 -22 16
-11 -21 -17
-11 -21 17
-11 -20 -18
-11 -20 18
-11 -19 -19
-11 -19 19
-11 -18 -20
-11 -18 20
-11 -17 -21
-11 -17 21
-11 -16 -22
-11 -16 22
-11 -15 -22
-11 -15 22
-11 -14 -23
-11 -14 23
-11 -13 -24
-11 -13 24
-11 -12 -24
-11 -12 24
-11 -11 -25
-11 -11 25
-11 -10 -25
-11 -10 25
-11 -9 -25
-11 -9 25
-11 -8 -26
-11 -8 26
-11 -7 -26
-11 -7 26
-11 -6 -26
-11 -6 26
-11 -5 -26
-11 -5 26
-11 -4 -27
-11 -4 27
-11 -3 -27
-11 -3 27
-11 -2 -27
-11 -2 27
-11 -1 -27
-11 -1 27
-11 0 -27
-11 0 27
-11 1 -27
-11 1 27
-11 2 -27
-11 2 27
-11 3 -27
-11 3 27
-11 4 -27
-11 4 27
-11 5 -26
-11 5 26
-11 6 -26
-11 6 26
-11 7 -26
-11 7 26
-11 8 -26
-11 8 26
-11 9 -25
-11 9 25
-11 10 -25
-11 10 25
-11 11 -25
-11 11 25
-11 12 -24
-11 12 24
-11 13 -24
-11 13 24
-11 14 -23
-11 14 23
-11 15 -22
-11 15 22
-11 16 -22
-11 16 22
-11 17 -21
-11 17 21
-11 18 -20
-11 18 20
-11 19 -19
-11 19 19
-11 20 -18
-11 20 18
-11 21 -17
-11 21 17
-11 22 -16
-11 22 -15
-11 22 15
-11 22 16
-11 23 -14
-11 23 14
-11 24 -13
-11 24 -12
-11 24 12
-11 24 13
-11 25 -11
-11 25 -10
-11 25 -9
-11 25 9
-11 25 10
-11 25 11
-11 26 -8
-11 26 -7
-11 26 -6
-11 26 -5
-11 26 5
-11 26 6
-11 26 7
-11 26 8
-11 27 -4
-11 27 -3
-11 27 -2
-11 27 -1
-11 27 0
-11 27 1
-11 27 2
-11 27 3
-11 27 4
-10 -27 -6
-10 -27 -5
-10 -27 -4
-10 -27 -3
-10 -27 -2
-10 -27 -1
-10 -27 0
-10 -27 1
-10 -27 2
-10 -27 3
-10 -27 4
-10 -27 5
-10 -27 6
-10 -26 -9
-10 -26 -8
-10 -26 -7
-10 -26 7
-10 -26 8
-10 -26 9
-10 -25 -12
-10 -25 -11
-10 -25 -10
-10 -25 10
-10 -25 11
-10 -25 12
-10 -24 -13
-10 -24 13
-10 -23 -15
-10 -23 -14
-10 -23 14
-10 -23 15
-10 -22 -16
-10 -22 16
-10 -21 -18
-10 -21 -17
-10 -21 17
-10 -21 18
-10 -20 -19
-10 -20 19
-10 -19 -20
-10 -19 20
-10 -18 -21
-10 -18 21
-10 -17 -21
-10 -17 21
-10 -16 -22
-10 -16 22
-10 -15 -23
-10 -15 23
-10 -14 -23
-10 -14 23
-10 -13 -24
-10 -13 24
-10 -12 -25
-10 -12 25
-10 -11 -25
-10 -11 25
-10 -10 -25
-10 -10 25
-10 -9 -26
-10 -9 26
-10 -8 -26
-10 -8 26
-10 -7 -26
-10 -7 26
-10 -6 -27
-10 -6 27
-10 -5 -27
-10 -5 27
-10 -4 -27
-10 -4 27
-10 -3 -27
-10 -3 27
-10 -2 -27
-10 -2 27
-10 -1 -27
-10 -1 27
-10 0 -27
-10 0 27
-10 1 -27
-10 1 27
-10 2 -27
-10 2 27
-10 3 -27
-10 3 27
-10 4 -27
-10 4 27
-10 5 -27
-10 5 27
-10 6 -27
-10 6 27
-10 7 -26
-10 7 26
-10 8 -26
-10 8 26
-10 9 -26
-10 9 26
-10 10 -25
-10 10 25
-10 11 -25
-10 11 25
-10 12 -25
-10 12 25
-10 13 -24
-10 13 24
-10 14 -23
-10 14 23
-10 15 -23
-10 15 23
-10 16 -22
-10 16 22
-10 17 -21
-10 17 21
-10 18 -21
-10 18 21
-10 19 -20
-10 19 20
-10 20 -19
-10 20 19
-10 21 -18
-10 21 -17
-10 21 17
-10 21 18
-10 22 -16
-10 22 16
-10 23 -15
-10 23 -14
-10 23 14
-10 23 15
-10 24 -13
-10 24 13
-10 25 -12
-10 25 -11
-10 25 -10
-10 25 10
-10 25 11
-10 25 12
-10 26 -9
-10 26 -8
-10 26 -7
-10 26 7
-10 26 8
-10 26 9
-10 27 -6
-10 27 -5
-10 27 -4
-10 27 -3
-10 27 -2
-10 27 -1
-10 27 0
-10 27 1
-10 27 2
-10 27 3
-10 27 4
-10 27 5
-10 27 6
-9 -28 -2
-9 -28 -1
-9 -28 0
-9 -28 1
-9 -28 2
-9 -27 -7
-9 -27 -6
-9 -27 -5
-9 -27 -4
-9 -27 -3
-9 -27 3
-9 -27 4
-9 -27 5
-9 -27 6
-9 -27 7
-9 -26 -10
-9 -26 -9
-9 -26 -8
-9 -26 8
-9 -26 9
-9 -26 10
-9 -25 -12
-9 -25 -11
-9 -25 11
-9 -25 12
-9 -24 -14
-9 -24 -13
-9 -24 13
-9 -24 14
-9 -23 -16
-9 -23 -15
-9 -23 15
-9 -23 16
-9 -22 -17
-9 -22 17
-9 -21 -18
-9 -21 18
-9 -20 -19
-9 -20 19
-9 -19 -20
-9 -19 20
-9 -18 -21
-9 -18 21
-9 -17 -22
-9 -17 22
-9 -16 -23
-9 -16 23
-9 -15 -23
-9 -15 23
-9 -14 -24
-9 -14 24
-9 -13 -24
-9 -13 24
-9 -12 -25
-9 -12 25
-9 -11 -25
-9 -11 25
-9 -10 -26
-9 -10 26
-9 -9 -26
-9 -9 26
-9 -8 -26
-9 -8 26
-9 -7 -27
-9 -7 27
-9 -6 -27
-9 -6 27
-9 -5 -27
-9 -5 27
-9 -4 -27
-9 -4 27
-9 -3 -27
-9 -3 27
-9 -2 -28
-9 -2 28
-9 -1 -28
-9 -1 28
-9 0 -28
-9 0 28
-9 1 -28
-9 1 28
-9 2 -28
-9 2 28
-9 3 -27
-9 3 27
-9 4 -27
-9 4 27
-9 5 -27
-9 5 27
-9 6 -27
-9 6 27
-9 7 -27
-9 7 27
-9 8 -26
-9 8 26
-9 9 -26
-9 9 26
-9 10 -26
-9 10 26
-9 11 -25
-9 11 25
-9 12 -25
-9 12 25
-9 13 -24
-9 13 24
-9 14 -24
-9 14 24
-9 15 -23
-9 15 23
-9 16 -23
-9 16 23
-9 17 -22
-9 17 22
-9 18 -21
-9 18 21
-9 19 -20
-9 19 20
-9 20 -19
-9 20 19
-9 21 -18
-9 21 18
-9 22 -17
-9 22 17
-9 23 -16
-9 23 -15
-9 23 15
-9 23 16
-9 24 -14
-9 24 -13
-9 24 13
-9 24 14
-9 25 -12
-9 25 -11
-9 25 11
-9 25 12
-9 26 -10
-9 26 -9
-9 26 -8
-9 26 8
-9 26 9
-9 26 10
-9 27 -7
-9 27 -6
-9 27 -5
-9 27 -4
-9 27 -3
-9 27 3
-9 27 4
-9 27 5
-9 27 6
-9 27 7
-9 28 -2
-9 28 -1
-9 28 0
-9 28 1
-9 28 2
-8 -28 -4
-8 -28 -3
-8 -28 -2
-8 -28 -1
-8 -28 0
-8 -28 1
-8 -28 2
-8 -28 3
-8 -28 4
-8 -27 -8
-8 -27 -7
-8 -27 -6
-8 -27 -5
-8 -27 5
-8 -27 6
-8 -27 7
-8 -27 8
-8 -26 -11
-8 -26 -10
-8 -26 -9
-8 -26 9
-8 -26 10
-8 -26 11
-8 -25 -13
-8 -25 -12
-8 -25 12
-8 -25 13
-8 -24 -15
-8 -24 -14
-8 -24 14
-8 -24 15
-8 -23 -16
-8 -23 16
-8 -22 -17
-8 -22 17
-8 -21 -19
-8 -21 -18
-8 -21 18
-8 -21 19
-8 -20 -20
-8 -20 20
-8 -19 -21
-8 -19 21
-8 -18 -21
-8 -18 21
-8 -17 -22
-8 -17 22
-8 -16 -23
-8 -16 23
-8 -15 -24
-8 -15 24
-8 -14 -24
-8 -14 24
-8 -13 -25
-8 -13 25
-8 -12 -25
-8 -12 25
-8 -11 -26
-8 -11 26
-8 -10 -26
-8 -10 26
-8 -9 -26
-8 -9 26
-8 -8 -27
-8 -8 27
-8 -7 -27
-8 -7 27
-8 -6 -27
-8 -6 27
-8 -5 -27
-8 -5 27
-8 -4 -28
-8 -4 28
-8 -3 -28
-8 -3 28
-8 -2 -28
-8 -2 28
-8 -1 -28
-8 -1 28
-8 0 -28
-8 0 28
-8 1 -28
-8 1 28
-8 2 -28
-8 2 28
-8 3 -28
-8 3 28
-8 4 -28
-8 4 28
-8 5 -27
-8 5 27
-8 6 -27
-8 6 27
-8 7 -27
-8 7 27
-8 8 -27
-8 8 27
-8 9 -26
-8 9 26
-8 10 -26
-8 10 26
-8 11 -26
-8 11 26
-8 12 -25
-8 12 25
-8 13 -25
-8 13 25
-8 14 -24
-8 14 24
-8 15 -24
-8 15 24
-8 16 -23
-8 16 23
-8 17 -22
-8 17 22
-8 18 -21
-8 18 21
-8 19 -21
-8 19 21
-8 20 -20
-8 20 20
-8 21 -19
-8 21 -18
-8 21 18
-8 21 19
-8 22 -17
-8 22 17
-8 23 -16
-8 23 16
-8 24 -15
-8 24 -14
-8 24 14
-8 24 15
-8 25 -13
-8 25 -12
-8 25 12
-8 25 13
-8 26 -11
-8 26 -10
-8 26 -9
-8 26 9
-8 26 10
-8 26 11
-8 27 -8
-8 27 -7
-8 27 -6
-8 27 -5
-8 27 5
-8 27 6
-8 27 7
-8 27 8
-8 28 -4
-8 28 -3
-8 28 -2
-8 28 -1
-8 28 0
-8 28 1
-8 28 2
-8 28 3
-8 28 4
-7 -28 -6
-7 -28 -5
-7 -28 -4
-7 -28 -3
-7 -28 -2
-7 -28 -1
-7 -28 0
-7 -28 1
-7 -28 2
-7 -28 3
-7 -28 4
-7 -28 5
-7 -28 6
-7 -27 -9
-7 -27 -8
-7 -27 -7
-7 -27 7
-7 -27 8
-7 -27 9
-7 -26 -12
-7 -26 -11
-7 -26 -10
-7 -26 10
-7 -26 11
-7 -26 12
-7 -25 -14
-7 -25 -13
-7 -25 13
-7 -25 14
-7 -24 -15
-7 -24 15
-7 -23 -17
-7 -23 -16
-7 -23 16
-7 -23 17
-7 -22 -18
-7 -22 18
-7 -21 -19
-7 -21 19
-7 -20 -20
-7 -20 20
-7 -19 -21
-7 -19 21
-7 -18 -22
-7 -18 22
-7 -17 -23
-7 -17 23
-7 -16 -23
-7 -16 23
-7 -15 -24
-7 -15 24
-7 -14 -25
-7 -14 25
-7 -13 -25
-7 -13 25
-7 -12 -26
-7 -12 26
-7 -11 -26
-7 -11 26
-7 -10 -26
-7 -10 26
-7 -9 -27
-7 -9 27
-7 -8 -27
-7 -8 27
-7 -7 -27
-7 -7 27
-7 -6 -28
-7 -6 28
-7 -5 -28
-7 -5 28
-7 -4 -28
-7 -4 28
-7 -3 -28
-7 -3 28
-7 -2 -28
-7 -2 28
-7 -1 -28
-7 -1 28
-7 0 -28
-7 0 28
-7 1 -28
-7 1 28
-7 2 -28
-7 2 28
-7 3 -28
-7 3 28
-7 4 -28
-7 4 28
-7 5 -28
-7 5 28
-7 6 -28
-7 6 28
-7 7 -27
-7 7 27
-7 8 -27
-7 8 27
-7 9 -27
-7 9 27
-7 10 -26
-7 10 26
-7 11 -26
-7 11 26
-7 12 -26
-7 12 26
-7 13 -25
-7 13 25
-7 14 -25
-7 14 25
-7 15 -24
-7 15 24
-7 16 -23
-7 16 23
-7 17 -23
-7 17 23
-7 18 -22
-7 18 22
-7 19 -21
-7 19 21
-7 20 -20
-7 20 20
-7 21 -19
-7 21 19
-7 22 -18
-7 22 18
-7 23 -17
-7 23 -16
-7 23 16
-7 23 17
-7 24 -15
-7 24 15
-7 25 -14
-7 25 -13
-7 25 13
-7 25 14
-7 26 -12
-7 26 -11
-7 26 -10
-7 26 10
-7 26 11
-7 26 12
-7 27 -9
-7 27 -8
-7 27 -7
-7 27 7
-7 27 8
-7 27 9
-7 28 -6
-7 28 -5
-7 28 -4
-7 28 -3
-7 28 -2
-7 28 -1
-7 28 0
-7 28 1
-7 28 2
-7 28 3
-7 28 4
-7 28 5
-7 28 6
-6 -28 -7
-6 -28 -6
-6 -28 -5
-6 -28 -4
-6 -28 -3
-6 -28 -2
-6 -28 -1
-6 -28 0
-6 -28 1
-6 -28 2
-6 -28 3
-6 -28 4
-6 -28 5
-6 -28 6
-6 -28 7
-6 -27 -10
-6 -27 -9
-6 -27 -8
-6 -27 8
-6 -27 9
-6 -27 10
-6 -26 -12
-6 -26 -11
-6 -26 11
-6 -26 12
-6 -25 -14
-6 -25 -13
-6 -25 13
-6 -25 14
-6 -24 -16
-6 -24 -15
-6 -24 15
-6 -24 16
-6 -23 -17
-6 -23 17
-6 -22 -18
-6 -22 18
-6 -21 -19
-6 -21 19
-6 -20 -20
-6 -20 20
-6 -19 -21
-6 -19 21
-6 -18 -22
-6 -18 22
-6 -17 -23
-6 -17 23
-6 -16 -24
-6 -16 24
-6 -15 -24
-6 -15 24
-6 -14 -25
-6 -14 25
-6 -13 -25
-6 -13 25
-6 -12 -26
-6 -12 26
-6 -11 -26
-6 -11 26
-6 -10 -27
-6 -10 27
-6 -9 -27
-6 -9 27
-6 -8 -27
-6 -8 27
-6 -7 -28
-6 -7 28
-6 -6 -28
-6 -6 28
-6 -5 -28
-6 -5 28
-6 -4 -28
-6 -4 28
-6 -3 -28
-6 -3 28
-6 -2 -28
-6 -2 28
-6 -1 -28
-6 -1 28
-6 0 -28
-6 0 28
-6 1 -28
-6 1 28
-6 2 -28
-6 2 28
-6 3 -28
-6 3 28
-6 4 -28
-6 4 28
-6 5 -28
-6 5 28
-6 6 -28
-6 6 28
-6 7 -28
-6 7 28
-6 8 -27
-6 8 27
-6 9 -27
-6 9 27
-6 10 -27
-6 10 27
-6 11 -26
-6 11 26
-6 12 -26
-6 12 26
-6 13 -25
-6 13 25
-6 14 -25
-6 14 25
-6 15 -24
-6 15 24
-6 16 -24
-6 16 24
-6 17 -23
-6 17 23
-6 18 -22
-6 18 22
-6 19 -21
-6 19 21
-6 20 -20
-6 20 20
-6 21 -19
-6 21 19
-6 22 -18
-6 22 18
-6 23 -17
-6 23 17
-6 24 -16
-6 24 -15
-6 24 15
-6 24 16
-6 25 -14
-6 25 -13
-6 25 13
-6 25 14
-6 26 -12
-6 26 -11
-6 26 11
-6 26 12
-6 27 -10
-6 27 -9
-6 27 -8
-6 27 8
-6 27 9
-6 27 10
-6 28 -7
-6 28 -6
-6 28 -5
-6 28 -4
-6 28 -3
-6 28 -2
-6 28 -1
-6 28 0
-6 28 1
-6 28 2
-6 28 3
-6 28 4
-6 28 5
-6 28 6
-6 28 7
-5 -29 -2
-5 -29 -1
-5 -29 0
-5 -29 1
-5 -29 2
-5 -28 -7
-5 -28 -6
-5 -28 -5
-5 -28 -4
-5 -28 -3
-5 -28 3
-5 -28 4
-5 -28 5
-5 -28 6
-5 -28 7
-5 -27 -10
-5 -27 -9
-5 -27 -8
-5 -27 8
-5 -27 9
-5 -27 10
-5 -26 -13
-5 -26 -12
-5 -26 -11
-5 -26 11
-5 -26 12
-5 -26 13
-5 -25 -14
-5 -25 14
-5 -24 -16
-5 -24 -15
-5 -24 15
-5 -24 16
-5 -23 -17
-5 -23 17
-5 -22 -19
-5 -22 -18
-5 -22 18
-5 -22 19
-5 -21 -20
-5 -21 20
-5 -20 -21
-5 -20 21
-5 -19 -22
-5 -19 22
-5 -18 -22
-5 -18 22
-5 -17 -23
-5 -17 23
-5 -16 -24
-5 -16 24
-5 -15 -24
-5 -15 24
-5 -14 -25
-5 -14 25
-5 -13 -26
-5 -13 26
-5 -12 -26
-5 -12 26
-5 -11 -26
-5 -11 26
-5 -10 -27
-5 -10 27
-5 -9 -27
-5 -9 27
-5 -8 -27
-5 -8 27
-5 -7 -28
-5 -7 28
-5 -6 -28
-5 -6 28
-5 -5 -28
-5 -5 28
-5 -4 -28
-5 -4 28
-5 -3 -28
-5 -3 28
-5 -2 -29
-5 -2 29
-5 -1 -29
-5 -1 29
-5 0 -29
-5 0 29
-5 1 -29
-5 1 29
-5 2 -29
-5 2 29
-5 3 -28
-5 3 28
-5 4 -28
-5 4 28
-5 5 -28
-5 5 28
-5 6 -28
-5 6 28
-5 7 -28
-5 7 28
-5 8 -27
-5 8 27
-5 9 -27
-5 9 27
-5 10 -27
-5 10 27
-5 11 -26
-5 11 26
-5 12 -26
-5 12 26
-5 13 -26
-5 13 26
-5 14 -25
-5 14 25
-5 15 -24
-5 15 24
-5 16 -24
-5 16 24
-5 17 -23
-5 17 23
-5 18 -22
-5 18 22
-5 19 -22
-5 19 22
-5 20 -21
-5 20 21
-5 21 -20
-5 21 20
-5 22 -19
-5 22 -18
-5 22 18
-5 22 19
-5 23 -17
-5 23 17
-5 24 -16
-5 24 -15
-5 24 15
-5 24 16
-5 25 -14
-5 25 14
-5 26 -13
-5 26 -12
-5 26 -11
-5 26 11
-5 26 12
-5 26 13
-5 27 -10
-5 27 -9
-5 27 -8
-5 27 8
-5 27 9
-5 27 10
-5 28 -7
-5 28 -6
-5 28 -5
-5 28 -4
-5 28 -3
-5 28 3
-5 28 4
-5 28 5
-5 28 6
-5 28 7
-5 29 -2
-5 29 -1
-5 29 0
-5 29 1
-5 29 2
-4 -29 -3
-4 -29 -2
-4 -29 -1
-4 -29 0
-4 -29 1
-4 -29 2
-4 -29 3
-4 -28 -8
-4 -28 -7
-4 -28 -6
-4 -28 -5
-4 -28 -4
-4 -28 4
-4 -28 5
-4 -28 6
-4 -28 7
-4 -28 8
-4 -27 -11
-4 -27 -10
-4 -27 -9
-4 -27 9
-4 -27 10
-4 -27 11
-4 -26 -13
-4 -26 -12
-4 -26 12
-4 -26 13
-4 -25 -15
-4 -25 -14
-4 -25 14
-4 -25 15
-4 -24 -16
-4 -24 16
-4 -23 -18
-4 -23 -17
-4 -23 17
-4 -23 18
-4 -22 -19
-4 -22 19
-4 -21 -20
-4 -21 20
-4 -20 -21
-4 -20 21
-4 -19 -22
-4 -19 22
-4 -18 -23
-4 -18 23
-4 -17 -23
-4 -17 23
-4 -16 -24
-4 -16 24
-4 -15 -25
-4 -15 25
-4 -14 -25
-4 -14 25
-4 -13 -26
-4 -13 26
-4 -12 -26
-4 -12 26
-4 -11 -27
-4 -11 27
-4 -10 -27
-4 -10 27
-4 -9 -27
-4 -9 27
-4 -8 -28
-4 -8 28
-4 -7 -28
-4 -7 28
-4 -6 -28
-4 -6 28
-4 -5 -28
-4 -5 28
-4 -4 -28
-4 -4 28
-4 -3 -29
-4 -3 29
-4 -2 -29
-4 -2 29
-4 -1 -29
-4 -1 29
-4 0 -29
-4 0 29
-4 1 -29
-4 1 29
-4 2 -29
-4 2 29
-4 3 -29
-4 3 29
-4 4 -28
-4 4 28
-4 5 -28
-4 5 28
-4 6 -28
-4 6 28
-4 7 -28
-4 7 28
-4 8 -28
-4 8 28
-4 9 -27
-4 9 27
-4 10 -27
-4 10 27
-4 11 -27
-4 11 27
-4 12 -26
-4 12 26
-4 13 -26
-4 13 26
-4 14 -25
-4 14 25
-4 15 -25
-4 15 25
-4 16 -24
-4 16 24
-4 17 -23
-4 17 23
-4 18 -23
-4 18 23
-4 19 -22
-4 19 22
-4 20 -21
-4 20 21
-4 21 -20
-4 21 20
-4 22 -19
-4 22 19
-4 23 -18
-4 23 -17
-4 23 17
-4 23 18
-4 24 -16
-4 24 16
-4 25 -15
-4 25 -14
-4 25 14
-4 25 15
-4 26 -13
-4 26 -12
-4 26 12
-4 26 13
-4 27 -11
-4 27 -10
-4 27 -9
-4 27 9
-4 27 10
-4 27 11
-4 28 -8
-4 28 -7
-4 28 -6
-4 28 -5
-4 28 -4
-4 28 4
-4 28 5
-4 28 6
-4 28 7
-4 28 8
-4 29 -3
-4 29 -2
-4 29 -1
-4 29 0
-4 29 1
-4 29 2
-4 29 3
-3 -29 -4
-3 -29 -3
-3 -29 -2
-3 -29 -1
-3 -29 0
-3 -29 1
-3 -29 2
-3 -29 3
-3 -29 4
-3 -28 -8
-3 -28 -7
-3 -28 -6
-3 -28 -5
-3 -28 5
-3 -28 6
-3 -28 7
-3 -28 8
-3 -27 -11
-3 -27 -10
-3 -27 -9
-3 -27 9
-3 -27 10
-3 -27 11
-3 -26 -13
-3 -26 -12
-3 -26 12
-3 -26 13
-3 -25 -15
-3 -25 -14
-3 -25 14
-3 -25 15
-3 -24 -16
-3 -24 16
-3 -23 -18
-3 -23 -17
-3 -23 17
-3 -23 18
-3 -22 -19
-3 -22 19
-3 -21 -20
-3 -21 20
-3 -20 -21
-3 -20 21
-3 -19 -22
-3 -19 22
-3 -18 -23
-3 -18 23
-3 -17 -23
-3 -17 23
-3 -16 -24
-3 -16 24
-3 -15 -25
-3 -15 25
-3 -14 -25
-3 -14 25
-3 -13 -26
-3 -13 26
-3 -12 -26
-3 -12 26
-3 -11 -27
-3 -11 27
-3 -10 -27
-3 -10 27
-3 -9 -27
-3 -9 27
-3 -8 -28
-3 -8 28
-3 -7 -28
-3 -7 28
-3 -6 -28
-3 -6 28
-3 -5 -28
-3 -5 28
-3 -4 -29
-3 -4 29
-3 -3 -29
-3 -3 29
-3 -2 -29
-3 -2 29
-3 -1 -29
-3 -1 29
-3 0 -29
-3 0 29
-3 1 -29
-3 1 29
-3 2 -29
-3 2 29
-3 3 -29
-3 3 29
-3 4 -29
-3 4 29
-3 5 -28
-3 5 28
-3 6 -28
-3 6 28
-3 7 -28
-3 7 28
-3 8 -28
-3 8 28
-3 9 -27
-3 9 27
-3 10 -27
-3 10 27
-3 11 -27
-3 11 27
-3 12 -26
-3 12 26
-3 13 -26
-3 13 26
-3 14 -25
-3 14 25
-3 15 -25
-3 15 25
-3 16 -24
-3 16 24
-3 17 -23
-3 17 23
-3 18 -23
-3 18 23
-3 19 -22
-3 19 22
-3 20 -21
-3 20 21
-3 21 -20
-3 21 20
-3 22 -19
-3 22 19
-3 23 -18
-3 23 -17
-3 23 17
-3 23 18
-3 24 -16
-3 24 16
-3 25 -15
-3 25 -14
-3 25 14
-3 25 15
-3 26 -13
-3 26 -12
-3 26 12
-3 26 13
-3 27 -11
-3 27 -10
-3 27 -9
-3 27 9
-3 27 10
-3 27 11
-3 28 -8
-3 28 -7
-3 28 -6
-3 28 -5
-3 28 5
-3 28 6
-3 28 7
-3 28 8
-3 29 -4
-3 29 -3
-3 29 -2
-3 29 -1
-3 29 0
-3 29 1
-3 29 2
-3 29 3
-3 29 4
-2 -29 -5
-2 -29 -4
-2 -29 -3
-2 -29 -2
-2 -29 -1
-2 -29 0
-2 -29 1
-2 -29 2
-2 -29 3
-2 -29 4
-2 -29 5
-2 -28 -9
-2 -28 -8
-2 -28 -7
-2 -28 -6
-2 -28 6
-2 -28 7
-2 -28 8
-2 -28 9
-2 -27 -11
-2 -27 -10
-2 -27 10
-2 -27 11
-2 -26 -13
-2 -26 -12
-2 -26 12
-2 -26 13
-2 -25 -15
-2 -25 -14
-2 -25 14
-2 -25 15
-2 -24 -17
-2 -24 -16
-2 -24 16
-2 -24 17
-2 -23 -18
-2 -23 18
-2 -22 -19
-2 -22 19
-2 -21 -20
-2 -21 20
-2 -20 -21
-2 -20 21
-2 -19 -22
-2 -19 22
-2 -18 -23
-2 -18 23
-2 -17 -24
-2 -17 24
-2 -16 -24
-2 -16 24
-2 -15 -25
-2 -15 25
-2 -14 -25
-2 -14 25
-2 -13 -26
-2 -13 26
-2 -12 -26
-2 -12 26
-2 -11 -27
-2 -11 27
-2 -10 -27
-2 -10 27
-2 -9 -28
-2 -9 28
-2 -8 -28
-2 -8 28
-2 -7 -28
-2 -7 28
-2 -6 -28
-2 -6 28
-2 -5 -29
-2 -5 29
-2 -4 -29
-2 -4 29
-2 -3 -29
-2 -3 29
-2 -2 -29
-2 -2 29
-2 -1 -29
-2 -1 29
-2 0 -29
-2 0 29
-2 1 -29
-2 1 29
-2 2 -29
-2 2 29
-2 3 -29
-2 3 29
-2 4 -29
-2 4 29
-2 5 -29
-2 5 29
-2 6 -28
-2 6 28
-2 7 -28
-2 7 28
-2 8 -28
-2 8 28
-2 9 -28
-2 9 28
-2 10 -27
-2 10 27
-2 11 -27
-2 11 27
-2 12 -26
-2 12 26
-2 13 -26
-2 13 26
-2 14 -25
-2 14 25
-2 15 -25
-2 15 25
-2 16 -24
-2 16 24
-2 17 -24
-2 17 24
-2 18 -23
-2 18 23
-2 19 -22
-2 19 22
-2 20 -21
-2 20 21
-2 21 -20
-2 21 20
-2 22 -19
-2 22 19
-2 23 -18
-2 23 18
-2 24 -17
-2 24 -16
-2 24 16
-2 24 17
-2 25 -15
-2 25 -14
-2 25 14
-2 25 15
-2 26 -13
-2 26 -12
-2 26 12
-2 26 13
-2 27 -11
-2 27 -10
-2 27 10
-2 27 11
-2 28 -9
-2 28 -8
-2 28 -7
-2 28 -6
-2 28 6
-2 28 7
-2 28 8
-2 28 9
-2 29 -5
-2 29 -4
-2 29 -3
-2 29 -2
-2 29 -1
-2 29 0
-2 29 1
-2 29 2
-2 29 3
-2 29 4
-2 29 5
-1 -29 -5
-1 -29 -4
-1 -29 -3
-1 -29 -2
-1 -29 -1
-1 -29 0
-1 -29 1
-1 -29 2
-1 -29 3
-1 -29 4
-1 -29 5
-1 -28 -9
-1 -28 -8
-1 -28 -7
-1 -28 -6
-1 -28 6
-1 -28 7
-1 -28 8
-1 -28 9
-1 -27 -11
-1 -27 -10
-1 -27 10
-1 -27 11
-1 -26 -13
-1 -26 -12
-1 -26 12
-1 -26 13
-1 -25 -15
-1 -25 -14
-1 -25 14
-1 -25 15
-1 -24 -17
-1 -24 -16
-1 -24 16
-1 -24 17
-1 -23 -18
-1 -23 18
-1 -22 -19
-1 -22 19
-1 -21 -20
-1 -21 20
-1 -20 -21
-1 -20 21
-1 -19 -22
-1 -19 22
-1 -18 -23
-1 -18 23
-1 -17 -24
-1 -17 24
-1 -16 -24
-1 -16 24
-1 -15 -25
-1 -15 25
-1 -14 -25
-1 -14 25
-1 -13 -26
-1 -13 26
-1 -12 -26
-1 -12 26
-1 -11 -27
-1 -11 27
-1 -10 -27
-1 -10 27
-1 -9 -28
-1 -9 28
-1 -8 -28
-1 -8 28
-1 -7 -28
-1 -7 28
-1 -6 -28
-1 -6 28
-1 -5 -29
-1 -5 29
-1 -4 -29
-1 -4 29
-1 -3 -29
-1 -3 29
-1 -2 -29
-1 -2 29
-1 -1 -29
-1 -1 29
-1 0 -29
-1 0 29
-1 1 -29
-1 1 29
-1 2 -29
-1 2 29
-1 3 -29
-1 3 29
-1 4 -29
-1 4 29
-1 5 -29
-1 5 29
-1 6 -28
-1 6 28
-1 7 -28
-1 7 28
-1 8 -28
-1 8 28
-1 9 -28
-1 9 28
-1 10 -27
-1 10 27
-1 11 -27
-1 11 27
-1 12 -26
-1 12 26
-1 13 -26
-1 13 26
-1 14 -25
-1 14 25
-1 15 -25
-1 15 25
-1 16 -24
-1 16 24
-1 17 -24
-1 17 24
-1 18 -23
-1 18 23
-1 19 -22
-1 19 22
-1 20 -21
-1 20 21
-1 21 -20
-1 21 20
-1 22 -19
-1 22 19
-1 23 -18
-1 23 18
-1 24 -17
-1 24 -16
-1 24 16
-1 24 17
-1 25 -15
-1 25 -14
-1 25 14
-1 25 15
-1 26 -13
-1 26 -12
-1 26 12
-1 26 13
-1 27 -11
-1 27 -10
-1 27 10
-1 27 11
-1 28 -9
-1 28 -8
-1 28 -7
-1 28 -6
-1 28 6
-1 28 7
-1 28 8
-1 28 9
-1 29 -5
-1 29 -4
-1 29 -3
-1 29 -2
-1 29 -1
-1 29 0
-1 29 1
-1 29 2
-1 29 3
-1 29 4
-1 29 5
0 -29 -5
0 -29 -4
0 -29 -3
0 -29 -2
0 -29 -1
0 -29 0
0 -29 1
0 -29 2
0 -29 3
0 -29 4
0 -29 5
0 -28 -9
0 -28 -8
0 -28 -7
0 -28 -6
0 -28 6
0 -28 7
0 -28 8
0 -28 9
0 -27 -11
0 -27 -10
0 -27 10
0 -27 11
0 -26 -13
0 -26 -12
0 -26 12
0 -26 13
0 -25 -15
0 -25 -14
0 -25 14
0 -25 15
0 -24 -17
0 -24 -16
0 -24 16
0 -24 17
0 -23 -18
0 -23 18
0 -22 -19
0 -22 19
0 -21 -20
0 -21 20
0 -20 -21
0 -20 21
0 -19 -22
0 -19 22
0 -18 -23
0 -18 23
0 -17 -24
0 -17 24
0 -16 -24
0 -16 24
0 -15 -25
0 -15 25
0 -14 -25
0 -14 25
0 -13 -26
0 -13 26
0 -12 -26
0 -12 26
0 -11 -27
0 -11 27
0 -10 -27
0 -10 27
0 -9 -28
0 -9 28
0 -8 -28
0 -8 28
0 -7 -28
0 -7 28
0 -6 -28
0 -6 28
0 -5 -29
0 -5 29
0 -4 -29
0 -4 29
0 -3 -29
0 -3 29
0 -2 -29
0 -2 29
0 -1 -29
0 -1 29
0 0 -29
0 0 29
0 1 -29
0 1 29
0 2 -29
0 2 29
0 3 -29
0 3 29
0 4 -29
0 4 29
0 5 -29
0 5 29
0 6 -28
0 6 28
0 7 -28
0 7 28
0 8 -28
0 8 28
0 9 -28
0 9 28
0 10 -27
0 10 27
0 11 -27
0 11 27
0 12 -26
0 12 26
0 13 -26
0 13 26
0 14 -25
0 14 25
0 15 -25
0 15 25
0 16 -24
0 16 24
0 17 -24
0 17 24
0 18 -23
0 18 23
0 19 -22
0 19 22
0 20 -21
0 20 21
0 21 -20
0 21 20
0 22 -19
0 22 19
0 23 -18
0 23 18
0 24 -17
0 24 -16
0 24 16
0 24 17
0 25 -15
0 25 -14
0 25 14
0 25 15
0 26 -13
0 26 -12
0 26 12
0 26 13
0 27 -11
0 27 -10
0 27 10
0 27 11
0 28 -9
0 28 -8
0 28 -7
0 28 -6
0 28 6
0 28 7
0 28 8
0 28 9
0 29 -5
0 29 -4
0 29 -3
0 29 -2
0 29 -1
0 29 0
0 29 1
0 29 2
0 29 3
0 29 4
0 29 5
1 -29 -5
1 -29 -4
1 -29 -3
1 -29 -2
1 -29 -1
1 -29 0
1 -29 1
1 -29 2
1 -29 3
1 -29 4
1 -29 5
1 -28 -9
1 -28 -8
1 -28 -7
1 -28 -6
1 -28 6
1 -28 7
1 -28 8
1 -28 9
1 -27 -11
1 -27 -10
1 -27 10
1 -27 11
1 -26 -13
1 -26 -12
1 -26 12
1 -26 13
1 -25 -15
1 -25 -14
1 -25 14
1 -25 15
1 -24 -17
1 -24 -16
1 -24 16
1 -24 17
1 -23 -18
1 -23 18
1 -22 -19
1 -22 19
1 -21 -20
1 -21 20
1 -20 -21
1 -20 21
1 -19 -22
1 -19 22
1 -18 -23
1 -18 23
1 -17 -24
1 -17 24
1 -16 -24
1 -16 24
1 -15 -25
1 -15 25
1 -14 -25
1 -14 25
1 -13 -26
1 -13 26
1 -12 -26
1 -12 26
1 -11 -27
1 -11 27
1 -10 -27
1 -10 27
1 -9 -28
1 -9 28
1 -8 -28
1 -8 28
1 -7 -28
1 -7 28
1 -6 -28
1 -6 28
1 -5 -29
1 -5 29
1 -4 -29
1 -4 29
1 -3 -29
1 -3 29
1 -2 -29
1 -2 29
1 -1 -29
1 -1 29
1 0 -29
1 0 29
1 1 -29
1 1 29
1 2 -29
1 2 29
1 3 -29
1 3 29
1 4 -29
1 4 29
1 5 -29
1 5 29
1 6 -28
1 6 28
1 7 -28
1 7 28
1 8 -28
1 8 28
1 9 -28
1 9 28
1 10 -27
1 10 27
1 11 -27
1 11 27
1 12 -26
1 12 26
1 13 -26
1 13 26
1 14 -25
1 14 25
1 15 -25
1 15 25
1 16 -24
1 16 24
1 17 -24
1 17 24
1 18 -23
1 18 23
1 19 -22
1 19 22
1 20 -21
1 20 21
1 21 -20
1 21 20
1 22 -19
1 22 19
1 23 -18
1 23 18
1 24 -17
1 24 -16
1 24 16
1 24 17
1 25 -15
1 25 -14
1 25 14
1 25 15
1 26 -13
1 26 -12
1 26 12
1 26 13
1 27 -11
1 27 -10
1 27 10
1 27 11
1 28 -9
1 28 -8
1 28 -7
1 28 -6
1 28 6
1 28 7
1 28 8
1 28 9
1 29 -5
1 29 -4
1 29 -3
1 29 -2
1 29 -1
1 29 0
1 29 1
1 29 2
1 29 3
1 29 4
1 29 5
2 -29 -5
2 -29 -4
2 -29 -3
2 -29 -2
2 -29 -1
2 -29 0
2 -29 1
2 -29 2
2 -29 3
2 -29 4
2 -29 5
2 -28 -9
2 -28 -8
2 -28 -7
2 -28 -6
2 -28 6
2 -28 7
2 -28 8
2 -28 9
2 -27 -11
2 -27 -10
2 -27 10
2 -27 11
2 -26 -13
2 -26 -12
2 -26 12
2 -26 13
2 -25 -15
2 -25 -14
2 -25 14
2 -25 15
2 -24 -17
2 -24 -16
2 -24 16
2 -24 17
2 -23 -18
2 -23 18
2 -22 -19
2 -22 19
2 -21 -20
2 -21 20
2 -20 -21
2 -20 21
2 -19 -22
2 -19 22
2 -18 -23
2 -18 23
2 -17 -24
2 -17 24
2 -16 -24
2 -16 24
2 -15 -25
2 -15 25
2 -14 -25
2 -14 25
2 -13 -26
2 -13 26
2 -12 -26
2 -12 26
2 -11 -27
2 -11 27
2 -10 -27
2 -10 27
2 -9 -28
2 -9 28
2 -8 -28
2 -8 28
2 -7 -28
2 -7 28
2 -6 -28
2 -6 28
2 -5 -29
2 -5 29
2 -4 -29
2 -4 29
2 -3 -29
2 -3 29
2 -2 -29
2 -2 29
2 -1 -29
2 -1 29
2 0 -29
2 0 29
2 1 -29
2 1 29
2 2 -29
2 2 29
2 3 -29
2 3 29
2 4 -29
2 4 29
2 5 -29
2 5 29
2 6 -28
2 6 28
2 7 -28
2 7 28
2 8 -28
2 8 28
2 9 -28
2 9 28
2 10 -27
2 10 27
2 11 -27
2 11 27
2 12 -26
2 12 26
2 13 -26
2 13 26
2 14 -25
2 14 25
2 15 -25
2 15 25
2 16 -24
2 16 24
2 17 -24
2 17 24
2 18 -23
2 18 23
2 19 -22
2 19 22
2 20 -21
2 20 21
2 21 -20
2 21 20
2 22 -19
2 22 19
2 23 -18
2 23 18
2 24 -17
2 24 -16
2 24 16
2 24 17
2 25 -15
2 25 -14
2 25 14
2 25 15
2 26 -13
2 26 -12
2 26 12
2 26 13
2 27 -11
2 27 -10
2 27 10
2 27 11
2 28 -9
2 28 -8
2 28 -7
2 28 -6
2 28 6
2 28 7
2 28 8
2 28 9
2 29 -5
2 29 -4
2 29 -3
2 29 -2
2 29 -1
2 29 0
2 29 1
2 29 2
2 29 3
2 29 4
2 29 5
3 -29 -4
3 -29 -3
3 -29 -2
3 -29 -1
3 -29 0
3 -29 1
3 -29 2
3 -29 3
3 -29 4
3 -28 -8
3 -28 -7
3 -28 -6
3 -28 -5
3 -28 5
3 -28 6
3 -28 7
3 -28 8
3 -27 -11
3 -27 -10
3 -27 -9
3 -27 9
3 -27 10
3 -27 11
3 -26 -13
3 -26 -12
3 -26 12
3 -26 13
3 -25 -15
3 -25 -14
3 -25 14
3 -25 15
3 -24 -16
3 -24 16
3 -23 -18
3 -23 -17
3 -23 17
3 -23 18
3 -22 -19
3 -22 19
3 -21 -20
3 -21 20
3 -20 -21
3 -20 21
3 -19 -22
3 -19 22
3 -18 -23
3 -18 23
3 -17 -23
3 -17 23
3 -16 -24
3 -16 24
3 -15 -25
3 -15 25
3 -14 -25
3 -14 25
3 -13 -26
3 -13 26
3 -12 -26
3 -12 26
3 -11 -27
3 -11 27
3 -10 -27
3 -10 27
3 -9 -27
3 -9 27
3 -8 -28
3 -8 28
3 -7 -28
3 -7 28
3 -6 -28
3 -6 28
3 -5 -28
3 -5 28
3 -4 -29
3 -4 29
3 -3 -29
3 -3 29
3 -2 -29
3 -2 29
3 -1 -29
3 -1 29
3 0 -29
3 0 29
3 1 -29
3 1 29
3 2 -29
3 2 29
3 3 -29
3 3 29
3 4 -29
3 4 29
3 5 -28
3 5 28
3 6 -28
3 6 28
3 7 -28
3 7 28
3 8 -28
3 8 28
3 9 -27
3 9 27
3 10 -27
3 10 27
3 11 -27
3 11 27
3 12 -26
3 12 26
3 13 -26
3 13 26
3 14 -25
3 14 25
3 15 -25
3 15 25
3 16 -24
3 16 24
3 17 -23
3 17 23
3 18 -23
3 18 23
3 19 -22
3 19 22
3 20 -21
3 20 21
3 21 -20
3 21 20
3 22 -19
3 22 19
3 23 -18
3 23 -17
3 23 17
3 23 18
3 24 -16
3 24 16
3 25 -15
3 25 -14
3 25 14
3 25 15
3 26 -13
3 26 -12
3 26 12
3 26 13
3 27 -11
3 27 -10
3 27 -9
3 27 9
3 27 10
3 27 11
3 28 -8
3 28 -7
3 28 -6
3 28 -5
3 28 5
3 28 6
3 28 7
3 28 8
3 29 -4
3 29 -3
3 29 -2
3 29 -1
3 29 0
3 29 1
3 29 2
3 29 3
3 29 4
4 -29 -3
4 -29 -2
4 -29 -1
4 -29 0
4 -29 1
4 -29 2
4 -29 3
4 -28 -8
4 -28 -7
4 -28 -6
4 -28 -5
4 -28 -4
4 -28 4
4 -28 5
4 -28 6
4 -28 7
4 -28 8
4 -27 -11
4 -27 -10
4 -27 -9
4 -27 9
4 -27 10
4 -27 11
4 -26 -13
4 -26 -12
4 -26 12
4 -26 13
4 -25 -15
4 -25 -14
4 -25 14
4 -25 15
4 -24 -16
4 -24 16
4 -23 -18
4 -23 -17
4 -23 17
4 -23 18
4 -22 -19
4 -22 19
4 -21 -20
4 -21 20
4 -20 -21
4 -20 21
4 -19 -22
4 -19 22
4 -18 -23
4 -18 23
4 -17 -23
4 -17 23
4 -16 -24
4 -16 24
4 -15 -25
4 -15 25
4 -14 -25
4 -14 25
4 -13 -26
4 -13 26
4 -12 -26
4 -12 26
4 -11 -27
4 -11 27
4 -10 -27
4 -10 27
4 -9 -27
4 -9 27
4 -8 -28
4 -8 28
4 -7 -28
4 -7 28
4 -6 -28
4 -6 28
4 -5 -28
4 -5 28
4 -4 -28
4 -4 28
4 -3 -29
4 -3 29
4 -2 -29
4 -2 29
4 -1 -29
4 -1 29
4 0 -29
4 0 29
4 1 -29
4 1 29
4 2 -29
4 2 29
4 3 -29
4 3 29
4 4 -28
4 4 28
4 5 -28
4 5 28
4 6 -28
4 6 28
4 7 -28
4 7 28
4 8 -28
4 8 28
4 9 -27
4 9 27
4 10 -27
4 10 27
4 11 -27
4 11 27
4 12 -26
4 12 26
4 13 -26
4 13 26
4 14 -25
4 14 25
4 15 -25
4 15 25
4 16 -24
4 16 24
4 17 -23
4 17 23
4 18 -23
4 18 23
4 19 -22
4 19 22
4 20 -21
4 20 21
4 21 -20
4 21 20
4 22 -19
4 22 19
4 23 -18
4 23 -17
4 23 17
4 23 18
4 24 -16
4 24 16
4 25 -15
4 25 -14
4 25 14
4 25 15
4 26 -13
4 26 -12
4 26 12
4 26 13
4 27 -11
4 27 -10
4 27 -9
4 27 9
4 27 10
4 27 11
4 28 -8
4 28 -7
4 28 -6
4 28 -5
4 28 -4
4 28 4
4 28 5
4 28 6
4 28 7
4 28 8
4 29 -3
4 29 -2
4 29 -1
4 29 0
4 29 1
4 29 2
4 29 3
5 -29 -2
5 -29 -1
5 -29 0
5 -29 1
5 -29 2
5 -28 -7
5 -28 -6
5 -28 -5
5 -28 -4
5 -28 -3
5 -28 3
5 -28 4
5 -28 5
5 -28 6
5 -28 7
5 -27 -10
5 -27 -9
5 -27 -8
5 -27 8
5 -27 9
5 -27 10
5 -26 -13
5 -26 -12
5 -26 -11
5 -26 11
5 -26 12
5 -26 13
5 -25 -14
5 -25 14
5 -24 -16
5 -24 -15
5 -24 15
5 -24 16
5 -23 -17
5 -23 17
5 -22 -19
5 -22 -18
5 -22 18
5 -22 19
5 -21 -20
5 -21 20
5 -20 -21
5 -20 21
5 -19 -22
5 -19 22
5 -18 -22
5 -18 22
5 -17 -23
5 -17 23
5 -16 -24
5 -16 24
5 -15 -24
5 -15 24
5 -14 -25
5 -14 25
5 -13 -26
5 -13 26
5 -12 -26
5 -12 26
5 -11 -26
5 -11 26
5 -10 -27
5 -10 27
5 -9 -27
5 -9 27
5 -8 -27
5 -8 27
5 -7 -28
5 -7 28
5 -6 -28
5 -6 28
5 -5 -28
5 -5 28
5 -4 -28
5 -4 28
5 -3 -28
5 -3 28
5 -2 -29
5 -2 29
5 -1 -29
5 -1 29
5 0 -29
5 0 29
5 1 -29
5 1 29
5 2 -29
5 2 29
5 3 -28
5 3 28
5 4 -28
5 4 28
5 5 -28
5 5 28
5 6 -28
5 6 28
5 7 -28
5 7 28
5 8 -27
5 8 27
5 9 -27
5 9 27
5 10 -27
5 10 27
5 11 -26
5 11 26
5 12 -26
5 12 26
5 13 -26
5 13 26
5 14 -25
5 14 25
5 15 -24
5 15 24
5 16 -24
5 16 24
5 17 -23
5 17 23
5 18 -22
5 18 22
5 19 -22
5 19 22
5 20 -21
5 20 21
5 21 -20
5 21 20
5 22 -19
5 22 -18
5 22 18
5 22 19
5 23 -17
5 23 17
5 24 -16
5 24 -15
5 24 15
5 24 16
5 25 -14
5 25 14
5 26 -13
5 26 -12
5 26 -11
5 26 11
5 26 12
5 26 13
5 27 -10
5 27 -9
5 27 -8
5 27 8
5 27 9
5 27 10
5 28 -7
5 28 -6
5 28 -5
5 28 -4
5 28 -3
5 28 3
5 28 4
5 28 5
5 28 6
5 28 7
5 29 -2
5 29 -1
5 29 0
5 29 1
5 29 2
6 -28 -7
6 -28 -6
6 -28 -5
6 -28 -4
6 -28 -3
6 -28 -2
6 -28 -1
6 -28 0
6 -28 1
6 -28 2
6 -28 3
6 -28 4
6 -28 5
6 -28 6
6 -28 7
6 -27 -10
6 -27 -9
6 -27 -8
6 -27 8
6 -27 9
6 -27 10
6 -26 -12
6 -26 -11
6 -26 11
6 -26 12
6 -25 -14
6 -25 -13
6 -25 13
6 -25 14
6 -24 -16
6 -24 -15
6 -24 15
6 -24 16
6 -23 -17
6 -23 17
6 -22 -18
6 -22 18
6 -21 -19
6 -21 19
6 -20 -20
6 -20 20
6 -19 -21
6 -19 21
6 -18 -22
6 -18 22
6 -17 -23
6 -17 23
6 -16 -24
6 -16 24
6 -15 -24
6 -15 24
6 -14 -25
6 -14 25
6 -13 -25
6 -13 25
6 -12 -26
6 -12 26
6 -11 -26
6 -11 26
6 -10 -27
6 -10 27
6 -9 -27
6 -9 27
6 -8 -27
6 -8 27
6 -7 -28
6 -7 28
6 -6 -28
6 -6 28
6 -5 -28
6 -5 28
6 -4 -28
6 -4 28
6 -3 -28
6 -3 28
6 -2 -28
6 -2 28
6 -1 -28
6 -1 28
6 0 -28
6 0 28
6 1 -28
6 1 28
6 2 -28
6 2 28
6 3 -28
6 3 28
6 4 -28
6 4 28
6 5 -28
6 5 28
6 6 -28
6 6 28
6 7 -28
6 7 28
6 8 -27
6 8 27
6 9 -27
6 9 27
6 10 -27
6 10 27
6 11 -26
6 11 26
6 12 -26
6 12 26
6 13 -25
6 13 25
6 14 -25
6 14 25
6 15 -24
6 15 24
6 16 -24
6 16 24
6 17 -23
6 17 23
6 18 -22
6 18 22
6 19 -21
6 19 21
6 20 -20
6 20 20
6 21 -19
6 21 19
6 22 -18
6 22 18
6 23 -17
6 23 17
6 24 -16
6 24 -15
6 24 15
6 24 16
6 25 -14
6 25 -13
6 25 13
6 25 14
6 26 -12
6 26 -11
6 26 11
6 26 12
6 27 -10
6 27 -9
6 27 -8
6 27 8
6 27 9
6 27 10
6 28 -7
6 28 -6
6 28 -5
6 28 -4
6 28 -3
6 28 -2
6 28 -1
6 28 0
6 28 1
6 28 2
6 28 3
6 28 4
6 28 5
6 28 6
6 28 7
7 -28 -6
7 -28 -5
7 -28 -4
7 -28 -3
7 -28 -2
7 -28 -1
7 -28 0
7 -28 1
7 -28 2
7 -28 3
7 -28 4
7 -28 5
7 -28 6
7 -27 -9
7 -27 -8
7 -27 -7
7 -27 7
7 -27 8
7 -27 9
7 -26 -12
7 -26 -11
7 -26 -10
7 -26 10
7 -26 11
7 -26 12
7 -25 -14
7 -25 -13
7 -25 13
7 -25 14
7 -24 -15
7 -24 15
7 -23 -17
7 -23 -16
7 -23 16
7 -23 17
7 -22 -18
7 -22 18
7 -21 -19
7 -21 19
7 -20 -20
7 -20 20
7 -19 -21
7 -19 21
7 -18 -22
7 -18 22
7 -17 -23
7 -17 23
7 -16 -23
7 -16 23
7 -15 -24
7 -15 24
7 -14 -25
7 -14 25
7 -13 -25
7 -13 25
7 -12 -26
7 -12 26
7 -11 -26
7 -11 26
7 -10 -26
7 -10 26
7 -9 -27
7 -9 27
7 -8 -27
7 -8 27
7 -7 -27
7 -7 27
7 -6 -28
7 -6 28
7 -5 -28
7 -5 28
7 -4 -28
7 -4 28
7 -3 -28
7 -3 28
7 -2 -28
7 -2 28
7 -1 -28
7 -1 28
7 0 -28
7 0 28
7 1 -28
7 1 28
7 2 -28
7 2 28
7 3 -28
7 3 28
7 4 -28
7 4 28
7 5 -28
7 5 28
7 6 -28
7 6 28
7 7 -27
7 7 27
7 8 -27
7 8 27
7 9 -27
7 9 27
7 10 -26
7 10 26
7 11 -26
7 11 26
7 12 -26
7 12 26
7 13 -25
7 13 25
7 14 -25
7 14 25
7 15 -24
7 15 24
7 16 -23
7 16 23
7 17 -23
7 17 23
7 18 -22
7 18 22
7 19 -21
7 19 21
7 20 -20
7 20 20
7 21 -19
7 21 19
7 22 -18
7 22 18
7 23 -17
7 23 -16
7 23 16
7 23 17
7 24 -15
7 24 15
7 25 -14
7 25 -13
7 25 13
7 25 14
7 26 -12
7 26 -11
7 26 -10
7 26 10
7 26 11
7 26 12
7 27 -9
7 27 -8
7 27 -7
7 27 7
7 27 8
7 27 9
7 28 -6
7 28 -5
7 28 -4
7 28 -3
7 28 -2
7 28 -1
7 28 0
7 28 1
7 28 2
7 28 3
7 28 4
7 28 5
7 28 6
8 -28 -4
8 -28 -3
8 -28 -2
8 -28 -1
8 -28 0
8 -28 1
8 -28 2
8 -28 3
8 -28 4
8 -27 -8
8 -27 -7
8 -27 -6
8 -27 -5
8 -27 5
8 -27 6
8 -27 7
8 -27 8
8 -26 -11
8 -26 -10
8 -26 -9
8 -26 9
8 -26 10
8 -26 11
8 -25 -13
8 -25 -12
8 -25 12
8 -25 13
8 -24 -15
8 -24 -14
8 -24 14
8 -24 15
8 -23 -16
8 -23 16
8 -22 -17
8 -22 17
8 -21 -19
8 -21 -18
8 -21 18
8 -21 19
8 -20 -20
8 -20 20
8 -19 -21
8 -19 21
8 -18 -21
8 -18 21
8 -17 -22
8 -17 22
8 -16 -23
8 -16 23
8 -15 -24
8 -15 24
8 -14 -24
8 -14 24
8 -13 -25
8 -13 25
8 -12 -25
8 -12 25
8 -11 -26
8 -11 26
8 -10 -26
8 -10 26
8 -9 -26
8 -9 26
8 -8 -27
8 -8 27
8 -7 -27
8 -7 27
8 -6 -27
8 -6 27
8 -5 -27
8 -5 27
8 -4 -28
8 -4 28
8 -3 -28
8 -3 28
8 -2 -28
8 -2 28
8 -1 -28
8 -1 28
8 0 -28
8 0 28
8 1 -28
8 1 28
8 2 -28
8 2 28
8 3 -28
8 3 28
8 4 -28
8 4 28
8 5 -27
8 5 27
8 6 -27
8 6 27
8 7 -27
8 7 27
8 8 -27
8 8 27
8 9 -26
8 9 26
8 10 -26
8 10 26
8 11 -26
8 11 26
8 12 -25
8 12 25
8 13 -25
8 13 25
8 14 -24
8 14 24
8 15 -24
8 15 24
8 16 -23
8 16 23
8 17 -22
8 17 22
8 18 -21
8 18 21
8 19 -21
8 19 21
8 20 -20
8 20 20
8 21 -19
8 21 -18
8 21 18
8 21 19
8 22 -17
8 22 17
8 23 -16
8 23 16
8 24 -15
8 24 -14
8 24 14
8 24 15
8 25 -13
8 25 -12
8 25 12
8 25 13
8 26 -11
8 26 -10
8 26 -9
8 26 9
8 26 10
8 26 11
8 27 -8
8 27 -7
8 27 -6
8 27 -5
8 27 5
8 27 6
8 27 7
8 27 8
8 28 -4
8 28 -3
8 28 -2
8 28 -1
8 28 0
8 28 1
8 28 2
8 28 3
8 28 4
9 -28 -2
9 -28 -1
9 -28 0
9 -28 1
9 -28 2
9 -27 -7
9 -27 -6
9 -27 -5
9 -27 -4
9 -27 -3
9 -27 3
9 -27 4
9 -27 5
9 -27 6
9 -27 7
9 -26 -10
9 -26 -9
9 -26 -8
9 -26 8
9 -26 9
9 -26 10
9 -25 -12
9 -25 -11
9 -25 11
9 -25 12
9 -24 -14
9 -24 -13
9 -24 13
9 -24 14
9 -23 -16
9 -23 -15
9 -23 15
9 -23 16
9 -22 -17
9 -22 17
9 -21 -18
9 -21 18
9 -20 -19
9 -20 19
9 -19 -20
9 -19 20
9 -18 -21
9 -18 21
9 -17 -22
9 -17 22
9 -16 -23
9 -16 23
9 -15 -23
9 -15 23
9 -14 -24
9 -14 24
9 -13 -24
9 -13 24
9 -12 -25
9 -12 25
9 -11 -25
9 -11 25
9 -10 -26
9 -10 26
9 -9 -26
9 -9 26
9 -8 -26
9 -8 26
9 -7 -27
9 -7 27
9 -6 -27
9 -6 27
9 -5 -27
9 -5 27
9 -4 -27
9 -4 27
9 -3 -27
9 -3 27
9 -2 -28
9 -2 28
9 -1 -28
9 -1 28
9 0 -28
9 0 28
9 1 -28
9 1 28
9 2 -28
9 2 28
9 3 -27
9 3 27
9 4 -27
9 4 27
9 5 -27
9 5 27
9 6 -27
9 6 27
9 7 -27
9 7 27
9 8 -26
9 8 26
9 9 -26
9 9 26
9 10 -26
9 10 26
9 11 -25
9 11 25
9 12 -25
9 12 25
9 13 -24
9 13 24
9 14 -24
9 14 24
9 15 -23
9 15 23
9 16 -23
9 16 23
9 17 -22
9 17 22
9 18 -21
9 18 21
9 19 -20
9 19 20
9 20 -19
9 20 19
9 21 -18
9 21 18
9 22 -17
9 22 17
9 23 -16
9 23 -15
9 23 15
9 23 16
9 24 -14
9 24 -13
9 24 13
9 24 14
9 25 -12
9 25 -11
9 25 11
9 25 12
9 26 -10
9 26 -9
9 26 -8
9 26 8
9 26 9
9 26 10
9 27 -7
9 27 -6
9 27 -5
9 27 -4
9 27 -3
9 27 3
9 27 4
9 27 5
9 27 6
9 27 7
9 28 -2
9 28 -1
9 28 0
9 28 1
9 28 2
10 -27 -6
10 -27 -5
10 -27 -4
10 -27 -3
10 -27 -2
10 -27 -1
10 -27 0
10 -27 1
10 -27 2
10 -27 3
10 -27 4
10 -27 5
10 -27 6
10 -26 -9
10 -26 -8
10 -26 -7
10 -26 7
10 -26 8
10 -26 9
10 -25 -12
10 -25 -11
10 -25 -10
10 -25 10
10 -25 11
10 -25 12
10 -24 -13
10 -24 13
10 -23 -15
10 -23 -14
10 -23 14
10 -23 15
10 -22 -16
10 -22 16
10 -21 -18
10 -21 -17
10 -21 17
10 -21 18
10 -20 -19
10 -20 19
10 -19 -20
10 -19 20
10 -18 -21
10 -18 21
10 -17 -21
10 -17 21
10 -16 -22
10 -16 22
10 -15 -23
10 -15 23
10 -14 -23
10 -14 23
10 -13 -24
10 -13 24
10 -12 -25
10 -12 25
10 -11 -25
10 -11 25
10 -10 -25
10 -10 25
10 -9 -26
10 -9 26
10 -8 -26
10 -8 26
10 -7 -26
10 -7 26
10 -6 -27
10 -6 27
10 -5 -27
10 -5 27
10 -4 -27
10 -4 27
10 -3 -27
10 -3 27
10 -2 -27
10 -2 27
10 -1 -27
10 -1 27
10 0 -27
10 0 27
10 1 -27
10 1 27
10 2 -27
10 2 27
10 3 -27
10 3 27
10 4 -27
10 4 27
10 5 -27
10 5 27
10 6 -27
10 6 27
10 7 -26
10 7 26
10 8 -26
10 8 26
10 9 -26
10 9 26
10 10 -25
10 10 25
10 11 -25
10 11 25
10 12 -25
10 12 25
10 13 -24
10 13 24
10 14 -23
10 14 23
10 15 -23
10 15 23
10 16 -22
10 16 22
10 17 -21
10 17 21
10 18 -21
10 18 21
10 19 -20
10 19 20
10 20 -19
10 20 19
10 21 -18
10 21 -17
10 21 17
10 21 18
10 22 -16
10 22 16
10 23 -15
10 23 -14
10 23 14
10 23 15
10 24 -13
10 24 13
10 25 -12
10 25 -11
10 25 -10
10 25 10
10 25 11
10 25 12
10 26 -9
10 26 -8
10 26 -7
10 26 7
10 26 8
10 26 9
10 27 -6
10 27 -5
10 27 -4
10 27 -3
10 27 -2
10 27 -1
10 27 0
10 27 1
10 27 2
10 27 3
10 27 4
10 27 5
10 27 6
11 -27 -4
11 -27 -3
11 -27 -2
11 -27 -1
11 -27 0
11 -27 1
11 -27 2
11 -27 3
11 -27 4
11 -26 -8
11 -26 -7
11 -26 -6
11 -26 -5
11 -26 5
11 -26 6
11 -26 7
11 -26 8
11 -25 -11
11 -25 -10
11 -25 -9
11 -25 9
11 -25 10
11 -25 11
11 -24 -13
11 -24 -12
11 -24 12
11 -24 13
11 -23 -14
11 -23 14
11 -22 -16
11 -22 -15
11 -22 15
11 -22 16
11 -21 -17
11 -21 17
11 -20 -18
11 -20 18
11 -19 -19
11 -19 19
11 -18 -20
11 -18 20
11 -17 -21
11 -17 21
11 -16 -22
11 -16 22
11 -15 -22
11 -15 22
11 -14 -23
11 -14 23
11 -13 -24
11 -13 24
11 -12 -24
11 -12 24
11 -11 -25
11 -11 25
11 -10 -25
11 -10 25
11 -9 -25
11 -9 25
11 -8 -26
11 -8 26
11 -7 -26
11 -7 26
11 -6 -26
11 -6 26
11 -5 -26
11 -5 26
11 -4 -27
11 -4 27
11 -3 -27
11 -3 27
11 -2 -27
11 -2 27
11 -1 -27
11 -1 27
11 0 -27
11 0 27
11 1 -27
11 1 27
11 2 -27
11 2 27
11 3 -27
11 3 27
11 4 -27
11 4 27
11 5 -26
11 5 26
11 6 -26
11 6 26
11 7 -26
11 7 26
11 8 -26
11 8 26
11 9 -25
11 9 25
11 10 -25
11 10 25
11 11 -25
11 11 25
11 12 -24
11 12 24
11 13 -24
11 13 24
11 14 -23
11 14 23
11 15 -22
11 15 22
11 16 -22
11 16 22
11 17 -21
11 17 21
11 18 -20
11 18 20
11 19 -19
11 19 19
11 20 -18
11 20 18
11 21 -17
11 21 17
11 22 -16
11 22 -15
11 22 15
11 22 16
11 23 -14
11 23 14
11 24 -13
11 24 -12
11 24 12
11 24 13
11 25 -11
11 25 -10
11 25 -9
11 25 9
11 25 10
11 25 11
11 26 -8
11 26 -7
11 26 -6
11 26 -5
11 26 5
11 26 6
11 26 7
11 26 8
11 27 -4
11 27 -3
11 27 -2
11 27 -1
11 27 0
11 27 1
11 27 2
11 27 3
11 27 4
12 -26 -7
12 -26 -6
12 -26 -5
12 -26 -4
12 -26 -3
12 -26 -2
12 -26 -1
12 -26 0
12 -26 1
12 -26 2
12 -26 3
12 -26 4
12 -26 5
12 -26 6
12 -26 7
12 -25 -10
12 -25 -9
12 -25 -8
12 -25 8
12 -25 9
12 -25 10
12 -24 -12
12 -24 -11
12 -24 11
12 -24 12
12 -23 -14
12 -23 -13
12 -23 13
12 -23 14
12 -22 -15
12 -22 15
12 -21 -16
12 -21 16
12 -20 -18
12 -20 -17
12 -20 17
12 -20 18
12 -19 -19
12 -19 19
12 -18 -20
12 -18 20
12 -17 -20
12 -17 20
12 -16 -21
12 -16 21
12 -15 -22
12 -15 22
12 -14 -23
12 -14 23
12 -13 -23
12 -13 23
12 -12 -24
12 -12 24
12 -11 -24
12 -11 24
12 -10 -25
12 -10 25
12 -9 -25
12 -9 25
12 -8 -25
12 -8 25
12 -7 -26
12 -7 26
12 -6 -26
12 -6 26
12 -5 -26
12 -5 26
12 -4 -26
12 -4 26
12 -3 -26
12 -3 26
12 -2 -26
12 -2 26
12 -1 -26
12 -1 26
12 0 -26
12 0 26
12 1 -26
12 1 26
12 2 -26
12 2 26
12 3 -26
12 3 26
12 4 -26
12 4 26
12 5 -26
12 5 26
12 6 -26
12 6 26
12 7 -26
12 7 26
12 8 -25
12 8 25
12 9 -25
12 9 25
12 10 -25
12 10 25
12 11 -24
12 11 24
12 12 -24
12 12 24
12 13 -23
12 13 23
12 14 -23
12 14 23
12 15 -22
12 15 22
12 16 -21
12 16 21
12 17 -20
12 17 20
12 18 -20
12 18 20
12 19 -19
12 19 19
12 20 -18
12 20 -17
12 20 17
12 20 18
12 21 -16
12 21 16
12 22 -15
12 22 15
12 23 -14
12 23 -13
12 23 13
12 23 14
12 24 -12
12 24 -11
12 24 11
12 24 12
12 25 -10
12 25 -9
12 25 -8
12 25 8
12 25 9
12 25 10
12 26 -7
12 26 -6
12 26 -5
12 26 -4
12 26 -3
12 26 -2
12 26 -1
12 26 0
12 26 1
12 26 2
12 26 3
12 26 4
12 26 5
12 26 6
12 26 7
13 -26 -5
13 -26 -4
13 -26 -3
13 -26 -2
13 -26 -1
13 -26 0
13 -26 1
13 -26 2
13 -26 3
13 -26 4
13 -26 5
13 -25 -8
13 -25 -7
13 -25 -6
13 -25 6
13 -25 7
13 -25 8
13 -24 -11
13 -24 -10
13 -24 -9
13 -24 9
13 -24 10
13 -24 11
13 -23 -13
13 -23 -12
13 -23 12
13 -23 13
13 -22 -14
13 -22 14
13 -21 -16
13 -21 -15
13 -21 15
13 -21 16
13 -20 -17
13 -20 17
13 -19 -18
13 -19 18
13 -18 -19
13 -18 19
13 -17 -20
13 -17 20
13 -16 -21
13 -16 21
13 -15 -21
13 -15 21
13 -14 -22
13 -14 22
13 -13 -23
13 -13 23
13 -12 -23
13 -12 23
13 -11 -24
13 -11 24
13 -10 -24
13 -10 24
13 -9 -24
13 -9 24
13 -8 -25
13 -8 25
13 -7 -25
13 -7 25
13 -6 -25
13 -6 25
13 -5 -26
13 -5 26
13 -4 -26
13 -4 26
13 -3 -26
13 -3 26
13 -2 -26
13 -2 26
13 -1 -26
13 -1 26
13 0 -26
13 0 26
13 1 -26
13 1 26
13 2 -26
13 2 26
13 3 -26
13 3 26
13 4 -26
13 4 26
13 5 -26
13 5 26
13 6 -25
13 6 25
13 7 -25
13 7 25
13 8 -25
13 8 25
13 9 -24
13 9 24
13 10 -24
13 10 24
13 11 -24
13 11 24
13 12 -23
13 12 23
13 13 -23
13 13 23
13 14 -22
13 14 22
13 15 -21
13 15 21
13 16 -21
13 16 21
13 17 -20
13 17 20
13 18 -19
13 18 19
13 19 -18
13 19 18
13 20 -17
13 20 17
13 21 -16
13 21 -15
13 21 15
13 21 16
13 22 -14
13 22 14
13 23 -13
13 23 -12
13 23 12
13 23 13
13 24 -11
13 24 -10
13 24 -9
13 24 9
13 24 10
13 24 11
13 25 -8
13 25 -7
13 25 -6
13 25 6
13 25 7
13 25 8
13 26 -5
13 26 -4
13 26 -3
13 26 -2
13 26 -1
13 26 0
13 26 1
13 26 2
13 26 3
13 26 4
13 26 5
14 -25 -7
14 -25 -6
14 -25 -5
14 -25 -4
14 -25 -3
14 -25 -2
14 -25 -1
14 -25 0
14 -25 1
14 -25 2
14 -25 3
14 -25 4
14 -25 5
14 -25 6
14 -25 7
14 -24 -9
14 -24 -8
14 -24 8
14 -24 9
14 -23 -12
14 -23 -11
14 -23 -10
14 -23 10
14 -23 11
14 -23 12
14 -22 -13
14 -22 13
14 -21 -15
14 -21 -14
14 -21 14
14 -21 15
14 -20 -16
14 -20 16
14 -19 -17
14 -19 17
14 -18 -18
14 -18 18
14 -17 -19
14 -17 19
14 -16 -20
14 -16 20
14 -15 -21
14 -15 21
14 -14 -21
14 -14 21
14 -13 -22
14 -13 22
14 -12 -23
14 -12 23
14 -11 -23
14 -11 23
14 -10 -23
14 -10 23
14 -9 -24
14 -9 24
14 -8 -24
14 -8 24
14 -7 -25
14 -7 25
14 -6 -25
14 -6 25
14 -5 -25
14 -5 25
14 -4 -25
14 -4 25
14 -3 -25
14 -3 25
14 -2 -25
14 -2 25
14 -1 -25
14 -1 25
14 0 -25
14 0 25
14 1 -25
14 1 25
14 2 -25
14 2 25
14 3 -25
14 3 25
14 4 -25
14 4 25
14 5 -25
14 5 25
14 6 -25
14 6 25
14 7 -25
14 7 25
14 8 -24
14 8 24
14 9 -24
14 9 24
14 10 -23
14 10 23
14 11 -23
14 11 23
14 12 -23
14 12 23
14 13 -22
14 13 22
14 14 -21
14 14 21
14 15 -21
14 15 21
14 16 -20
14 16 20
14 17 -19
14 17 19
14 18 -18
14 18 18
14 19 -17
14 19 17
14 20 -16
14 20 16
14 21 -15
14 21 -14
14 21 14
14 21 15
14 22 -13
14 22 13
14 23 -12
14 23 -11
14 23 -10
14 23 10
14 23 11
14 23 12
14 24 -9
14 24 -8
14 24 8
14 24 9
14 25 -7
14 25 -6
14 25 -5
14 25 -4
14 25 -3
14 25 -2
14 25 -1
14 25 0
14 25 1
14 25 2
14 25 3
14 25 4
14 25 5
14 25 6
14 25 7
15 -25 -4
15 -25 -3
15 -25 -2
15 -25 -1
15 -25 0
15 -25 1
15 -25 2
15 -25 3
15 -25 4
15 -24 -8
15 -24 -7
15 -24 -6
15 -24 -5
15 -24 5
15 -24 6
15 -24 7
15 -24 8
15 -23 -10
15 -23 -9
15 -23 9
15 -23 10
15 -22 -12
15 -22 -11
15 -22 11
15 -22 12
15 -21 -14
15 -21 -13
15 -21 13
15 -21 14
15 -20 -15
15 -20 15
15 -19 -16
15 -19 16
15 -18 -17
15 -18 17
15 -17 -18
15 -17 18
15 -16 -19
15 -16 19
15 -15 -20
15 -15 20
15 -14 -21
15 -14 21
15 -13 -21
15 -13 21
15 -12 -22
15 -12 22
15 -11 -22
15 -11 22
15 -10 -23
15 -10 23
15 -9 -23
15 -9 23
15 -8 -24
15 -8 24
15 -7 -24
15 -7 24
15 -6 -24
15 -6 24
15 -5 -24
15 -5 24
15 -4 -25
15 -4 25
15 -3 -25
15 -3 25
15 -2 -25
15 -2 25
15 -1 -25
15 -1 25
15 0 -25
15 0 25
15 1 -25
15 1 25
15 2 -25
15 2 25
15 3 -25
15 3 25
15 4 -25
15 4 25
15 5 -24
15 5 24
15 6 -24
15 6 24
15 7 -24
15 7 24
15 8 -24
15 8 24
15 9 -23
15 9 23
15 10 -23
15 10 23
15 11 -22
15 11 22
15 12 -22
15 12 22
15 13 -21
15 13 21
15 14 -21
15 14 21
15 15 -20
15 15 20
15 16 -19
15 16 19
15 17 -18
15 17 18
15 18 -17
15 18 17
15 19 -16
15 19 16
15 20 -15
15 20 15
15 21 -14
15 21 -13
15 21 13
15 21 14
15 22 -12
15 22 -11
15 22 11
15 22 12
15 23 -10
15 23 -9
15 23 9
15 23 10
15 24 -8
15 24 -7
15 24 -6
15 24 -5
15 24 5
15 24 6
15 24 7
15 24 8
15 25 -4
15 25 -3
15 25 -2
15 25 -1
15 25 0
15 25 1
15 25 2
15 25 3
15 25 4
16 -24 -6
16 -24 -5
16 -24 -4
16 -24 -3
16 -24 -2
16 -24 -1
16 -24 0
16 -24 1
16 -24 2
16 -24 3
16 -24 4
16 -24 5
16 -24 6
16 -23 -9
16 -23 -8
16 -23 -7
16 -23 7
16 -23 8
16 -23 9
16 -22 -11
16 -22 -10
16 -22 10
16 -22 11
16 -21 -13
16 -21 -12
16 -21 12
16 -21 13
16 -20 -14
16 -20 14
16 -19 -15
16 -19 15
16 -18 -17
16 -18 -16
16 -18 16
16 -18 17
16 -17 -18
16 -17 18
16 -16 -18
16 -16 18
16 -15 -19
16 -15 19
16 -14 -20
16 -14 20
16 -13 -21
16 -13 21
16 -12 -21
16 -12 21
16 -11 -22
16 -11 22
16 -10 -22
16 -10 22
16 -9 -23
16 -9 23
16 -8 -23
16 -8 23
16 -7 -23
16 -7 23
16 -6 -24
16 -6 24
16 -5 -24
16 -5 24
16 -4 -24
16 -4 24
16 -3 -24
16 -3 24
16 -2 -24
16 -2 24
16 -1 -24
16 -1 24
16 0 -24
16 0 24
16 1 -24
16 1 24
16 2 -24
16 2 24
16 3 -24
16 3 24
16 4 -24
16 4 24
16 5 -24
16 5 24
16 6 -24
16 6 24
16 7 -23
16 7 23
16 8 -23
16 8 23
16 9 -23
16 9 23
16 10 -22
16 10 22
16 11 -22
16 11 22
16 12 -21
16 12 21
16 13 -21
16 13 21
16 14 -20
16 14 20
16 15 -19
16 15 19
16 16 -18
16 16 18
16 17 -18
16 17 18
16 18 -17
16 18 -16
16 18 16
16 18 17
16 19 -15
16 19 15
16 20 -14
16 20 14
16 21 -13
16 21 -12
16 21 12
16 21 13
16 22 -11
16 22 -10
16 22 10
16 22 11
16 23 -9
16 23 -8
16 23 -7
16 23 7
16 23 8
16 23 9
16 24 -6
16 24 -5
16 24 -4
16 24 -3
16 24 -2
16 24 -1
16 24 0
16 24 1
16 24 2
16 24 3
16 24 4
16 24 5
16 24 6
17 -24 -2
17 -24 -1
17 -24 0
17 -24 1
17 -24 2
17 -23 -7
17 -23 -6
17 -23 -5
17 -23 -4
17 -23 -3
17 -23 3
17 -23 4
17 -23 5
17 -23 6
17 -23 7
17 -22 -9
17 -22 -8
17 -22 8
17 -22 9
17 -21 -11
17 -21 -10
17 -21 10
17 -21 11
17 -20 -13
17 -20 -12
17 -20 12
17 -20 13
17 -19 -14
17 -19 14
17 -18 -16
17 -18 -15
17 -18 15
17 -18 16
17 -17 -17
17 -17 17
17 -16 -18
17 -16 18
17 -15 -18
17 -15 18
17 -14 -19
17 -14 19
17 -13 -20
17 -13 20
17 -12 -20
17 -12 20
17 -11 -21
17 -11 21
17 -10 -21
17 -10 21
17 -9 -22
17 -9 22
17 -8 -22
17 -8 22
17 -7 -23
17 -7 23
17 -6 -23
17 -6 23
17 -5 -23
17 -5 23
17 -4 -23
17 -4 23
17 -3 -23
17 -3 23
17 -2 -24
17 -2 24
17 -1 -24
17 -1 24
17 0 -24
17 0 24
17 1 -24
17 1 24
17 2 -24
17 2 24
17 3 -23
17 3 23
17 4 -23
17 4 23
17 5 -23
17 5 23
17 6 -23
17 6 23
17 7 -23
17 7 23
17 8 -22
17 8 22
17 9 -22
17 9 22
17 10 -21
17 10 21
17 11 -21
17 11 21
17 12 -20
17 12 20
17 13 -20
17 13 20
17 14 -19
17 14 19
17 15 -18
17 15 18
17 16 -18
17 16 18
17 17 -17
17 17 17
17 18 -16
17 18 -15
17 18 15
17 18 16
17 19 -14
17 19 14
17 20 -13
17 20 -12
17 20 12
17 20 13
17 21 -11
17 21 -10
17 21 10
17 21 11
17 22 -9
17 22 -8
17 22 8
17 22 9
17 23 -7
17 23 -6
17 23 -5
17 23 -4
17 23 -3
17 23 3
17 23 4
17 23 5
17 23 6
17 23 7
17 24 -2
17 24 -1
17 24 0
17 24 1
17 24 2
18 -23 -4
18 -23 -3
18 -23 -2
18 -23 -1
18 -23 0
18 -23 1
18 -23 2
18 -23 3
18 -23 4
18 -22 -7
18 -22 -6
18 -22 -5
18 -22 5
18 -22 6
18 -22 7
18 -21 -10
18 -21 -9
18 -21 -8
18 -21 8
18 -21 9
18 -21 10
18 -20 -12
18 -20 -11
18 -20 11
18 -20 12
18 -19 -13
18 -19 13
18 -18 -14
18 -18 14
18 -17 -16
18 -17 -15
18 -17 15
18 -17 16
18 -16 -17
18 -16 -16
18 -16 16
18 -16 17
18 -15 -17
18 -15 17
18 -14 -18
18 -14 18
18 -13 -19
18 -13 19
18 -12 -20
18 -12 20
18 -11 -20
18 -11 20
18 -10 -21
18 -10 21
18 -9 -21
18 -9 21
18 -8 -21
18 -8 21
18 -7 -22
18 -7 22
18 -6 -22
18 -6 22
18 -5 -22
18 -5 22
18 -4 -23
18 -4 23
18 -3 -23
18 -3 23
18 -2 -23
18 -2 23
18 -1 -23
18 -1 23
18 0 -23
18 0 23
18 1 -23
18 1 23
18 2 -23
18 2 23
18 3 -23
18 3 23
18 4 -23
18 4 23
18 5 -22
18 5 22
18 6 -22
18 6 22
18 7 -22
18 7 22
18 8 -21
18 8 21
18 9 -21
18 9 21
18 10 -21
18 10 21
18 11 -20
18 11 20
18 12 -20
18 12 20
18 13 -19
18 13 19
18 14 -18
18 14 18
18 15 -17
18 15 17
18 16 -17
18 16 -16
18 16 16
18 16 17
18 17 -16
18 17 -15
18 17 15
18 17 16
18 18 -14
18 18 14
18 19 -13
18 19 13
18 20 -12
18 20 -11
18 20 11
18 20 12
18 21 -10
18 21 -9
18 21 -8
18 21 8
18 21 9
18 21 10
18 22 -7
18 22 -6
18 22 -5
18 22 5
18 22 6
18 22 7
18 23 -4
18 23 -3
18 23 -2
18 23 -1
18 23 0
18 23 1
18 23 2
18 23 3
18 23 4
19 -22 -5
19 -22 -4
19 -22 -3
19 -22 -2
19 -22 -1
19 -22 0
19 -22 1
19 -22 2
19 -22 3
19 -22 4
19 -22 5
19 -21 -8
19 -21 -7
19 -21 -6
19 -21 6
19 -21 7
19 -21 8
19 -20 -10
19 -20 -9
19 -20 9
19 -20 10
19 -19 -12
19 -19 -11
19 -19 11
19 -19 12
19 -18 -13
19 -18 13
19 -17 -14
19 -17 14
19 -16 -15
19 -16 15
19 -15 -16
19 -15 16
19 -14 -17
19 -14 17
19 -13 -18
19 -13 18
19 -12 -19
19 -12 19
19 -11 -19
19 -11 19
19 -10 -20
19 -10 20
19 -9 -20
19 -9 20
19 -8 -21
19 -8 21
19 -7 -21
19 -7 21
19 -6 -21
19 -6 21
19 -5 -22
19 -5 22
19 -4 -22
19 -4 22
19 -3 -22
19 -3 22
19 -2 -22
19 -2 22
19 -1 -22
19 -1 22
19 0 -22
19 0 22
19 1 -22
19 1 22
19 2 -22
19 2 22
19 3 -22
19 3 22
19 4 -22
19 4 22
19 5 -22
19 5 22
19 6 -21
19 6 21
19 7 -21
19 7 21
19 8 -21
19 8 21
19 9 -20
19 9 20
19 10 -20
19 10 20
19 11 -19
19 11 19
19 12 -19
19 12 19
19 13 -18
19 13 18
19 14 -17
19 14 17
19 15 -16
19 15 16
19 16 -15
19 16 15
19 17 -14
19 17 14
19 18 -13
19 18 13
19 19 -12
19 19 -11
19 19 11
19 19 12
19 20 -10
19 20 -9
19 20 9
19 20 10
19 21 -8
19 21 -7
19 21 -6
19 21 6
19 21 7
19 21 8
19 22 -5
19 22 -4
19 22 -3
19 22 -2
19 22 -1
19 22 0
19 22 1
19 22 2
19 22 3
19 22 4
19 22 5
20 -21 -5
20 -21 -4
20 -21 -3
20 -21 -2
20 -21 -1
20 -21 0
20 -21 1
20 -21 2
20 -21 3
20 -21 4
20 -21 5
20 -20 -8
20 -20 -7
20 -20 -6
20 -20 6
20 -20 7
20 -20 8
20 -19 -10
20 -19 -9
20 -19 9
20 -19 10
20 -18 -12
20 -18 -11
20 -18 11
20 -18 12
20 -17 -13
20 -17 -12
20 -17 12
20 -17 13
20 -16 -14
20 -16 14
20 -15 -15
20 -15 15
20 -14 -16
20 -14 16
20 -13 -17
20 -13 17
20 -12 -18
20 -12 -17
20 -12 17
20 -12 18
20 -11 -18
20 -11 18
20 -10 -19
20 -10 19
20 -9 -19
20 -9 19
20 -8 -20
20 -8 20
20 -7 -20
20 -7 20
20 -6 -20
20 -6 20
20 -5 -21
20 -5 21
20 -4 -21
20 -4 21
20 -3 -21
20 -3 21
20 -2 -21
20 -2 21
20 -1 -21
20 -1 21
20 0 -21
20 0 21
20 1 -21
20 1 21
20 2 -21
20 2 21
20 3 -21
20 3 21
20 4 -21
20 4 21
20 5 -21
20 5 21
20 6 -20
20 6 20
20 7 -20
20 7 20
20 8 -20
20 8 20
20 9 -19
20 9 19
20 10 -19
20 10 19
20 11 -18
20 11 18
20 12 -18
20 12 -17
20 12 17
20 12 18
20 13 -17
20 13 17
20 14 -16
20 14 16
20 15 -15
20 15 15
20 16 -14
20 16 14
20 17 -13
20 17 -12
20 17 12
20 17 13
20 18 -12
20 18 -11
20 18 11
20 18 12
20 19 -10
20 19 -9
20 19 9
20 19 10
20 20 -8
20 20 -7
20 20 -6
20 20 6
20 20 7
20 20 8
20 21 -5
20 21 -4
20 21 -3
20 21 -2
20 21 -1
20 21 0
20 21 1
20 21 2
20 21 3
20 21 4
20 21 5
21 -20 -5
21 -20 -4
21 -20 -3
21 -20 -2
21 -20 -1
21 -20 0
21 -20 1
21 -20 2
21 -20 3
21 -20 4
21 -20 5
21 -19 -8
21 -19 -7
21 -19 -6
21 -19 6
21 -19 7
21 -19 8
21 -18 -10
21 -18 -9
21 -18 -8
21 -18 8
21 -18 9
21 -18 10
21 -17 -11
21 -17 -10
21 -17 10
21 -17 11
21 -16 -13
21 -16 -12
21 -16 12
21 -16 13
21 -15 -14
21 -15 -13
21 -15 13
21 -15 14
21 -14 -15
21 -14 -14
21 -14 14
21 -14 15
21 -13 -16
21 -13 -15
21 -13 15
21 -13 16
21 -12 -16
21 -12 16
21 -11 -17
21 -11 17
21 -10 -18
21 -10 -17
21 -10 17
21 -10 18
21 -9 -18
21 -9 18
21 -8 -19
21 -8 -18
21 -8 18
21 -8 19
21 -7 -19
21 -7 19
21 -6 -19
21 -6 19
21 -5 -20
21 -5 20
21 -4 -20
21 -4 20
21 -3 -20
21 -3 20
21 -2 -20
21 -2 20
21 -1 -20
21 -1 20
21 0 -20
21 0 20
21 1 -20
21 1 20
21 2 -20
21 2 20
21 3 -20
21 3 20
21 4 -20
21 4 20
21 5 -20
21 5 20
21 6 -19
21 6 19
21 7 -19
21 7 19
21 8 -19
21 8 -18
21 8 18
21 8 19
21 9 -18
21 9 18
21 10 -18
21 10 -17
21 10 17
21 10 18
21 11 -17
21 11 17
21 12 -16
21 12 16
21 13 -16
21 13 -15
21 13 15
21 13 16
21 14 -15
21 14 -14
21 14 14
21 14 15
21 15 -14
21 15 -13
21 15 13
21 15 14
21 16 -13
21 16 -12
21 16 12
21 16 13
21 17 -11
21 17 -10
21 17 10
21 17 11
21 18 -10
21 18 -9
21 18 -8
21 18 8
21 18 9
21 18 10
21 19 -8
21 19 -7
21 19 -6
21 19 6
21 19 7
21 19 8
21 20 -5
21 20 -4
21 20 -3
21 20 -2
21 20 -1
21 20 0
21 20 1
21 20 2
21 20 3
21 20 4
21 20 5
22 -19 -5
22 -19 -4
22 -19 -3
22 -19 -2
22 -19 -1
22 -19 0
22 -19 1
22 -19 2
22 -19 3
22 -19 4
22 -19 5
22 -18 -7
22 -18 -6
22 -18 -5
22 -18 5
22 -18 6
22 -18 7
22 -17 -9
22 -17 -8
22 -17 8
22 -17 9
22 -16 -11
22 -16 -10
22 -16 10
22 -16 11
22 -15 -12
22 -15 -11
22 -15 11
22 -15 12
22 -14 -13
22 -14 13
22 -13 -14
22 -13 14
22 -12 -15
22 -12 15
22 -11 -16
22 -11 -15
22 -11 15
22 -11 16
22 -10 -16
22 -10 16
22 -9 -17
22 -9 17
22 -8 -17
22 -8 17
22 -7 -18
22 -7 18
22 -6 -18
22 -6 18
22 -5 -19
22 -5 -18
22 -5 18
22 -5 19
22 -4 -19
22 -4 19
22 -3 -19
22 -3 19
22 -2 -19
22 -2 19
22 -1 -19
22 -1 19
22 0 -19
22 0 19
22 1 -19
22 1 19
22 2 -19
22 2 19
22 3 -19
22 3 19
22 4 -19
22 4 19
22 5 -19
22 5 -18
22 5 18
22 5 19
22 6 -18
22 6 18
22 7 -18
22 7 18
22 8 -17
22 8 17
22 9 -17
22 9 17
22 10 -16
22 10 16
22 11 -16
22 11 -15
22 11 15
22 11 16
22 12 -15
22 12 15
22 13 -14
22 13 14
22 14 -13
22 14 13
22 15 -12
22 15 -11
22 15 11
22 15 12
22 16 -11
22 16 -10
22 16 10
22 16 11
22 17 -9
22 17 -8
22 17 8
22 17 9
22 18 -7
22 18 -6
22 18 -5
22 18 5
22 18 6
22 18 7
22 19 -5
22 19 -4
22 19 -3
22 19 -2
22 19 -1
22 19 0
22 19 1
22 19 2
22 19 3
22 19 4
22 19 5
23 -18 -4
23 -18 -3
23 -18 -2
23 -18 -1
23 -18 0
23 -18 1
23 -18 2
23 -18 3
23 -18 4
23 -17 -7
23 -17 -6
23 -17 -5
23 -17 -4
23 -17 -3
23 -17 3
23 -17 4
23 -17 5
23 -17 6
23 -17 7
23 -16 -9
23 -16 -8
23 -16 -7
23 -16 7
23 -16 8
23 -16 9
23 -15 -10
23 -15 -9
23 -15 9
23 -15 10
23 -14 -12
23 -14 -11
23 -14 -10
23 -14 10
23 -14 11
23 -14 12
23 -13 -13
23 -13 -12
23 -13 12
23 -13 13
23 -12 -14
23 -12 -13
23 -12 13
23 -12 14
23 -11 -14
23 -11 14
23 -10 -15
23 -10 -14
23 -10 14
23 -10 15
23 -9 -16
23 -9 -15
23 -9 15
23 -9 16
23 -8 -16
23 -8 16
23 -7 -17
23 -7 -16
23 -7 16
23 -7 17
23 -6 -17
23 -6 17
23 -5 -17
23 -5 17
23 -4 -18
23 -4 -17
23 -4 17
23 -4 18
23 -3 -18
23 -3 -17
23 -3 17
23 -3 18
23 -2 -18
23 -2 18
23 -1 -18
23 -1 18
23 0 -18
23 0 18
23 1 -18
23 1 18
23 2 -18
23 2 18
23 3 -18
23 3 -17
23 3 17
23 3 18
23 4 -18
23 4 -17
23 4 17
23 4 18
23 5 -17
23 5 17
23 6 -17
23 6 17
23 7 -17
23 7 -16
23 7 16
23 7 17
23 8 -16
23 8 16
23 9 -16
23 9 -15
23 9 15
23 9 16
23 10 -15
23 10 -14
23 10 14
23 10 15
23 11 -14
23 11 14
23 12 -14
23 12 -13
23 12 13
23 12 14
23 13 -13
23 13 -12
23 13 12
23 13 13
23 14 -12
23 14 -11
23 14 -10
23 14 10
23 14 11
23 14 12
23 15 -10
23 15 -9
23 15 9
23 15 10
23 16 -9
23 16 -8
23 16 -7
23 16 7
23 16 8
23 16 9
23 17 -7
23 17 -6
23 17 -5
23 17 -4
23 17 -3
23 17 3
23 17 4
23 17 5
23 17 6
23 17 7
23 18 -4
23 18 -3
23 18 -2
23 18 -1
23 18 0
23 18 1
23 18 2
23 18 3
23 18 4
24 -17 -2
24 -17 -1
24 -17 0
24 -17 1
24 -17 2
24 -16 -6
24 -16 -5
24 -16 -4
24 -16 -3
24 -16 -2
24 -16 -1
24 -16 0
24 -16 1
24 -16 2
24 -16 3
24 -16 4
24 -16 5
24 -16 6
24 -15 -8
24 -15 -7
24 -15 -6
24 -15 -5
24 -15 5
24 -15 6
24 -15 7
24 -15 8
24 -14 -9
24 -14 -8
24 -14 8
24 -14 9
24 -13 -11
24 -13 -10
24 -13 -9
24 -13 9
24 -13 10
24 -13 11
24 -12 -12
24 -12 -11
24 -12 11
24 -12 12
24 -11 -13
24 -11 -12
24 -11 12
24 -11 13
24 -10 -13
24 -10 13
24 -9 -14
24 -9 -13
24 -9 13
24 -9 14
24 -8 -15
24 -8 -14
24 -8 14
24 -8 15
24 -7 -15
24 -7 15
24 -6 -16
24 -6 -15
24 -6 15
24 -6 16
24 -5 -16
24 -5 -15
24 -5 15
24 -5 16
24 -4 -16
24 -4 16
24 -3 -16
24 -3 16
24 -2 -17
24 -2 -16
24 -2 16
24 -2 17
24 -1 -17
24 -1 -16
24 -1 16
24 -1 17
24 0 -17
24 0 -16
24 0 16
24 0 17
24 1 -17
24 1 -16
24 1 16
24 1 17
24 2 -17
24 2 -16
24 2 16
24 2 17
24 3 -16
24 3 16
24 4 -16
24 4 16
24 5 -16
24 5 -15
24 5 15
24 5 16
24 6 -16
24 6 -15
24 6 15
24 6 16
24 7 -15
24 7 15
24 8 -15
24 8 -14
24 8 14
24 8 15
24 9 -14
24 9 -13
24 9 13
24 9 14
24 10 -13
24 10 13
24 11 -13
24 11 -12
24 11 12
24 11 13
24 12 -12
24 12 -11
24 12 11
24 12 12
24 13 -11
24 13 -10
24 13 -9
24 13 9
24 13 10
24 13 11
24 14 -9
24 14 -8
24 14 8
24 14 9
24 15 -8
24 15 -7
24 15 -6
24 15 -5
24 15 5
24 15 6
24 15 7
24 15 8
24 16 -6
24 16 -5
24 16 -4
24 16 -3
24 16 -2
24 16 -1
24 16 0
24 16 1
24 16 2
24 16 3
24 16 4
24 16 5
24 16 6
24 17 -2
24 17 -1
24 17 0
24 17 1
24 17 2
25 -15 -4
25 -15 -3
25 -15 -2
25 -15 -1
25 -15 0
25 -15 1
25 -15 2
25 -15 3
25 -15 4
25 -14 -7
25 -14 -6
25 -14 -5
25 -14 -4
25 -14 -3
25 -14 -2
25 -14 -1
25 -14 0
25 -14 1
25 -14 2
25 -14 3
25 -14 4
25 -14 5
25 -14 6
25 -14 7
25 -13 -8
25 -13 -7
25 -13 -6
25 -13 6
25 -13 7
25 -13 8
25 -12 -10
25 -12 -9
25 -12 -8
25 -12 8
25 -12 9
25 -12 10
25 -11 -11
25 -11 -10
25 -11 -9
25 -11 9
25 -11 10
25 -11 11
25 -10 -12
25 -10 -11
25 -10 -10
25 -10 10
25 -10 11
25 -10 12
25 -9 -12
25 -9 -11
25 -9 11
25 -9 12
25 -8 -13
25 -8 -12
25 -8 12
25 -8 13
25 -7 -14
25 -7 -13
25 -7 13
25 -7 14
25 -6 -14
25 -6 -13
25 -6 13
25 -6 14
25 -5 -14
25 -5 14
25 -4 -15
25 -4 -14
25 -4 14
25 -4 15
25 -3 -15
25 -3 -14
25 -3 14
25 -3 15
25 -2 -15
25 -2 -14
25 -2 14
25 -2 15
25 -1 -15
25 -1 -14
25 -1 14
25 -1 15
25 0 -15
25 0 -14
25 0 14
25 0 15
25 1 -15
25 1 -14
25 1 14
25 1 15
25 2 -15
25 2 -14
25 2 14
25 2 15
25 3 -15
25 3 -14
25 3 14
25 3 15
25 4 -15
25 4 -14
25 4 14
25 4 15
25 5 -14
25 5 14
25 6 -14
25 6 -13
25 6 13
25 6 14
25 7 -14
25 7 -13
25 7 13
25 7 14
25 8 -13
25 8 -12
25 8 12
25 8 13
25 9 -12
25 9 -11
25 9 11
25 9 12
25 10 -12
25 10 -11
25 10 -10
25 10 10
25 10 11
25 10 12
25 11 -11
25 11 -10
25 11 -9
25 11 9
25 11 10
25 11 11
25 12 -10
25 12 -9
25 12 -8
25 12 8
25 12 9
25 12 10
25 13 -8
25 13 -7
25 13 -6
25 13 6
25 13 7
25 13 8
25 14 -7
25 14 -6
25 14 -5
25 14 -4
25 14 -3
25 14 -2
25 14 -1
25 14 0
25 14 1
25 14 2
25 14 3
25 14 4
25 14 5
25 14 6
25 14 7
25 15 -4
25 15 -3
25 15 -2
25 15 -1
25 15 0
25 15 1
25 15 2
25 15 3
25 15 4
26 -13 -5
26 -13 -4
26 -13 -3
26 -13 -2
26 -13 -1
26 -13 0
26 -13 1
26 -13 2
26 -13 3
26 -13 4
26 -13 5
26 -12 -7
26 -12 -6
26 -12 -5
26 -12 -4
26 -12 -3
26 -12 -2
26 -12 -1
26 -12 0
26 -12 1
26 -12 2
26 -12 3
26 -12 4
26 -12 5
26 -12 6
26 -12 7
26 -11 -8
26 -11 -7
26 -11 -6
26 -11 -5
26 -11 5
26 -11 6
26 -11 7
26 -11 8
26 -10 -9
26 -10 -8
26 -10 -7
26 -10 7
26 -10 8
26 -10 9
26 -9 -10
26 -9 -9
26 -9 -8
26 -9 8
26 -9 9
26 -9 10
26 -8 -11
26 -8 -10
26 -8 -9
26 -8 9
26 -8 10
26 -8 11
26 -7 -12
26 -7 -11
26 -7 -10
26 -7 10
26 -7 11
26 -7 12
26 -6 -12
26 -6 -11
26 -6 11
26 -6 12
26 -5 -13
26 -5 -12
26 -5 -11
26 -5 11
26 -5 12
26 -5 13
26 -4 -13
26 -4 -12
26 -4 12
26 -4 13
26 -3 -13
26 -3 -12
26 -3 12
26 -3 13
26 -2 -13
26 -2 -12
26 -2 12
26 -2 13
26 -1 -13
26 -1 -12
26 -1 12
26 -1 13
26 0 -13
26 0 -12
26 0 12
26 0 13
26 1 -13
26 1 -12
26 1 12
26 1 13
26 2 -13
26 2 -12
26 2 12
26 2 13
26 3 -13
26 3 -12
26 3 12
26 3 13
26 4 -13
26 4 -12
26 4 12
26 4 13
26 5 -13
26 5 -12
26 5 -11
26 5 11
26 5 12
26 5 13
26 6 -12
26 6 -11
26 6 11
26 6 12
26 7 -12
26 7 -11
26 7 -10
26 7 10
26 7 11
26 7 12
26 8 -11
26 8 -10
26 8 -9
26 8 9
26 8 10
26 8 11
26 9 -10
26 9 -9
26 9 -8
26 9 8
26 9 9
26 9 10
26 10 -9
26 10 -8
26 10 -7
26 10 7
26 10 8
26 10 9
26 11 -8
26 11 -7
26 11 -6
26 11 -5
26 11 5
26 11 6
26 11 7
26 11 8
26 12 -7
26 12 -6
26 12 -5
26 12 -4
26 12 -3
26 12 -2
26 12 -1
26 12 0
26 12 1
26 12 2
26 12 3
26 12 4
26 12 5
26 12 6
26 12 7
26 13 -5
26 13 -4
26 13 -3
26 13 -2
26 13 -1
26 13 0
26 13 1
26 13 2
26 13 3
26 13 4
26 13 5
27 -11 -4
27 -11 -3
27 -11 -2
27 -11 -1
27 -11 0
27 -11 1
27 -11 2
27 -11 3
27 -11 4
27 -10 -6
27 -10 -5
27 -10 -4
27 -10 -3
27 -10 -2
27 -10 -1
27 -10 0
27 -10 1
27 -10 2
27 -10 3
27 -10 4
27 -10 5
27 -10 6
27 -9 -7
27 -9 -6
27 -9 -5
27 -9 -4
27 -9 -3
27 -9 3
27 -9 4
27 -9 5
27 -9 6
27 -9 7
27 -8 -8
27 -8 -7
27 -8 -6
27 -8 -5
27 -8 5
27 -8 6
27 -8 7
27 -8 8
27 -7 -9
27 -7 -8
27 -7 -7
27 -7 7
27 -7 8
27 -7 9
27 -6 -10
27 -6 -9
27 -6 -8
27 -6 8
27 -6 9
27 -6 10
27 -5 -10
27 -5 -9
27 -5 -8
27 -5 8
27 -5 9
27 -5 10
27 -4 -11
27 -4 -10
27 -4 -9
27 -4 9
27 -4 10
27 -4 11
27 -3 -11
27 -3 -10
27 -3 -9
27 -3 9
27 -3 10
27 -3 11
27 -2 -11
27 -2 -10
27 -2 10
27 -2 11
27 -1 -11
27 -1 -10
27 -1 10
27 -1 11
27 0 -11
27 0 -10
27 0 10
27 0 11
27 1 -11
27 1 -10
27 1 10
27 1 11
27 2 -11
27 2 -10
27 2 10
27 2 11
27 3 -11
27 3 -10
27 3 -9
27 3 9
27 3 10
27 3 11
27 4 -11
27 4 -10
27 4 -9
27 4 9
27 4 10
27 4 11
27 5 -10
27 5 -9
27 5 -8
27 5 8
27 5 9
27 5 10
27 6 -10
27 6 -9
27 6 -8
27 6 8
27 6 9
27 6 10
27 7 -9
27 7 -8
27 7 -7
27 7 7
27 7 8
27 7 9
27 8 -8
27 8 -7
27 8 -6
27 8 -5
27 8 5
27 8 6
27 8 7
27 8 8
27 9 -7
27 9 -6
27 9 -5
27 9 -4
27 9 -3
27 9 3
27 9 4
27 9 5
27 9 6
27 9 7
27 10 -6
27 10 -5
27 10 -4
27 10 -3
27 10 -2
27 10 -1
27 10 0
27 10 1
27 10 2
27 10 3
27 10 4
27 10 5
27 10 6
27 11 -4
27 11 -3
27 11 -2
27 11 -1
27 11 0
27 11 1
27 11 2
27 11 3
27 11 4
28 -9 -2
28 -9 -1
28 -9 0
28 -9 1
28 -9 2
28 -8 -4
28 -8 -3
28 -8 -2
28 -8 -1
28 -8 0
28 -8 1
28 -8 2
28 -8 3
28 -8 4
28 -7 -6
28 -7 -5
28 -7 -4
28 -7 -3
28 -7 -2
28 -7 -1
28 -7 0
28 -7 1
28 -7 2
28 -7 3
28 -7 4
28 -7 5
28 -7 6
28 -6 -7
28 -6 -6
28 -6 -5
28 -6 -4
28 -6 -3
28 -6 -2
28 -6 -1
28 -6 0
28 -6 1
28 -6 2
28 -6 3
28 -6 4
28 -6 5
28 -6 6
28 -6 7
28 -5 -7
28 -5 -6
28 -5 -5
28 -5 -4
28 -5 -3
28 -5 3
28 -5 4
28 -5 5
28 -5 6
28 -5 7
28 -4 -8
28 -4 -7
28 -4 -6
28 -4 -5
28 -4 -4
28 -4 4
28 -4 5
28 -4 6
28 -4 7
28 -4 8
28 -3 -8
28 -3 -7
28 -3 -6
28 -3 -5
28 -3 5
28 -3 6
28 -3 7
28 -3 8
28 -2 -9
28 -2 -8
28 -2 -7
28 -2 -6
28 -2 6
28 -2 7
28 -2 8
28 -2 9
28 -1 -9
28 -1 -8
28 -1 -7
28 -1 -6
28 -1 6
28 -1 7
28 -1 8
28 -1 9
28 0 -9
28 0 -8
28 0 -7
28 0 -6
28 0 6
28 0 7
28 0 8
28 0 9
28 1 -9
28 1 -8
28 1 -7
28 1 -6
28 1 6
28 1 7
28 1 8
28 1 9
28 2 -9
28 2 -8
28 2 -7
28 2 -6
28 2 6
28 2 7
28 2 8
28 2 9
28 3 -8
28 3 -7
28 3 -6
28 3 -5
28 3 5
28 3 6
28 3 7
28 3 8
28 4 -8
28 4 -7
28 4 -6
28 4 -5
28 4 -4
28 4 4
28 4 5
28 4 6
28 4 7
28 4 8
28 5 -7
28 5 -6
28 5 -5
28 5 -4
28 5 -3
28 5 3
28 5 4
28 5 5
28 5 6
28 5 7
28 6 -7
28 6 -6
28 6 -5
28 6 -4
28 6 -3
28 6 -2
28 6 -1
28 6 0
28 6 1
28 6 2
28 6 3
28 6 4
28 6 5
28 6 6
28 6 7
28 7 -6
28 7 -5
28 7 -4
28 7 -3
28 7 -2
28 7 -1
28 7 0
28 7 1
28 7 2
28 7 3
28 7 4
28 7 5
28 7 6
28 8 -4
28 8 -3
28 8 -2
28 8 -1
28 8 0
28 8 1
28 8 2
28 8 3
28 8 4
28 9 -2
28 9 -1
28 9 0
28 9 1
28 9 2
29 -5 -2
29 -5 -1
29 -5 0
29 -5 1
29 -5 2
29 -4 -3
29 -4 -2
29 -4 -1
29 -4 0
29 -4 1
29 -4 2
29 -4 3
29 -3 -4
29 -3 -3
29 -3 -2
29 -3 -1
29 -3 0
29 -3 1
29 -3 2
29 -3 3
29 -3 4
29 -2 -5
29 -2 -4
29 -2 -3
29 -2 -2
29 -2 -1
29 -2 0
29 -2 1
29 -2 2
29 -2 3
29 -2 4
29 -2 5
29 -1 -5
29 -1 -4
29 -1 -3
29 -1 -2
29 -1 -1
29 -1 0
29 -1 1
29 -1 2
29 -1 3
29 -1 4
29 -1 5
29 0 -5
29 0 -4
29 0 -3
29 0 -2
29 0 -1
29 0 0
29 0 1
29 0 2
29 0 3
29 0 4
29 0 5
29 1 -5
29 1 -4
29 1 -3
29 1 -2
29 1 -1
29 1 0
29 1 1
29 1 2
29 1 3
29 1 4
29 1 5
29 2 -5
29 2 -4
29 2 -3
29 2 -2
29 2 -1
29 2 0
29 2 1
29 2 2
29 2 3
29 2 4
29 2 5
29 3 -4
29 3 -3
29 3 -2
29 3 -1
29 3 0
29 3 1
29 3 2
29 3 3
29 3 4
29 4 -3
29 4 -2
29 4 -1
29 4 0
29 4 1
29 4 2
29 4 3
29 5 -2
29 5 -1
29 5 0
29 5 1
29 5 2
