-22 -4 -2
-22 -4 -1
-22 -4 0
-22 -4 1
-22 -4 2
-22 -3 -3
-22 -3 -2
-22 -3 -1
-22 -3 0
-22 -3 1
-22 -3 2
-22 -3 3
-22 -2 -4
-22 -2 -3
-22 -2 -2
-22 -2 -1
-22 -2 0
-22 -2 1
-22 -2 2
-22 -2 3
-22 -2 4
-22 -1 -4
-22 -1 -3
-22 -1 -2
-22 -1 -1
-22 -1 0
-22 -1 1
-22 -1 2
-22 -1 3
-22 -1 4
-22 0 -4
-22 0 -3
-22 0 -2
-22 0 -1
-22 0 0
-22 0 1
-22 0 2
-22 0 3
-22 0 4
-22 1 -4
-22 1 -3
-22 1 -2
-22 1 -1
-22 1 0
-22 1 1
-22 1 2
-22 1 3
-22 1 4
-22 2 -4
-22 2 -3
-22 2 -2
-22 2 -1
-22 2 0
-22 2 1
-22 2 2
-22 2 3
-22 2 4
-22 3 -3
-22 3 -2
-22 3 -1
-22 3 0
-22 3 1
-22 3 2
-22 3 3
-22 4 -2
-22 4 -1
-22 4 0
-22 4 1
-22 4 2
-21 -8 -1
-21 -8 0
-21 -8 1
-21 -7 -4
-21 -7 -3
-21 -7 -2
-21 -7 -1
-21 -7 0
-21 -7 1
-21 -7 2
-21 -7 3
-21 -7 4
-21 -6 -5
-21 -6 -4
-21 -6 -3
-21 -6 -2
-21 -6 -1
-21 -6 0
-21 -6 1
-21 -6 2
-21 -6 3
-21 -6 4
-21 -6 5
-21 -5 -6
-21 -5 -5
-21 -5 -4
-21 -5 -3
-21 -5 -2
-21 -5 -1
-21 -5 0
-21 -5 1
-21 -5 2
-21 -5 3
-21 -5 4
-21 -5 5
-21 -5 6
-21 -4 -7
-21 -4 -6
-21 -4 -5
-21 -4 -4
-21 -4 -3
-21 -4 3
-21 -4 4
-21 -4 5
-21 -4 6
-21 -4 7
-21 -3 -7
-21 -3 -6
-21 -3 -5
-21 -3 -4
-21 -3 4
-21 -3 5
-21 -3 6
-21 -3 7
-21 -2 -7
-21 -2 -6
-21 -2 -5
-21 -2 5
-21 -2 6
-21 -2 7
-21 -1 -8
-21 -1 -7
-21 -1 -6
-21 -1 -5
-21 -1 5
-21 -1 6
-21 -1 7
-21 -1 8
-21 0 -8
-21 0 -7
-21 0 -6
-21 0 -5
-21 0 5
-21 0 6
-21 0 7
-21 0 8
-21 1 -8
-21 1 -7
-21 1 -6
-21 1 -5
-21 1 5
-21 1 6
-21 1 7
-21 1 8
-21 2 -7
-21 2 -6
-21 2 -5
-21 2 5
-21 2 6
-21 2 7
-21 3 -7
-21 3 -6
-21 3 -5
-21 3 -4
-21 3 4
-21 3 5
-21 3 6
-21 3 7
-21 4 -7
-21 4 -6
-21 4 -5
-21 4 -4
-21 4 -3
-21 4 3
-21 4 4
-21 4 5
-21 4 6
-21 4 7
-21 5 -6
-21 5 -5
-21 5 -4
-21 5 -3
-21 5 -2
-21 5 -1
-21 5 0
-21 5 1
-21 5 2
-21 5 3
-21 5 4
-21 5 5
-21 5 6
-21 6 -5
-21 6 -4
-21 6 -3
-21 6 -2
-21 6 -1
-21 6 0
-21 6 1
-21 6 2
-21 6 3
-21 6 4
-21 6 5
-21 7 -4
-21 7 -3
-21 7 -2
-21 7 -1
-21 7 0
-21 7 1
-21 7 2
-21 7 3
-21 7 4
-21 8 -1
-21 8 0
-21 8 1
-20 -10 -2
-20 -10 -1
-20 -10 0
-20 -10 1
-20 -10 2
-20 -9 -5
-20 -9 -4
-20 -9 -3
-20 -9 -2
-20 -9 -1
-20 -9 0
-20 -9 1
-20 -9 2
-20 -9 3
-20 -9 4
-20 -9 5
-20 -8 -6
-20 -8 -5
-20 -8 -4
-20 -8 -3
-20 -8 -2
-20 -8 2
-20 -8 3
-20 -8 4
-20 -8 5
-20 -8 6
-20 -7 -7
-20 -7 -6
-20 -7 -5
-20 -7 5
-20 -7 6
-20 -7 7
-20 -6 -8
-20 -6 -7
-20 -6 -6
-20 -6 6
-20 -6 7
-20 -6 8
-20 -5 -9
-20 -5 -8
-20 -5 -7
-20 -5 7
-20 -5 8
-20 -5 9
-20 -4 -9
-20 -4 -8
-20 -4 8
-20 -4 9
-20 -3 -9
-20 -3 -8
-20 -3 8
-20 -3 9
-20 -2 -10
-20 -2 -9
-20 -2 -8
-20 -2 8
-20 -2 9
-20 -2 10
-20 -1 -10
-20 -1 -9
-20 -1 9
-20 -1 10
-20 0 -10
-20 0 -9
-20 0 9
-20 0 10
-20 1 -10
-20 1 -9
-20 1 9
-20 1 10
-20 2 -10
-20 2 -9
-20 2 -8
-20 2 8
-20 2 9
-20 2 10
-20 3 -9
-20 3 -8
-20 3 8
-20 3 9
-20 4 -9
-20 4 -8
-20 4 8
-20 4 9
-20 5 -9
-20 5 -8
-20 5 -7
-20 5 7
-20 5 8
-20 5 9
-20 6 -8
-20 6 -7
-20 6 -6
-20 6 6
-20 6 7
-20 6 8
-20 7 -7
-20 7 -6
-20 7 -5
-20 7 5
-20 7 6
-20 7 7
-20 8 -6
-20 8 -5
-20 8 -4
-20 8 -3
-20 8 -2
-20 8 2
-20 8 3
-20 8 4
-20 8 5
-20 8 6
-20 9 -5
-20 9 -4
-20 9 -3
-20 9 -2
-20 9 -1
-20 9 0
-20 9 1
-20 9 2
-20 9 3
-20 9 4
-20 9 5
-20 10 -2
-20 10 -1
-20 10 0
-20 10 1
-20 10 2
-19 -12 -1
-19 -12 0
-19 -12 1
-19 -11 -4
-19 -11 -3
-19 -11 -2
-19 -11 -1
-19 -11 0
-19 -11 1
-19 -11 2
-19 -11 3
-19 -11 4
-19 -10 -6
-19 -10 -5
-19 -10 -4
-19 -10 -3
-19 -10 3
-19 -10 4
-19 -10 5
-19 -10 6
-19 -9 -8
-19 -9 -7
-19 -9 -6
-19 -9 6
-19 -9 7
-19 -9 8
-19 -8 -9
-19 -8 -8
-19 -8 -7
-19 -8 7
-19 -8 8
-19 -8 9
-19 -7 -9
-19 -7 -8
-19 -7 8
-19 -7 9
-19 -6 -10
-19 -6 -9
-19 -6 9
-19 -6 10
-19 -5 -10
-19 -5 10
-19 -4 -11
-19 -4 -10
-19 -4 10
-19 -4 11
-19 -3 -11
-19 -3 -10
-19 -3 10
-19 -3 11
-19 -2 -11
-19 -2 11
-19 -1 -12
-19 -1 -11
-19 -1 11
-19 -1 12
-19 0 -12
-19 0 -11
-19 0 11
-19 0 12
-19 1 -12
-19 1 -11
-19 1 11
-19 1 12
-19 2 -11
-19 2 11
-19 3 -11
-19 3 -10
-19 3 10
-19 3 11
-19 4 -11
-19 4 -10
-19 4 10
-19 4 11
-19 5 -10
-19 5 10
-19 6 -10
-19 6 -9
-19 6 9
-19 6 10
-19 7 -9
-19 7 -8
-19 7 8
-19 7 9
-19 8 -9
-19 8 -8
-19 8 -7
-19 8 7
-19 8 8
-19 8 9
-19 9 -8
-19 9 -7
-19 9 -6
-19 9 6
-19 9 7
-19 9 8
-19 10 -6
-19 10 -5
-19 10 -4
-19 10 -3
-19 10 3
-19 10 4
-19 10 5
-19 10 6
-19 11 -4
-19 11 -3
-19 11 -2
-19 11 -1
-19 11 0
-19 11 1
-19 11 2
-19 11 3
-19 11 4
-19 12 -1
-19 12 0
-19 12 1
-18 -13 -3
-18 -13 -2
-18 -13 -1
-18 -13 0
-18 -13 1
-18 -13 2
-18 -13 3
-18 -12 -6
-18 -12 -5
-18 -12 -4
-18 -12 -3
-18 -12 -2
-18 -12 2
-18 -12 3
-18 -12 4
-18 -12 5
-18 -12 6
-18 -11 -7
-18 -11 -6
-18 -11 -5
-18 -11 5
-18 -11 6
-18 -11 7
-18 -10 -9
-18 -10 -8
-18 -10 -7
-18 -10 7
-18 -10 8
-18 -10 9
-18 -9 -10
-18 -9 -9
-18 -9 9
-18 -9 10
-18 -8 -10
-18 -8 10
-18 -7 -11
-18 -7 -10
-18 -7 10
-18 -7 11
-18 -6 -12
-18 -6 -11
-18 -6 11
-18 -6 12
-18 -5 -12
-18 -5 -11
-18 -5 11
-18 -5 12
-18 -4 -12
-18 -4 12
-18 -3 -13
-18 -3 -12
-18 -3 12
-18 -3 13
-18 -2 -13
-18 -2 -12
-18 -2 12
-18 -2 13
-18 -1 -13
-18 -1 13
-18 0 -13
-18 0 13
-18 1 -13
-18 1 13
-18 2 -13
-18 2 -12
-18 2 12
-18 2 13
-18 3 -13
-18 3 -12
-18 3 12
-18 3 13
-18 4 -12
-18 4 12
-18 5 -12
-18 5 -11
-18 5 11
-18 5 12
-18 6 -12
-18 6 -11
-18 6 11
-18 6 12
-18 7 -11
-18 7 -10
-18 7 10
-18 7 11
-18 8 -10
-18 8 10
-18 9 -10
-18 9 -9
-18 9 9
-18 9 10
-18 10 -9
-18 10 -8
-18 10 -7
-18 10 7
-18 10 8
-18 10 9
-18 11 -7
-18 11 -6
-18 11 -5
-18 11 5
-18 11 6
-18 11 7
-18 12 -6
-18 12 -5
-18 12 -4
-18 12 -3
-18 12 -2
-18 12 2
-18 12 3
-18 12 4
-18 12 5
-18 12 6
-18 13 -3
-18 13 -2
-18 13 -1
-18 13 0
-18 13 1
-18 13 2
-18 13 3
-17 -14 -4
-17 -14 -3
-17 -14 -2
-17 -14 -1
-17 -14 0
-17 -14 1
-17 -14 2
-17 -14 3
-17 -14 4
-17 -13 -6
-17 -13 -5
-17 -13 -4
-17 -13 4
-17 -13 5
-17 -13 6
-17 -12 -8
-17 -12 -7
-17 -12 7
-17 -12 8
-17 -11 -9
-17 -11 -8
-17 -11 8
-17 -11 9
-17 -10 -10
-17 -10 10
-17 -9 -11
-17 -9 11
-17 -8 -12
-17 -8 -11
-17 -8 11
-17 -8 12
-17 -7 -12
-17 -7 12
-17 -6 -13
-17 -6 13
-17 -5 -13
-17 -5 13
-17 -4 -14
-17 -4 -13
-17 -4 13
-17 -4 14
-17 -3 -14
-17 -3 14
-17 -2 -14
-17 -2 14
-17 -1 -14
-17 -1 14
-17 0 -14
-17 0 14
-17 1 -14
-17 1 14
-17 2 -14
-17 2 14
-17 3 -14
-17 3 14
-17 4 -14
-17 4 -13
-17 4 13
-17 4 14
-17 5 -13
-17 5 13
-17 6 -13
-17 6 13
-17 7 -12
-17 7 12
-17 8 -12
-17 8 -11
-17 8 11
-17 8 12
-17 9 -11
-17 9 11
-17 10 -10
-17 10 10
-17 11 -9
-17 11 -8
-17 11 8
-17 11 9
-17 12 -8
-17 12 -7
-17 12 7
-17 12 8
-17 13 -6
-17 13 -5
-17 13 -4
-17 13 4
-17 13 5
-17 13 6
-17 14 -4
-17 14 -3
-17 14 -2
-17 14 -1
-17 14 0
-17 14 1
-17 14 2
-17 14 3
-17 14 4
-16 -15 -5
-16 -15 -4
-16 -15 -3
-16 -15 -2
-16 -15 -1
-16 -15 0
-16 -15 1
-16 -15 2
-16 -15 3
-16 -15 4
-16 -15 5
-16 -14 -7
-16 -14 -6
-16 -14 -5
-16 -14 5
-16 -14 6
-16 -14 7
-16 -13 -9
-16 -13 -8
-16 -13 -7
-16 -13 7
-16 -13 8
-16 -13 9
-16 -12 -10
-16 -12 -9
-16 -12 9
-16 -12 10
-16 -11 -11
-16 -11 -10
-16 -11 10
-16 -11 11
-16 -10 -12
-16 -10 -11
-16 -10 11
-16 -10 12
-16 -9 -13
-16 -9 -12
-16 -9 12
-16 -9 13
-16 -8 -13
-16 -8 13
-16 -7 -14
-16 -7 -13
-16 -7 13
-16 -7 14
-16 -6 -14
-16 -6 14
-16 -5 -15
-16 -5 -14
-16 -5 14
-16 -5 15
-16 -4 -15
-16 -4 15
-16 -3 -15
-16 -3 15
-16 -2 -15
-16 -2 15
-16 -1 -15
-16 -1 15
-16 0 -15
-16 0 15
-16 1 -15
-16 1 15
-16 2 -15
-16 2 15
-16 3 -15
-16 3 15
-16 4 -15
-16 4 15
-16 5 -15
-16 5 -14
-16 5 14
-16 5 15
-16 6 -14
-16 6 14
-16 7 -14
-16 7 -13
-16 7 13
-16 7 14
-16 8 -13
-16 8 13
-16 9 -13
-16 9 -12
-16 9 12
-16 9 13
-16 10 -12
-16 10 -11
-16 10 11
-16 10 12
-16 11 -11
-16 11 -10
-16 11 10
-16 11 11
-16 12 -10
-16 12 -9
-16 12 9
-16 12 10
-16 13 -9
-16 13 -8
-16 13 -7
-16 13 7
-16 13 8
-16 13 9
-16 14 -7
-16 14 -6
-16 14 -5
-16 14 5
-16 14 6
-16 14 7
-16 15 -5
-16 15 -4
-16 15 -3
-16 15 -2
-16 15 -1
-16 15 0
-16 15 1
-16 15 2
-16 15 3
-16 15 4
-16 15 5
-15 -16 -5
-15 -16 -4
-15 -16 -3
-15 -16 -2
-15 -16 -1
-15 -16 0
-15 -16 1
-15 -16 2
-15 -16 3
-15 -16 4
-15 -16 5
-15 -15 -7
-15 -15 -6
-15 -15 6
-15 -15 7
-15 -14 -9
-15 -14 -8
-15 -14 8
-15 -14 9
-15 -13 -10
-15 -13 10
-15 -12 -11
-15 -12 11
-15 -11 -12
-15 -11 12
-15 -10 -13
-15 -10 13
-15 -9 -14
-15 -9 14
-15 -8 -14
-15 -8 14
-15 -7 -15
-15 -7 15
-15 -6 -15
-15 -6 15
-15 -5 -16
-15 -5 16
-15 -4 -16
-15 -4 16
-15 -3 -16
-15 -3 16
-15 -2 -16
-15 -2 16
-15 -1 -16
-15 -1 16
-15 0 -16
-15 0 16
-15 1 -16
-15 1 16
-15 2 -16
-15 2 16
-15 3 -16
-15 3 16
-15 4 -16
-15 4 16
-15 5 -16
-15 5 16
-15 6 -15
-15 6 15
-15 7 -15
-15 7 15
-15 8 -14
-15 8 14
-15 9 -14
-15 9 14
-15 10 -13
-15 10 13
-15 11 -12
-15 11 12
-15 12 -11
-15 12 11
-15 13 -10
-15 13 10
-15 14 -9
-15 14 -8
-15 14 8
-15 14 9
-15 15 -7
-15 15 -6
-15 15 6
-15 15 7
-15 16 -5
-15 16 -4
-15 16 -3
-15 16 -2
-15 16 -1
-15 16 0
-15 16 1
-15 16 2
-15 16 3
-15 16 4
-15 16 5
-14 -17 -4
-14 -17 -3
-14 -17 -2
-14 -17 -1
-14 -17 0
-14 -17 1
-14 -17 2
-14 -17 3
-14 -17 4
-14 -16 -7
-14 -16 -6
-14 -16 -5
-14 -16 5
-14 -16 6
-14 -16 7
-14 -15 -9
-14 -15 -8
-14 -15 8
-14 -15 9
-14 -14 -10
-14 -14 10
-14 -13 -11
-14 -13 11
-14 -12 -12
-14 -12 12
-14 -11 -13
-14 -11 13
-14 -10 -14
-14 -10 14
-14 -9 -15
-14 -9 15
-14 -8 -15
-14 -8 15
-14 -7 -16
-14 -7 16
-14 -6 -16
-14 -6 16
-14 -5 -16
-14 -5 16
-14 -4 -17
-14 -4 17
-14 -3 -17
-14 -3 17
-14 -2 -17
-14 -2 17
-14 -1 -17
-14 -1 17
-14 0 -17
-14 0 17
-14 1 -17
-14 1 17
-14 2 -17
-14 2 17
-14 3 -17
-14 3 17
-14 4 -17
-14 4 17
-14 5 -16
-14 5 16
-14 6 -16
-14 6 16
-14 7 -16
-14 7 16
-14 8 -15
-14 8 15
-14 9 -15
-14 9 15
-14 10 -14
-14 10 14
-14 11 -13
-14 11 13
-14 12 -12
-14 12 12
-14 13 -11
-14 13 11
-14 14 -10
-14 14 10
-14 15 -9
-14 15 -8
-14 15 8
-14 15 9
-14 16 -7
-14 16 -6
-14 16 -5
-14 16 5
-14 16 6
-14 16 7
-14 17 -4
-14 17 -3
-14 17 -2
-14 17 -1
-14 17 0
-14 17 1
-14 17 2
-14 17 3
-14 17 4
-13 -18 -3
-13 -18 -2
-13 -18 -1
-13 -18 0
-13 -18 1
-13 -18 2
-13 -18 3
-13 -17 -6
-13 -17 -5
-13 -17 -4
-13 -17 4
-13 -17 5
-13 -17 6
-13 -16 -9
-13 -16 -8
-13 -16 -7
-13 -16 7
-13 -16 8
-13 -16 9
-13 -15 -10
-13 -15 10
-13 -14 -11
-13 -14 11
-13 -13 -12
-13 -13 12
-13 -12 -13
-13 -12 13
-13 -11 -14
-13 -11 14
-13 -10 -15
-13 -10 15
-13 -9 -16
-13 -9 16
-13 -8 -16
-13 -8 16
-13 -7 -16
-13 -7 16
-13 -6 -17
-13 -6 17
-13 -5 -17
-13 -5 17
-13 -4 -17
-13 -4 17
-13 -3 -18
-13 -3 18
-13 -2 -18
-13 -2 18
-13 -1 -18
-13 -1 18
-13 0 -18
-13 0 18
-13 1 -18
-13 1 18
-13 2 -18
-13 2 18
-13 3 -18
-13 3 18
-13 4 -17
-13 4 17
-13 5 -17
-13 5 17
-13 6 -17
-13 6 17
-13 7 -16
-13 7 16
-13 8 -16
-13 8 16
-13 9 -16
-13 9 16
-13 10 -15
-13 10 15
-13 11 -14
-13 11 14
-13 12 -13
-13 12 13
-13 13 -12
-13 13 12
-13 14 -11
-13 14 11
-13 15 -10
-13 15 10
-13 16 -9
-13 16 -8
-13 16 -7
-13 16 7
-13 16 8
-13 16 9
-13 17 -6
-13 17 -5
-13 17 -4
-13 17 4
-13 17 5
-13 17 6
-13 18 -3
-13 18 -2
-13 18 -1
-13 18 0
-13 18 1
-13 18 2
-13 18 3
-12 -19 -1
-12 -19 0
-12 -19 1
-12 -18 -6
-12 -18 -5
-12 -18 -4
-12 -18 -3
-12 -18 -2
-12 -18 2
-12 -18 3
-12 -18 4
-12 -18 5
-12 -18 6
-12 -17 -8
-12 -17 -7
-12 -17 7
-12 -17 8
-12 -16 -10
-12 -16 -9
-12 -16 9
-12 -16 10
-12 -15 -11
-12 -15 11
-12 -14 -12
-12 -14 12
-12 -13 -13
-12 -13 13
-12 -12 -14
-12 -12 14
-12 -11 -15
-12 -11 15
-12 -10 -16
-12 -10 16
-12 -9 -16
-12 -9 16
-12 -8 -17
-12 -8 17
-12 -7 -17
-12 -7 17
-12 -6 -18
-12 -6 18
-12 -5 -18
-12 -5 18
-12 -4 -18
-12 -4 18
-12 -3 -18
-12 -3 18
-12 -2 -18
-12 -2 18
-12 -1 -19
-12 -1 19
-12 0 -19
-12 0 19
-12 1 -19
-12 1 19
-12 2 -18
-12 2 18
-12 3 -18
-12 3 18
-12 4 -18
-12 4 18
-12 5 -18
-12 5 18
-12 6 -18
-12 6 18
-12 7 -17
-12 7 17
-12 8 -17
-12 8 17
-12 9 -16
-12 9 16
-12 10 -16
-12 10 16
-12 11 -15
-12 11 15
-12 12 -14
-12 12 14
-12 13 -13
-12 13 13
-12 14 -12
-12 14 12
-12 15 -11
-12 15 11
-12 16 -10
-12 16 -9
-12 16 9
-12 16 10
-12 17 -8
-12 17 -7
-12 17 7
-12 17 8
-12 18 -6
-12 18 -5
-12 18 -4
-12 18 -3
-12 18 -2
-12 18 2
-12 18 3
-12 18 4
-12 18 5
-12 18 6
-12 19 -1
-12 19 0
-12 19 1
-11 -19 -4
-11 -19 -3
-11 -19 -2
-11 -19 -1
-11 -19 0
-11 -19 1
-11 -19 2
-11 -19 3
-11 -19 4
-11 -18 -7
-11 -18 -6
-11 -18 -5
-11 -18 5
-11 -18 6
-11 -18 7
-11 -17 -9
-11 -17 -8
-11 -17 8
-11 -17 9
-11 -16 -11
-11 -16 -10
-11 -16 10
-11 -16 11
-11 -15 -12
-11 -15 12
-11 -14 -13
-11 -14 13
-11 -13 -14
-11 -13 14
-11 -12 -15
-11 -12 15
-11 -11 -16
-11 -11 16
-11 -10 -16
-11 -10 16
-11 -9 -17
-11 -9 17
-11 -8 -17
-11 -8 17
-11 -7 -18
-11 -7 18
-11 -6 -18
-11 -6 18
-11 -5 -18
-11 -5 18
-11 -4 -19
-11 -4 19
-11 -3 -19
-11 -3 19
-11 -2 -19
-11 -2 19
-11 -1 -19
-11 -1 19
-11 0 -19
-11 0 19
-11 1 -19
-11 1 19
-11 2 -19
-11 2 19
-11 3 -19
-11 3 19
-11 4 -19
-11 4 19
-11 5 -18
-11 5 18
-11 6 -18
-11 6 18
-11 7 -18
-11 7 18
-11 8 -17
-11 8 17
-11 9 -17
-11 9 17
-11 10 -16
-11 10 16
-11 11 -16
-11 11 16
-11 12 -15
-11 12 15
-11 13 -14
-11 13 14
-11 14 -13
-11 14 13
-11 15 -12
-11 15 12
-11 16 -11
-11 16 -10
-11 16 10
-11 16 11
-11 17 -9
-11 17 -8
-11 17 8
-11 17 9
-11 18 -7
-11 18 -6
-11 18 -5
-11 18 5
-11 18 6
-11 18 7
-11 19 -4
-11 19 -3
-11 19 -2
-11 19 -1
-11 19 0
-11 19 1
-11 19 2
-11 19 3
-11 19 4
-10 -20 -2
-10 -20 -1
-10 -20 0
-10 -20 1
-10 -20 2
-10 -19 -6
-10 -19 -5
-10 -19 -4
-10 -19 -3
-10 -19 3
-10 -19 4
-10 -19 5
-10 -19 6
-10 -18 -9
-10 -18 -8
-10 -18 -7
-10 -18 7
-10 -18 8
-10 -18 9
-10 -17 -10
-10 -17 10
-10 -16 -12
-10 -16 -11
-10 -16 11
-10 -16 12
-10 -15 -13
-10 -15 13
-10 -14 -14
-10 -14 14
-10 -13 -15
-10 -13 15
-10 -12 -16
-10 -12 16
-10 -11 -16
-10 -11 16
-10 -10 -17
-10 -10 17
-10 -9 -18
-10 -9 18
-10 -8 -18
-10 -8 18
-10 -7 -18
-10 -7 18
-10 -6 -19
-10 -6 19
-10 -5 -19
-10 -5 19
-10 -4 -19
-10 -4 19
-10 -3 -19
-10 -3 19
-10 -2 -20
-10 -2 20
-10 -1 -20
-10 -1 20
-10 0 -20
-10 0 20
-10 1 -20
-10 1 20
-10 2 -20
-10 2 20
-10 3 -19
-10 3 19
-10 4 -19
-10 4 19
-10 5 -19
-10 5 19
-10 6 -19
-10 6 19
-10 7 -18
-10 7 18
-10 8 -18
-10 8 18
-10 9 -18
-10 9 18
-10 10 -17
-10 10 17
-10 11 -16
-10 11 16
-10 12 -16
-10 12 16
-10 13 -15
-10 13 15
-10 14 -14
-10 14 14
-10 15 -13
-10 15 13
-10 16 -12
-10 16 -11
-10 16 11
-10 16 12
-10 17 -10
-10 17 10
-10 18 -9
-10 18 -8
-10 18 -7
-10 18 7
-10 18 8
-10 18 9
-10 19 -6
-10 19 -5
-10 19 -4
-10 19 -3
-10 19 3
-10 19 4
-10 19 5
-10 19 6
-10 20 -2
-10 20 -1
-10 20 0
-10 20 1
-10 20 2
-9 -20 -5
-9 -20 -4
-9 -20 -3
-9 -20 -2
-9 -20 -1
-9 -20 0
-9 -20 1
-9 -20 2
-9 -20 3
-9 -20 4
-9 -20 5
-9 -19 -8
-9 -19 -7
-9 -19 -6
-9 -19 6
-9 -19 7
-9 -19 8
-9 -18 -10
-9 -18 -9
-9 -18 9
-9 -18 10
-9 -17 -11
-9 -17 11
-9 -16 -13
-9 -16 -12
-9 -16 12
-9 -16 13
-9 -15 -14
-9 -15 14
-9 -14 -15
-9 -14 15
-9 -13 -16
-9 -13 16
-9 -12 -16
-9 -12 16
-9 -11 -17
-9 -11 17
-9 -10 -18
-9 -10 18
-9 -9 -18
-9 -9 18
-9 -8 -19
-9 -8 19
-9 -7 -19
-9 -7 19
-9 -6 -19
-9 -6 19
-9 -5 -20
-9 -5 20
-9 -4 -20
-9 -4 20
-9 -3 -20
-9 -3 20
-9 -2 -20
-9 -2 20
-9 -1 -20
-9 -1 20
-9 0 -20
-9 0 20
-9 1 -20
-9 1 20
-9 2 -20
-9 2 20
-9 3 -20
-9 3 20
-9 4 -20
-9 4 20
-9 5 -20
-9 5 20
-9 6 -19
-9 6 19
-9 7 -19
-9 7 19
-9 8 -19
-9 8 19
-9 9 -18
-9 9 18
-9 10 -18
-9 10 18
-9 11 -17
-9 11 17
-9 12 -16
-9 12 16
-9 13 -16
-9 13 16
-9 14 -15
-9 14 15
-9 15 -14
-9 15 14
-9 16 -13
-9 16 -12
-9 16 12
-9 16 13
-9 17 -11
-9 17 11
-9 18 -10
-9 18 -9
-9 18 9
-9 18 10
-9 19 -8
-9 19 -7
-9 19 -6
-9 19 6
-9 19 7
-9 19 8
-9 20 -5
-9 20 -4
-9 20 -3
-9 20 -2
-9 20 -1
-9 20 0
-9 20 1
-9 20 2
-9 20 3
-9 20 4
-9 20 5
-8 -21 -1
-8 -21 0
-8 -21 1
-8 -20 -6
-8 -20 -5
-8 -20 -4
-8 -20 -3
-8 -20 -2
-8 -20 2
-8 -20 3
-8 -20 4
-8 -20 5
-8 -20 6
-8 -19 -9
-8 -19 -8
-8 -19 -7
-8 -19 7
-8 -19 8
-8 -19 9
-8 -18 -10
-8 -18 10
-8 -17 -12
-8 -17 -11
-8 -17 11
-8 -17 12
-8 -16 -13
-8 -16 13
-8 -15 -14
-8 -15 14
-8 -14 -15
-8 -14 15
-8 -13 -16
-8 -13 16
-8 -12 -17
-8 -12 17
-8 -11 -17
-8 -11 17
-8 -10 -18
-8 -10 18
-8 -9 -19
-8 -9 19
-8 -8 -19
-8 -8 19
-8 -7 -19
-8 -7 19
-8 -6 -20
-8 -6 20
-8 -5 -20
-8 -5 20
-8 -4 -20
-8 -4 20
-8 -3 -20
-8 -3 20
-8 -2 -20
-8 -2 20
-8 -1 -21
-8 -1 21
-8 0 -21
-8 0 21
-8 1 -21
-8 1 21
-8 2 -20
-8 2 20
-8 3 -20
-8 3 20
-8 4 -20
-8 4 20
-8 5 -20
-8 5 20
-8 6 -20
-8 6 20
-8 7 -19
-8 7 19
-8 8 -19
-8 8 19
-8 9 -19
-8 9 19
-8 10 -18
-8 10 18
-8 11 -17
-8 11 17
-8 12 -17
-8 12 17
-8 13 -16
-8 13 16
-8 14 -15
-8 14 15
-8 15 -14
-8 15 14
-8 16 -13
-8 16 13
-8 17 -12
-8 17 -11
-8 17 11
-8 17 12
-8 18 -10
-8 18 10
-8 19 -9
-8 19 -8
-8 19 -7
-8 19 7
-8 19 8
-8 19 9
-8 20 -6
-8 20 -5
-8 20 -4
-8 20 -3
-8 20 -2
-8 20 2
-8 20 3
-8 20 4
-8 20 5
-8 20 6
-8 21 -1
-8 21 0
-8 21 1
-7 -21 -4
-7 -21 -3
-7 -21 -2
-7 -21 -1
-7 -21 0
-7 -21 1
-7 -21 2
-7 -21 3
-7 -21 4
-7 -20 -7
-7 -20 -6
-7 -20 -5
-7 -20 5
-7 -20 6
-7 -20 7
-7 -19 -9
-7 -19 -8
-7 -19 8
-7 -19 9
-7 -18 -11
-7 -18 -10
-7 -18 10
-7 -18 11
-7 -17 -12
-7 -17 12
-7 -16 -14
-7 -16 -13
-7 -16 13
-7 -16 14
-7 -15 -15
-7 -15 15
-7 -14 -16
-7 -14 16
-7 -13 -16
-7 -13 16
-7 -12 -17
-7 -12 17
-7 -11 -18
-7 -11 18
-7 -10 -18
-7 -10 18
-7 -9 -19
-7 -9 19
-7 -8 -19
-7 -8 19
-7 -7 -20
-7 -7 20
-7 -6 -20
-7 -6 20
-7 -5 -20
-7 -5 20
-7 -4 -21
-7 -4 21
-7 -3 -21
-7 -3 21
-7 -2 -21
-7 -2 21
-7 -1 -21
-7 -1 21
-7 0 -21
-7 0 21
-7 1 -21
-7 1 21
-7 2 -21
-7 2 21
-7 3 -21
-7 3 21
-7 4 -21
-7 4 21
-7 5 -20
-7 5 20
-7 6 -20
-7 6 20
-7 7 -20
-7 7 20
-7 8 -19
-7 8 19
-7 9 -19
-7 9 19
-7 10 -18
-7 10 18
-7 11 -18
-7 11 18
-7 12 -17
-7 12 17
-7 13 -16
-7 13 16
-7 14 -16
-7 14 16
-7 15 -15
-7 15 15
-7 16 -14
-7 16 -13
-7 16 13
-7 16 14
-7 17 -12
-7 17 12
-7 18 -11
-7 18 -10
-7 18 10
-7 18 11
-7 19 -9
-7 19 -8
-7 19 8
-7 19 9
-7 20 -7
-7 20 -6
-7 20 -5
-7 20 5
-7 20 6
-7 20 7
-7 21 -4
-7 21 -3
-7 21 -2
-7 21 -1
-7 21 0
-7 21 1
-7 21 2
-7 21 3
-7 21 4
-6 -21 -5
-6 -21 -4
-6 -21 -3
-6 -21 -2
-6 -21 -1
-6 -21 0
-6 -21 1
-6 -21 2
-6 -21 3
-6 -21 4
-6 -21 5
-6 -20 -8
-6 -20 -7
-6 -20 -6
-6 -20 6
-6 -20 7
-6 -20 8
-6 -19 -10
-6 -19 -9
-6 -19 9
-6 -19 10
-6 -18 -12
-6 -18 -11
-6 -18 11
-6 -18 12
-6 -17 -13
-6 -17 13
-6 -16 -14
-6 -16 14
-6 -15 -15
-6 -15 15
-6 -14 -16
-6 -14 16
-6 -13 -17
-6 -13 17
-6 -12 -18
-6 -12 18
-6 -11 -18
-6 -11 18
-6 -10 -19
-6 -10 19
-6 -9 -19
-6 -9 19
-6 -8 -20
-6 -8 20
-6 -7 -20
-6 -7 20
-6 -6 -20
-6 -6 20
-6 -5 -21
-6 -5 21
-6 -4 -21
-6 -4 21
-6 -3 -21
-6 -3 21
-6 -2 -21
-6 -2 21
-6 -1 -21
-6 -1 21
-6 0 -21
-6 0 21
-6 1 -21
-6 1 21
-6 2 -21
-6 2 21
-6 3 -21
-6 3 21
-6 4 -21
-6 4 21
-6 5 -21
-6 5 21
-6 6 -20
-6 6 20
-6 7 -20
-6 7 20
-6 8 -20
-6 8 20
-6 9 -19
-6 9 19
-6 10 -19
-6 10 19
-6 11 -18
-6 11 18
-6 12 -18
-6 12 18
-6 13 -17
-6 13 17
-6 14 -16
-6 14 16
-6 15 -15
-6 15 15
-6 16 -14
-6 16 14
-6 17 -13
-6 17 13
-6 18 -12
-6 18 -11
-6 18 11
-6 18 12
-6 19 -10
-6 19 -9
-6 19 9
-6 19 10
-6 20 -8
-6 20 -7
-6 20 -6
-6 20 6
-6 20 7
-6 20 8
-6 21 -5
-6 21 -4
-6 21 -3
-6 21 -2
-6 21 -1
-6 21 0
-6 21 1
-6 21 2
-6 21 3
-6 21 4
-6 21 5
-5 -21 -6
-5 -21 -5
-5 -21 -4
-5 -21 -3
-5 -21 -2
-5 -21 -1
-5 -21 0
-5 -21 1
-5 -21 2
-5 -21 3
-5 -21 4
-5 -21 5
-5 -21 6
-5 -20 -9
-5 -20 -8
-5 -20 -7
-5 -20 7
-5 -20 8
-5 -20 9
-5 -19 -10
-5 -19 10
-5 -18 -12
-5 -18 -11
-5 -18 11
-5 -18 12
-5 -17 -13
-5 -17 13
-5 -16 -15
-5 -16 -14
-5 -16 14
-5 -16 15
-5 -15 -16
-5 -15 16
-5 -14 -16
-5 -14 16
-5 -13 -17
-5 -13 17
-5 -12 -18
-5 -12 18
-5 -11 -18
-5 -11 18
-5 -10 -19
-5 -10 19
-5 -9 -20
-5 -9 20
-5 -8 -20
-5 -8 20
-5 -7 -20
-5 -7 20
-5 -6 -21
-5 -6 21
-5 -5 -21
-5 -5 21
-5 -4 -21
-5 -4 21
-5 -3 -21
-5 -3 21
-5 -2 -21
-5 -2 21
-5 -1 -21
-5 -1 21
-5 0 -21
-5 0 21
-5 1 -21
-5 1 21
-5 2 -21
-5 2 21
-5 3 -21
-5 3 21
-5 4 -21
-5 4 21
-5 5 -21
-5 5 21
-5 6 -21
-5 6 21
-5 7 -20
-5 7 20
-5 8 -20
-5 8 20
-5 9 -20
-5 9 20
-5 10 -19
-5 10 19
-5 11 -18
-5 11 18
-5 12 -18
-5 12 18
-5 13 -17
-5 13 17
-5 14 -16
-5 14 16
-5 15 -16
-5 15 16
-5 16 -15
-5 16 -14
-5 16 14
-5 16 15
-5 17 -13
-5 17 13
-5 18 -12
-5 18 -11
-5 18 11
-5 18 12
-5 19 -10
-5 19 10
-5 20 -9
-5 20 -8
-5 20 -7
-5 20 7
-5 20 8
-5 20 9
-5 21 -6
-5 21 -5
-5 21 -4
-5 21 -3
-5 21 -2
-5 21 -1
-5 21 0
-5 21 1
-5 21 2
-5 21 3
-5 21 4
-5 21 5
-5 21 6
-4 -22 -2
-4 -22 -1
-4 -22 0
-4 -22 1
-4 -22 2
-4 -21 -7
-4 -21 -6
-4 -21 -5
-4 -21 -4
-4 -21 -3
-4 -21 3
-4 -21 4
-4 -21 5
-4 -21 6
-4 -21 7
-4 -20 -9
-4 -20 -8
-4 -20 8
-4 -20 9
-4 -19 -11
-4 -19 -10
-4 -19 10
-4 -19 11
-4 -18 -12
-4 -18 12
-4 -17 -14
-4 -17 -13
-4 -17 13
-4 -17 14
-4 -16 -15
-4 -16 15
-4 -15 -16
-4 -15 16
-4 -14 -17
-4 -14 17
-4 -13 -17
-4 -13 17
-4 -12 -18
-4 -12 18
-4 -11 -19
-4 -11 19
-4 -10 -19
-4 -10 19
-4 -9 -20
-4 -9 20
-4 -8 -20
-4 -8 20
-4 -7 -21
-4 -7 21
-4 -6 -21
-4 -6 21
-4 -5 -21
-4 -5 21
-4 -4 -21
-4 -4 21
-4 -3 -21
-4 -3 21
-4 -2 -22
-4 -2 22
-4 -1 -22
-4 -1 22
-4 0 -22
-4 0 22
-4 1 -22
-4 1 22
-4 2 -22
-4 2 22
-4 3 -21
-4 3 21
-4 4 -21
-4 4 21
-4 5 -21
-4 5 21
-4 6 -21
-4 6 21
-4 7 -21
-4 7 21
-4 8 -20
-4 8 20
-4 9 -20
-4 9 20
-4 10 -19
-4 10 19
-4 11 -19
-4 11 19
-4 12 -18
-4 12 18
-4 13 -17
-4 13 17
-4 14 -17
-4 14 17
-4 15 -16
-4 15 16
-4 16 -15
-4 16 15
-4 17 -14
-4 17 -13
-4 17 13
-4 17 14
-4 18 -12
-4 18 12
-4 19 -11
-4 19 -10
-4 19 10
-4 19 11
-4 20 -9
-4 20 -8
-4 20 8
-4 20 9
-4 21 -7
-4 21 -6
-4 21 -5
-4 21 -4
-4 21 -3
-4 21 3
-4 21 4
-4 21 5
-4 21 6
-4 21 7
-4 22 -2
-4 22 -1
-4 22 0
-4 22 1
-4 22 2
-3 -22 -3
-3 -22 -2
-3 -22 -1
-3 -22 0
-3 -22 1
-3 -22 2
-3 -22 3
-3 -21 -7
-3 -21 -6
-3 -21 -5
-3 -21 -4
-3 -21 4
-3 -21 5
-3 -21 6
-3 -21 7
-3 -20 -9
-3 -20 -8
-3 -20 8
-3 -20 9
-3 -19 -11
-3 -19 -10
-3 -19 10
-3 -19 11
-3 -18 -13
-3 -18 -12
-3 -18 12
-3 -18 13
-3 -17 -14
-3 -17 14
-3 -16 -15
-3 -16 15
-3 -15 -16
-3 -15 16
-3 -14 -17
-3 -14 17
-3 -13 -18
-3 -13 18
-3 -12 -18
-3 -12 18
-3 -11 -19
-3 -11 19
-3 -10 -19
-3 -10 19
-3 -9 -20
-3 -9 20
-3 -8 -20
-3 -8 20
-3 -7 -21
-3 -7 21
-3 -6 -21
-3 -6 21
-3 -5 -21
-3 -5 21
-3 -4 -21
-3 -4 21
-3 -3 -22
-3 -3 22
-3 -2 -22
-3 -2 22
-3 -1 -22
-3 -1 22
-3 0 -22
-3 0 22
-3 1 -22
-3 1 22
-3 2 -22
-3 2 22
-3 3 -22
-3 3 22
-3 4 -21
-3 4 21
-3 5 -21
-3 5 21
-3 6 -21
-3 6 21
-3 7 -21
-3 7 21
-3 8 -20
-3 8 20
-3 9 -20
-3 9 20
-3 10 -19
-3 10 19
-3 11 -19
-3 11 19
-3 12 -18
-3 12 18
-3 13 -18
-3 13 18
-3 14 -17
-3 14 17
-3 15 -16
-3 15 16
-3 16 -15
-3 16 15
-3 17 -14
-3 17 14
-3 18 -13
-3 18 -12
-3 18 12
-3 18 13
-3 19 -11
-3 19 -10
-3 19 10
-3 19 11
-3 20 -9
-3 20 -8
-3 20 8
-3 20 9
-3 21 -7
-3 21 -6
-3 21 -5
-3 21 -4
-3 21 4
-3 21 5
-3 21 6
-3 21 7
-3 22 -3
-3 22 -2
-3 22 -1
-3 22 0
-3 22 1
-3 22 2
-3 22 3
-2 -22 -4
-2 -22 -3
-2 -22 -2
-2 -22 -1
-2 -22 0
-2 -22 1
-2 -22 2
-2 -22 3
-2 -22 4
-2 -21 -7
-2 -21 -6
-2 -21 -5
-2 -21 5
-2 -21 6
-2 -21 7
-2 -20 -10
-2 -20 -9
-2 -20 -8
-2 -20 8
-2 -20 9
-2 -20 10
-2 -19 -11
-2 -19 11
-2 -18 -13
-2 -18 -12
-2 -18 12
-2 -18 13
-2 -17 -14
-2 -17 14
-2 -16 -15
-2 -16 15
-2 -15 -16
-2 -15 16
-2 -14 -17
-2 -14 17
-2 -13 -18
-2 -13 18
-2 -12 -18
-2 -12 18
-2 -11 -19
-2 -11 19
-2 -10 -20
-2 -10 20
-2 -9 -20
-2 -9 20
-2 -8 -20
-2 -8 20
-2 -7 -21
-2 -7 21
-2 -6 -21
-2 -6 21
-2 -5 -21
-2 -5 21
-2 -4 -22
-2 -4 22
-2 -3 -22
-2 -3 22
-2 -2 -22
-2 -2 22
-2 -1 -22
-2 -1 22
-2 0 -22
-2 0 22
-2 1 -22
-2 1 22
-2 2 -22
-2 2 22
-2 3 -22
-2 3 22
-2 4 -22
-2 4 22
-2 5 -21
-2 5 21
-2 6 -21
-2 6 21
-2 7 -21
-2 7 21
-2 8 -20
-2 8 20
-2 9 -20
-2 9 20
-2 10 -20
-2 10 20
-2 11 -19
-2 11 19
-2 12 -18
-2 12 18
-2 13 -18
-2 13 18
-2 14 -17
-2 14 17
-2 15 -16
-2 15 16
-2 16 -15
-2 16 15
-2 17 -14
-2 17 14
-2 18 -13
-2 18 -12
-2 18 12
-2 18 13
-2 19 -11
-2 19 11
-2 20 -10
-2 20 -9
-2 20 -8
-2 20 8
-2 20 9
-2 20 10
-2 21 -7
-2 21 -6
-2 21 -5
-2 21 5
-2 21 6
-2 21 7
-2 22 -4
-2 22 -3
-2 22 -2
-2 22 -1
-2 22 0
-2 22 1
-2 22 2
-2 22 3
-2 22 4
-1 -22 -4
-1 -22 -3
-1 -22 -2
-1 -22 -1
-1 -22 0
-1 -22 1
-1 -22 2
-1 -22 3
-1 -22 4
-1 -21 -8
-1 -21 -7
-1 -21 -6
-1 -21 -5
-1 -21 5
-1 -21 6
-1 -21 7
-1 -21 8
-1 -20 -10
-1 -20 -9
-1 -20 9
-1 -20 10
-1 -19 -12
-1 -19 -11
-1 -19 11
-1 -19 12
-1 -18 -13
-1 -18 13
-1 -17 -14
-1 -17 14
-1 -16 -15
-1 -16 15
-1 -15 -16
-1 -15 16
-1 -14 -17
-1 -14 17
-1 -13 -18
-1 -13 18
-1 -12 -19
-1 -12 19
-1 -11 -19
-1 -11 19
-1 -10 -20
-1 -10 20
-1 -9 -20
-1 -9 20
-1 -8 -21
-1 -8 21
-1 -7 -21
-1 -7 21
-1 -6 -21
-1 -6 21
-1 -5 -21
-1 -5 21
-1 -4 -22
-1 -4 22
-1 -3 -22
-1 -3 22
-1 -2 -22
-1 -2 22
-1 -1 -22
-1 -1 22
-1 0 -22
-1 0 22
-1 1 -22
-1 1 22
-1 2 -22
-1 2 22
-1 3 -22
-1 3 22
-1 4 -22
-1 4 22
-1 5 -21
-1 5 21
-1 6 -21
-1 6 21
-1 7 -21
-1 7 21
-1 8 -21
-1 8 21
-1 9 -20
-1 9 20
-1 10 -20
-1 10 20
-1 11 -19
-1 11 19
-1 12 -19
-1 12 19
-1 13 -18
-1 13 18
-1 14 -17
-1 14 17
-1 15 -16
-1 15 16
-1 16 -15
-1 16 15
-1 17 -14
-1 17 14
-1 18 -13
-1 18 13
-1 19 -12
-1 19 -11
-1 19 11
-1 19 12
-1 20 -10
-1 20 -9
-1 20 9
-1 20 10
-1 21 -8
-1 21 -7
-1 21 -6
-1 21 -5
-1 21 5
-1 21 6
-1 21 7
-1 21 8
-1 22 -4
-1 22 -3
-1 22 -2
-1 22 -1
-1 22 0
-1 22 1
-1 22 2
-1 22 3
-1 22 4
0 -22 -4
0 -22 -3
0 -22 -2
0 -22 -1
0 -22 0
0 -22 1
0 -22 2
0 -22 3
0 -22 4
0 -21 -8
0 -21 -7
0 -21 -6
0 -21 -5
0 -21 5
0 -21 6
0 -21 7
0 -21 8
0 -20 -10
0 -20 -9
0 -20 9
0 -20 10
0 -19 -12
0 -19 -11
0 -19 11
0 -19 12
0 -18 -13
0 -18 13
0 -17 -14
0 -17 14
0 -16 -15
0 -16 15
0 -15 -16
0 -15 16
0 -14 -17
0 -14 17
0 -13 -18
0 -13 18
0 -12 -19
0 -12 19
0 -11 -19
0 -11 19
0 -10 -20
0 -10 20
0 -9 -20
0 -9 20
0 -8 -21
0 -8 21
0 -7 -21
0 -7 21
0 -6 -21
0 -6 21
0 -5 -21
0 -5 21
0 -4 -22
0 -4 22
0 -3 -22
0 -3 22
0 -2 -22
0 -2 22
0 -1 -22
0 -1 22
0 0 -22
0 0 22
0 1 -22
0 1 22
0 2 -22
0 2 22
0 3 -22
0 3 22
0 4 -22
0 4 22
0 5 -21
0 5 21
0 6 -21
0 6 21
0 7 -21
0 7 21
0 8 -21
0 8 21
0 9 -20
0 9 20
0 10 -20
0 10 20
0 11 -19
0 11 19
0 12 -19
0 12 19
0 13 -18
0 13 18
0 14 -17
0 14 17
0 15 -16
0 15 16
0 16 -15
0 16 15
0 17 -14
0 17 14
0 18 -13
0 18 13
0 19 -12
0 19 -11
0 19 11
0 19 12
0 20 -10
0 20 -9
0 20 9
0 20 10
0 21 -8
0 21 -7
0 21 -6
0 21 -5
0 21 5
0 21 6
0 21 7
0 21 8
0 22 -4
0 22 -3
0 22 -2
0 22 -1
0 22 0
0 22 1
0 22 2
0 22 3
0 22 4
1 -22 -4
1 -22 -3
1 -22 -2
1 -22 -1
1 -22 0
1 -22 1
1 -22 2
1 -22 3
1 -22 4
1 -21 -8
1 -21 -7
1 -21 -6
1 -21 -5
1 -21 5
1 -21 6
1 -21 7
1 -21 8
1 -20 -10
1 -20 -9
1 -20 9
1 -20 10
1 -19 -12
1 -19 -11
1 -19 11
1 -19 12
1 -18 -13
1 -18 13
1 -17 -14
1 -17 14
1 -16 -15
1 -16 15
1 -15 -16
1 -15 16
1 -14 -17
1 -14 17
1 -13 -18
1 -13 18
1 -12 -19
1 -12 19
1 -11 -19
1 -11 19
1 -10 -20
1 -10 20
1 -9 -20
1 -9 20
1 -8 -21
1 -8 21
1 -7 -21
1 -7 21
1 -6 -21
1 -6 21
1 -5 -21
1 -5 21
1 -4 -22
1 -4 22
1 -3 -22
1 -3 22
1 -2 -22
1 -2 22
1 -1 -22
1 -1 22
1 0 -22
1 0 22
1 1 -22
1 1 22
1 2 -22
1 2 22
1 3 -22
1 3 22
1 4 -22
1 4 22
1 5 -21
1 5 21
1 6 -21
1 6 21
1 7 -21
1 7 21
1 8 -21
1 8 21
1 9 -20
1 9 20
1 10 -20
1 10 20
1 11 -19
1 11 19
1 12 -19
1 12 19
1 13 -18
1 13 18
1 14 -17
1 14 17
1 15 -16
1 15 16
1 16 -15
1 16 15
1 17 -14
1 17 14
1 18 -13
1 18 13
1 19 -12
1 19 -11
1 19 11
1 19 12
1 20 -10
1 20 -9
1 20 9
1 20 10
1 21 -8
1 21 -7
1 21 -6
1 21 -5
1 21 5
1 21 6
1 21 7
1 21 8
1 22 -4
1 22 -3
1 22 -2
1 22 -1
1 22 0
1 22 1
1 22 2
1 22 3
1 22 4
2 -22 -4
2 -22 -3
2 -22 -2
2 -22 -1
2 -22 0
2 -22 1
2 -22 2
2 -22 3
2 -22 4
2 -21 -7
2 -21 -6
2 -21 -5
2 -21 5
2 -21 6
2 -21 7
2 -20 -10
2 -20 -9
2 -20 -8
2 -20 8
2 -20 9
2 -20 10
2 -19 -11
2 -19 11
2 -18 -13
2 -18 -12
2 -18 12
2 -18 13
2 -17 -14
2 -17 14
2 -16 -15
2 -16 15
2 -15 -16
2 -15 16
2 -14 -17
2 -14 17
2 -13 -18
2 -13 18
2 -12 -18
2 -12 18
2 -11 -19
2 -11 19
2 -10 -20
2 -10 20
2 -9 -20
2 -9 20
2 -8 -20
2 -8 20
2 -7 -21
2 -7 21
2 -6 -21
2 -6 21
2 -5 -21
2 -5 21
2 -4 -22
2 -4 22
2 -3 -22
2 -3 22
2 -2 -22
2 -2 22
2 -1 -22
2 -1 22
2 0 -22
2 0 22
2 1 -22
2 1 22
2 2 -22
2 2 22
2 3 -22
2 3 22
2 4 -22
2 4 22
2 5 -21
2 5 21
2 6 -21
2 6 21
2 7 -21
2 7 21
2 8 -20
2 8 20
2 9 -20
2 9 20
2 10 -20
2 10 20
2 11 -19
2 11 19
2 12 -18
2 12 18
2 13 -18
2 13 18
2 14 -17
2 14 17
2 15 -16
2 15 16
2 16 -15
2 16 15
2 17 -14
2 17 14
2 18 -13
2 18 -12
2 18 12
2 18 13
2 19 -11
2 19 11
2 20 -10
2 20 -9
2 20 -8
2 20 8
2 20 9
2 20 10
2 21 -7
2 21 -6
2 21 -5
2 21 5
2 21 6
2 21 7
2 22 -4
2 22 -3
2 22 -2
2 22 -1
2 22 0
2 22 1
2 22 2
2 22 3
2 22 4
3 -22 -3
3 -22 -2
3 -22 -1
3 -22 0
3 -22 1
3 -22 2
3 -22 3
3 -21 -7
3 -21 -6
3 -21 -5
3 -21 -4
3 -21 4
3 -21 5
3 -21 6
3 -21 7
3 -20 -9
3 -20 -8
3 -20 8
3 -20 9
3 -19 -11
3 -19 -10
3 -19 10
3 -19 11
3 -18 -13
3 -18 -12
3 -18 12
3 -18 13
3 -17 -14
3 -17 14
3 -16 -15
3 -16 15
3 -15 -16
3 -15 16
3 -14 -17
3 -14 17
3 -13 -18
3 -13 18
3 -12 -18
3 -12 18
3 -11 -19
3 -11 19
3 -10 -19
3 -10 19
3 -9 -20
3 -9 20
3 -8 -20
3 -8 20
3 -7 -21
3 -7 21
3 -6 -21
3 -6 21
3 -5 -21
3 -5 21
3 -4 -21
3 -4 21
3 -3 -22
3 -3 22
3 -2 -22
3 -2 22
3 -1 -22
3 -1 22
3 0 -22
3 0 22
3 1 -22
3 1 22
3 2 -22
3 2 22
3 3 -22
3 3 22
3 4 -21
3 4 21
3 5 -21
3 5 21
3 6 -21
3 6 21
3 7 -21
3 7 21
3 8 -20
3 8 20
3 9 -20
3 9 20
3 10 -19
3 10 19
3 11 -19
3 11 19
3 12 -18
3 12 18
3 13 -18
3 13 18
3 14 -17
3 14 17
3 15 -16
3 15 16
3 16 -15
3 16 15
3 17 -14
3 17 14
3 18 -13
3 18 -12
3 18 12
3 18 13
3 19 -11
3 19 -10
3 19 10
3 19 11
3 20 -9
3 20 -8
3 20 8
3 20 9
3 21 -7
3 21 -6
3 21 -5
3 21 -4
3 21 4
3 21 5
3 21 6
3 21 7
3 22 -3
3 22 -2
3 22 -1
3 22 0
3 22 1
3 22 2
3 22 3
4 -22 -2
4 -22 -1
4 -22 0
4 -22 1
4 -22 2
4 -21 -7
4 -21 -6
4 -21 -5
4 -21 -4
4 -21 -3
4 -21 3
4 -21 4
4 -21 5
4 -21 6
4 -21 7
4 -20 -9
4 -20 -8
4 -20 8
4 -20 9
4 -19 -11
4 -19 -10
4 -19 10
4 -19 11
4 -18 -12
4 -18 12
4 -17 -14
4 -17 -13
4 -17 13
4 -17 14
4 -16 -15
4 -16 15
4 -15 -16
4 -15 16
4 -14 -17
4 -14 17
4 -13 -17
4 -13 17
4 -12 -18
4 -12 18
4 -11 -19
4 -11 19
4 -10 -19
4 -10 19
4 -9 -20
4 -9 20
4 -8 -20
4 -8 20
4 -7 -21
4 -7 21
4 -6 -21
4 -6 21
4 -5 -21
4 -5 21
4 -4 -21
4 -4 21
4 -3 -21
4 -3 21
4 -2 -22
4 -2 22
4 -1 -22
4 -1 22
4 0 -22
4 0 22
4 1 -22
4 1 22
4 2 -22
4 2 22
4 3 -21
4 3 21
4 4 -21
4 4 21
4 5 -21
4 5 21
4 6 -21
4 6 21
4 7 -21
4 7 21
4 8 -20
4 8 20
4 9 -20
4 9 20
4 10 -19
4 10 19
4 11 -19
4 11 19
4 12 -18
4 12 18
4 13 -17
4 13 17
4 14 -17
4 14 17
4 15 -16
4 15 16
4 16 -15
4 16 15
4 17 -14
4 17 -13
4 17 13
4 17 14
4 18 -12
4 18 12
4 19 -11
4 19 -10
4 19 10
4 19 11
4 20 -9
4 20 -8
4 20 8
4 20 9
4 21 -7
4 21 -6
4 21 -5
4 21 -4
4 21 -3
4 21 3
4 21 4
4 21 5
4 21 6
4 21 7
4 22 -2
4 22 -1
4 22 0
4 22 1
4 22 2
5 -21 -6
5 -21 -5
5 -21 -4
5 -21 -3
5 -21 -2
5 -21 -1
5 -21 0
5 -21 1
5 -21 2
5 -21 3
5 -21 4
5 -21 5
5 -21 6
5 -20 -9
5 -20 -8
5 -20 -7
5 -20 7
5 -20 8
5 -20 9
5 -19 -10
5 -19 10
5 -18 -12
5 -18 -11
5 -18 11
5 -18 12
5 -17 -13
5 -17 13
5 -16 -15
5 -16 -14
5 -16 14
5 -16 15
5 -15 -16
5 -15 16
5 -14 -16
5 -14 16
5 -13 -17
5 -13 17
5 -12 -18
5 -12 18
5 -11 -18
5 -11 18
5 -10 -19
5 -10 19
5 -9 -20
5 -9 20
5 -8 -20
5 -8 20
5 -7 -20
5 -7 20
5 -6 -21
5 -6 21
5 -5 -21
5 -5 21
5 -4 -21
5 -4 21
5 -3 -21
5 -3 21
5 -2 -21
5 -2 21
5 -1 -21
5 -1 21
5 0 -21
5 0 21
5 1 -21
5 1 21
5 2 -21
5 2 21
5 3 -21
5 3 21
5 4 -21
5 4 21
5 5 -21
5 5 21
5 6 -21
5 6 21
5 7 -20
5 7 20
5 8 -20
5 8 20
5 9 -20
5 9 20
5 10 -19
5 10 19
5 11 -18
5 11 18
5 12 -18
5 12 18
5 13 -17
5 13 17
5 14 -16
5 14 16
5 15 -16
5 15 16
5 16 -15
5 16 -14
5 16 14
5 16 15
5 17 -13
5 17 13
5 18 -12
5 18 -11
5 18 11
5 18 12
5 19 -10
5 19 10
5 20 -9
5 20 -8
5 20 -7
5 20 7
5 20 8
5 20 9
5 21 -6
5 21 -5
5 21 -4
5 21 -3
5 21 -2
5 21 -1
5 21 0
5 21 1
5 21 2
5 21 3
5 21 4
5 21 5
5 21 6
6 -21 -5
6 -21 -4
6 -21 -3
6 -21 -2
6 -21 -1
6 -21 0
6 -21 1
6 -21 2
6 -21 3
6 -21 4
6 -21 5
6 -20 -8
6 -20 -7
6 -20 -6
6 -20 6
6 -20 7
6 -20 8
6 -19 -10
6 -19 -9
6 -19 9
6 -19 10
6 -18 -12
6 -18 -11
6 -18 11
6 -18 12
6 -17 -13
6 -17 13
6 -16 -14
6 -16 14
6 -15 -15
6 -15 15
6 -14 -16
6 -14 16
6 -13 -17
6 -13 17
6 -12 -18
6 -12 18
6 -11 -18
6 -11 18
6 -10 -19
6 -10 19
6 -9 -19
6 -9 19
6 -8 -20
6 -8 20
6 -7 -20
6 -7 20
6 -6 -20
6 -6 20
6 -5 -21
6 -5 21
6 -4 -21
6 -4 21
6 -3 -21
6 -3 21
6 -2 -21
6 -2 21
6 -1 -21
6 -1 21
6 0 -21
6 0 21
6 1 -21
6 1 21
6 2 -21
6 2 21
6 3 -21
6 3 21
6 4 -21
6 4 21
6 5 -21
6 5 21
6 6 -20
6 6 20
6 7 -20
6 7 20
6 8 -20
6 8 20
6 9 -19
6 9 19
6 10 -19
6 10 19
6 11 -18
6 11 18
6 12 -18
6 12 18
6 13 -17
6 13 17
6 14 -16
6 14 16
6 15 -15
6 15 15
6 16 -14
6 16 14
6 17 -13
6 17 13
6 18 -12
6 18 -11
6 18 11
6 18 12
6 19 -10
6 19 -9
6 19 9
6 19 10
6 20 -8
6 20 -7
6 20 -6
6 20 6
6 20 7
6 20 8
6 21 -5
6 21 -4
6 21 -3
6 21 -2
6 21 -1
6 21 0
6 21 1
6 21 2
6 21 3
6 21 4
6 21 5
7 -21 -4
7 -21 -3
7 -21 -2
7 -21 -1
7 -21 0
7 -21 1
7 -21 2
7 -21 3
7 -21 4
7 -20 -7
7 -20 -6
7 -20 -5
7 -20 5
7 -20 6
7 -20 7
7 -19 -9
7 -19 -8
7 -19 8
7 -19 9
7 -18 -11
7 -18 -10
7 -18 10
7 -18 11
7 -17 -12
7 -17 12
7 -16 -14
7 -16 -13
7 -16 13
7 -16 14
7 -15 -15
7 -15 15
7 -14 -16
7 -14 16
7 -13 -16
7 -13 16
7 -12 -17
7 -12 17
7 -11 -18
7 -11 18
7 -10 -18
7 -10 18
7 -9 -19
7 -9 19
7 -8 -19
7 -8 19
7 -7 -20
7 -7 20
7 -6 -20
7 -6 20
7 -5 -20
7 -5 20
7 -4 -21
7 -4 21
7 -3 -21
7 -3 21
7 -2 -21
7 -2 21
7 -1 -21
7 -1 21
7 0 -21
7 0 21
7 1 -21
7 1 21
7 2 -21
7 2 21
7 3 -21
7 3 21
7 4 -21
7 4 21
7 5 -20
7 5 20
7 6 -20
7 6 20
7 7 -20
7 7 20
7 8 -19
7 8 19
7 9 -19
7 9 19
7 10 -18
7 10 18
7 11 -18
7 11 18
7 12 -17
7 12 17
7 13 -16
7 13 16
7 14 -16
7 14 16
7 15 -15
7 15 15
7 16 -14
7 16 -13
7 16 13
7 16 14
7 17 -12
7 17 12
7 18 -11
7 18 -10
7 18 10
7 18 11
7 19 -9
7 19 -8
7 19 8
7 19 9
7 20 -7
7 20 -6
7 20 -5
7 20 5
7 20 6
7 20 7
7 21 -4
7 21 -3
7 21 -2
7 21 -1
7 21 0
7 21 1
7 21 2
7 21 3
7 21 4
8 -21 -1
8 -21 0
8 -21 1
8 -20 -6
8 -20 -5
8 -20 -4
8 -20 -3
8 -20 -2
8 -20 2
8 -20 3
8 -20 4
8 -20 5
8 -20 6
8 -19 -9
8 -19 -8
8 -19 -7
8 -19 7
8 -19 8
8 -19 9
8 -18 -10
8 -18 10
8 -17 -12
8 -17 -11
8 -17 11
8 -17 12
8 -16 -13
8 -16 13
8 -15 -14
8 -15 14
8 -14 -15
8 -14 15
8 -13 -16
8 -13 16
8 -12 -17
8 -12 17
8 -11 -17
8 -11 17
8 -10 -18
8 -10 18
8 -9 -19
8 -9 19
8 -8 -19
8 -8 19
8 -7 -19
8 -7 19
8 -6 -20
8 -6 20
8 -5 -20
8 -5 20
8 -4 -20
8 -4 20
8 -3 -20
8 -3 20
8 -2 -20
8 -2 20
8 -1 -21
8 -1 21
8 0 -21
8 0 21
8 1 -21
8 1 21
8 2 -20
8 2 20
8 3 -20
8 3 20
8 4 -20
8 4 20
8 5 -20
8 5 20
8 6 -20
8 6 20
8 7 -19
8 7 19
8 8 -19
8 8 19
8 9 -19
8 9 19
8 10 -18
8 10 18
8 11 -17
8 11 17
8 12 -17
8 12 17
8 13 -16
8 13 16
8 14 -15
8 14 15
8 15 -14
8 15 14
8 16 -13
8 16 13
8 17 -12
8 17 -11
8 17 11
8 17 12
8 18 -10
8 18 10
8 19 -9
8 19 -8
8 19 -7
8 19 7
8 19 8
8 19 9
8 20 -6
8 20 -5
8 20 -4
8 20 -3
8 20 -2
8 20 2
8 20 3
8 20 4
8 20 5
8 20 6
8 21 -1
8 21 0
8 21 1
9 -20 -5
9 -20 -4
9 -20 -3
9 -20 -2
9 -20 -1
9 -20 0
9 -20 1
9 -20 2
9 -20 3
9 -20 4
9 -20 5
9 -19 -8
9 -19 -7
9 -19 -6
9 -19 6
9 -19 7
9 -19 8
9 -18 -10
9 -18 -9
9 -18 9
9 -18 10
9 -17 -11
9 -17 11
9 -16 -13
9 -16 -12
9 -16 12
9 -16 13
9 -15 -14
9 -15 14
9 -14 -15
9 -14 15
9 -13 -16
9 -13 16
9 -12 -16
9 -12 16
9 -11 -17
9 -11 17
9 -10 -18
9 -10 18
9 -9 -18
9 -9 18
9 -8 -19
9 -8 19
9 -7 -19
9 -7 19
9 -6 -19
9 -6 19
9 -5 -20
9 -5 20
9 -4 -20
9 -4 20
9 -3 -20
9 -3 20
9 -2 -20
9 -2 20
9 -1 -20
9 -1 20
9 0 -20
9 0 20
9 1 -20
9 1 20
9 2 -20
9 2 20
9 3 -20
9 3 20
9 4 -20
9 4 20
9 5 -20
9 5 20
9 6 -19
9 6 19
9 7 -19
9 7 19
9 8 -19
9 8 19
9 9 -18
9 9 18
9 10 -18
9 10 18
9 11 -17
9 11 17
9 12 -16
9 12 16
9 13 -16
9 13 16
9 14 -15
9 14 15
9 15 -14
9 15 14
9 16 -13
9 16 -12
9 16 12
9 16 13
9 17 -11
9 17 11
9 18 -10
9 18 -9
9 18 9
9 18 10
9 19 -8
9 19 -7
9 19 -6
9 19 6
9 19 7
9 19 8
9 20 -5
9 20 -4
9 20 -3
9 20 -2
9 20 -1
9 20 0
9 20 1
9 20 2
9 20 3
9 20 4
9 20 5
10 -20 -2
10 -20 -1
10 -20 0
10 -20 1
10 -20 2
10 -19 -6
10 -19 -5
10 -19 -4
10 -19 -3
10 -19 3
10 -19 4
10 -19 5
10 -19 6
10 -18 -9
10 -18 -8
10 -18 -7
10 -18 7
10 -18 8
10 -18 9
10 -17 -10
10 -17 10
10 -16 -12
10 -16 -11
10 -16 11
10 -16 12
10 -15 -13
10 -15 13
10 -14 -14
10 -14 14
10 -13 -15
10 -13 15
10 -12 -16
10 -12 16
10 -11 -16
10 -11 16
10 -10 -17
10 -10 17
10 -9 -18
10 -9 18
10 -8 -18
10 -8 18
10 -7 -18
10 -7 18
10 -6 -19
10 -6 19
10 -5 -19
10 -5 19
10 -4 -19
10 -4 19
10 -3 -19
10 -3 19
10 -2 -20
10 -2 20
10 -1 -20
10 -1 20
10 0 -20
10 0 20
10 1 -20
10 1 20
10 2 -20
10 2 20
10 3 -19
10 3 19
10 4 -19
10 4 19
10 5 -19
10 5 19
10 6 -19
10 6 19
10 7 -18
10 7 18
10 8 -18
10 8 18
10 9 -18
10 9 18
10 10 -17
10 10 17
10 11 -16
10 11 16
10 12 -16
10 12 16
10 13 -15
10 13 15
10 14 -14
10 14 14
10 15 -13
10 15 13
10 16 -12
10 16 -11
10 16 11
10 16 12
10 17 -10
10 17 10
10 18 -9
10 18 -8
10 18 -7
10 18 7
10 18 8
10 18 9
10 19 -6
10 19 -5
10 19 -4
10 19 -3
10 19 3
10 19 4
10 19 5
10 19 6
10 20 -2
10 20 -1
10 20 0
10 20 1
10 20 2
11 -19 -4
11 -19 -3
11 -19 -2
11 -19 -1
11 -19 0
11 -19 1
11 -19 2
11 -19 3
11 -19 4
11 -18 -7
11 -18 -6
11 -18 -5
11 -18 5
11 -18 6
11 -18 7
11 -17 -9
11 -17 -8
11 -17 8
11 -17 9
11 -16 -11
11 -16 -10
11 -16 10
11 -16 11
11 -15 -12
11 -15 12
11 -14 -13
11 -14 13
11 -13 -14
11 -13 14
11 -12 -15
11 -12 15
11 -11 -16
11 -11 16
11 -10 -16
11 -10 16
11 -9 -17
11 -9 17
11 -8 -17
11 -8 17
11 -7 -18
11 -7 18
11 -6 -18
11 -6 18
11 -5 -18
11 -5 18
11 -4 -19
11 -4 19
11 -3 -19
11 -3 19
11 -2 -19
11 -2 19
11 -1 -19
11 -1 19
11 0 -19
11 0 19
11 1 -19
11 1 19
11 2 -19
11 2 19
11 3 -19
11 3 19
11 4 -19
11 4 19
11 5 -18
11 5 18
11 6 -18
11 6 18
11 7 -18
11 7 18
11 8 -17
11 8 17
11 9 -17
11 9 17
11 10 -16
11 10 16
11 11 -16
11 11 16
11 12 -15
11 12 15
11 13 -14
11 13 14
11 14 -13
11 14 13
11 15 -12
11 15 12
11 16 -11
11 16 -10
11 16 10
11 16 11
11 17 -9
11 17 -8
11 17 8
11 17 9
11 18 -7
11 18 -6
11 18 -5
11 18 5
11 18 6
11 18 7
11 19 -4
11 19 -3
11 19 -2
11 19 -1
11 19 0
11 19 1
11 19 2
11 19 3
11 19 4
12 -19 -1
12 -19 0
12 -19 1
12 -18 -6
12 -18 -5
12 -18 -4
12 -18 -3
12 -18 -2
12 -18 2
12 -18 3
12 -18 4
12 -18 5
12 -18 6
12 -17 -8
12 -17 -7
12 -17 7
12 -17 8
12 -16 -10
12 -16 -9
12 -16 9
12 -16 10
12 -15 -11
12 -15 11
12 -14 -12
12 -14 12
12 -13 -13
12 -13 13
12 -12 -14
12 -12 14
12 -11 -15
12 -11 15
12 -10 -16
12 -10 16
12 -9 -16
12 -9 16
12 -8 -17
12 -8 17
12 -7 -17
12 -7 17
12 -6 -18
12 -6 18
12 -5 -18
12 -5 18
12 -4 -18
12 -4 18
12 -3 -18
12 -3 18
12 -2 -18
12 -2 18
12 -1 -19
12 -1 19
12 0 -19
12 0 19
12 1 -19
12 1 19
12 2 -18
12 2 18
12 3 -18
12 3 18
12 4 -18
12 4 18
12 5 -18
12 5 18
12 6 -18
12 6 18
12 7 -17
12 7 17
12 8 -17
12 8 17
12 9 -16
12 9 16
12 10 -16
12 10 16
12 11 -15
12 11 15
12 12 -14
12 12 14
12 13 -13
12 13 13
12 14 -12
12 14 12
12 15 -11
12 15 11
12 16 -10
12 16 -9
12 16 9
12 16 10
12 17 -8
12 17 -7
12 17 7
12 17 8
12 18 -6
12 18 -5
12 18 -4
12 18 -3
12 18 -2
12 18 2
12 18 3
12 18 4
12 18 5
12 18 6
12 19 -1
12 19 0
12 19 1
13 -18 -3
13 -18 -2
13 -18 -1
13 -18 0
13 -18 1
13 -18 2
13 -18 3
13 -17 -6
13 -17 -5
13 -17 -4
13 -17 4
13 -17 5
13 -17 6
13 -16 -9
13 -16 -8
13 -16 -7
13 -16 7
13 -16 8
13 -16 9
13 -15 -10
13 -15 10
13 -14 -11
13 -14 11
13 -13 -12
13 -13 12
13 -12 -13
13 -12 13
13 -11 -14
13 -11 14
13 -10 -15
13 -10 15
13 -9 -16
13 -9 16
13 -8 -16
13 -8 16
13 -7 -16
13 -7 16
13 -6 -17
13 -6 17
13 -5 -17
13 -5 17
13 -4 -17
13 -4 17
13 -3 -18
13 -3 18
13 -2 -18
13 -2 18
13 -1 -18
13 -1 18
13 0 -18
13 0 18
13 1 -18
13 1 18
13 2 -18
13 2 18
13 3 -18
13 3 18
13 4 -17
13 4 17
13 5 -17
13 5 17
13 6 -17
13 6 17
13 7 -16
13 7 16
13 8 -16
13 8 16
13 9 -16
13 9 16
13 10 -15
13 10 15
13 11 -14
13 11 14
13 12 -13
13 12 13
13 13 -12
13 13 12
13 14 -11
13 14 11
13 15 -10
13 15 10
13 16 -9
13 16 -8
13 16 -7
13 16 7
13 16 8
13 16 9
13 17 -6
13 17 -5
13 17 -4
13 17 4
13 17 5
13 17 6
13 18 -3
13 18 -2
13 18 -1
13 18 0
13 18 1
13 18 2
13 18 3
14 -17 -4
14 -17 -3
14 -17 -2
14 -17 -1
14 -17 0
14 -17 1
14 -17 2
14 -17 3
14 -17 4
14 -16 -7
14 -16 -6
14 -16 -5
14 -16 5
14 -16 6
14 -16 7
14 -15 -9
14 -15 -8
14 -15 8
14 -15 9
14 -14 -10
14 -14 10
14 -13 -11
14 -13 11
14 -12 -12
14 -12 12
14 -11 -13
14 -11 13
14 -10 -14
14 -10 14
14 -9 -15
14 -9 15
14 -8 -15
14 -8 15
14 -7 -16
14 -7 16
14 -6 -16
14 -6 16
14 -5 -16
14 -5 16
14 -4 -17
14 -4 17
14 -3 -17
14 -3 17
14 -2 -17
14 -2 17
14 -1 -17
14 -1 17
14 0 -17
14 0 17
14 1 -17
14 1 17
14 2 -17
14 2 17
14 3 -17
14 3 17
14 4 -17
14 4 17
14 5 -16
14 5 16
14 6 -16
14 6 16
14 7 -16
14 7 16
14 8 -15
14 8 15
14 9 -15
14 9 15
14 10 -14
14 10 14
14 11 -13
14 11 13
14 12 -12
14 12 12
14 13 -11
14 13 11
14 14 -10
14 14 10
14 15 -9
14 15 -8
14 15 8
14 15 9
14 16 -7
14 16 -6
14 16 -5
14 16 5
14 16 6
14 16 7
14 17 -4
14 17 -3
14 17 -2
14 17 -1
14 17 0
14 17 1
14 17 2
14 17 3
14 17 4
15 -16 -5
15 -16 -4
15 -16 -3
15 -16 -2
15 -16 -1
15 -16 0
15 -16 1
15 -16 2
15 -16 3
15 -16 4
15 -16 5
15 -15 -7
15 -15 -6
15 -15 6
15 -15 7
15 -14 -9
15 -14 -8
15 -14 8
15 -14 9
15 -13 -10
15 -13 10
15 -12 -11
15 -12 11
15 -11 -12
15 -11 12
15 -10 -13
15 -10 13
15 -9 -14
15 -9 14
15 -8 -14
15 -8 14
15 -7 -15
15 -7 15
15 -6 -15
15 -6 15
15 -5 -16
15 -5 16
15 -4 -16
15 -4 16
15 -3 -16
15 -3 16
15 -2 -16
15 -2 16
15 -1 -16
15 -1 16
15 0 -16
15 0 16
15 1 -16
15 1 16
15 2 -16
15 2 16
15 3 -16
15 3 16
15 4 -16
15 4 16
15 5 -16
15 5 16
15 6 -15
15 6 15
15 7 -15
15 7 15
15 8 -14
15 8 14
15 9 -14
15 9 14
15 10 -13
15 10 13
15 11 -12
15 11 12
15 12 -11
15 12 11
15 13 -10
15 13 10
15 14 -9
15 14 -8
15 14 8
15 14 9
15 15 -7
15 15 -6
15 15 6
15 15 7
15 16 -5
15 16 -4
15 16 -3
15 16 -2
15 16 -1
15 16 0
15 16 1
15 16 2
15 16 3
15 16 4
15 16 5
16 -15 -5
16 -15 -4
16 -15 -3
16 -15 -2
16 -15 -1
16 -15 0
16 -15 1
16 -15 2
16 -15 3
16 -15 4
16 -15 5
16 -14 -7
16 -14 -6
16 -14 -5
16 -14 5
16 -14 6
16 -14 7
16 -13 -9
16 -13 -8
16 -13 -7
16 -13 7
16 -13 8
16 -13 9
16 -12 -10
16 -12 -9
16 -12 9
16 -12 10
16 -11 -11
16 -11 -10
16 -11 10
16 -11 11
16 -10 -12
16 -10 -11
16 -10 11
16 -10 12
16 -9 -13
16 -9 -12
16 -9 12
16 -9 13
16 -8 -13
16 -8 13
16 -7 -14
16 -7 -13
16 -7 13
16 -7 14
16 -6 -14
16 -6 14
16 -5 -15
16 -5 -14
16 -5 14
16 -5 15
16 -4 -15
16 -4 15
16 -3 -15
16 -3 15
16 -2 -15
16 -2 15
16 -1 -15
16 -1 15
16 0 -15
16 0 15
16 1 -15
16 1 15
16 2 -15
16 2 15
16 3 -15
16 3 15
16 4 -15
16 4 15
16 5 -15
16 5 -14
16 5 14
16 5 15
16 6 -14
16 6 14
16 7 -14
16 7 -13
16 7 13
16 7 14
16 8 -13
16 8 13
16 9 -13
16 9 -12
16 9 12
16 9 13
16 10 -12
16 10 -11
16 10 11
16 10 12
16 11 -11
16 11 -10
16 11 10
16 11 11
16 12 -10
16 12 -9
16 12 9
16 12 10
16 13 -9
16 13 -8
16 13 -7
16 13 7
16 13 8
16 13 9
16 14 -7
16 14 -6
16 14 -5
16 14 5
16 14 6
16 14 7
16 15 -5
16 15 -4
16 15 -3
16 15 -2
16 15 -1
16 15 0
16 15 1
16 15 2
16 15 3
16 15 4
16 15 5
17 -14 -4
17 -14 -3
17 -14 -2
17 -14 -1
17 -14 0
17 -14 1
17 -14 2
17 -14 3
17 -14 4
17 -13 -6
17 -13 -5
17 -13 -4
17 -13 4
17 -13 5
17 -13 6
17 -12 -8
17 -12 -7
17 -12 7
17 -12 8
17 -11 -9
17 -11 -8
17 -11 8
17 -11 9
17 -10 -10
17 -10 10
17 -9 -11
17 -9 11
17 -8 -12
17 -8 -11
17 -8 11
17 -8 12
17 -7 -12
17 -7 12
17 -6 -13
17 -6 13
17 -5 -13
17 -5 13
17 -4 -14
17 -4 -13
17 -4 13
17 -4 14
17 -3 -14
17 -3 14
17 -2 -14
17 -2 14
17 -1 -14
17 -1 14
17 0 -14
17 0 14
17 1 -14
17 1 14
17 2 -14
17 2 14
17 3 -14
17 3 14
17 4 -14
17 4 -13
17 4 13
17 4 14
17 5 -13
17 5 13
17 6 -13
17 6 13
17 7 -12
17 7 12
17 8 -12
17 8 -11
17 8 11
17 8 12
17 9 -11
17 9 11
17 10 -10
17 10 10
17 11 -9
17 11 -8
17 11 8
17 11 9
17 12 -8
17 12 -7
17 12 7
17 12 8
17 13 -6
17 13 -5
17 13 -4
17 13 4
17 13 5
17 13 6
17 14 -4
17 14 -3
17 14 -2
17 14 -1
17 14 0
17 14 1
17 14 2
17 14 3
17 14 4
18 -13 -3
18 -13 -2
18 -13 -1
18 -13 0
18 -13 1
18 -13 2
18 -13 3
18 -12 -6
18 -12 -5
18 -12 -4
18 -12 -3
18 -12 -2
18 -12 2
18 -12 3
18 -12 4
18 -12 5
18 -12 6
18 -11 -7
18 -11 -6
18 -11 -5
18 -11 5
18 -11 6
18 -11 7
18 -10 -9
18 -10 -8
18 -10 -7
18 -10 7
18 -10 8
18 -10 9
18 -9 -10
18 -9 -9
18 -9 9
18 -9 10
18 -8 -10
18 -8 10
18 -7 -11
18 -7 -10
18 -7 10
18 -7 11
18 -6 -12
18 -6 -11
18 -6 11
18 -6 12
18 -5 -12
18 -5 -11
18 -5 11
18 -5 12
18 -4 -12
18 -4 12
18 -3 -13
18 -3 -12
18 -3 12
18 -3 13
18 -2 -13
18 -2 -12
18 -2 12
18 -2 13
18 -1 -13
18 -1 13
18 0 -13
18 0 13
18 1 -13
18 1 13
18 2 -13
18 2 -12
18 2 12
18 2 13
18 3 -13
18 3 -12
18 3 12
18 3 13
18 4 -12
18 4 12
18 5 -12
18 5 -11
18 5 11
18 5 12
18 6 -12
18 6 -11
18 6 11
18 6 12
18 7 -11
18 7 -10
18 7 10
18 7 11
18 8 -10
18 8 10
18 9 -10
18 9 -9
18 9 9
18 9 10
18 10 -9
18 10 -8
18 10 -7
18 10 7
18 10 8
18 10 9
18 11 -7
18 11 -6
18 11 -5
18 11 5
18 11 6
18 11 7
18 12 -6
18 12 -5
18 12 -4
18 12 -3
18 12 -2
18 12 2
18 12 3
18 12 4
18 12 5
18 12 6
18 13 -3
18 13 -2
18 13 -1
18 13 0
18 13 1
18 13 2
18 13 3
19 -12 -1
19 -12 0
19 -12 1
19 -11 -4
19 -11 -3
19 -11 -2
19 -11 -1
19 -11 0
19 -11 1
19 -11 2
19 -11 3
19 -11 4
19 -10 -6
19 -10 -5
19 -10 -4
19 -10 -3
19 -10 3
19 -10 4
19 -10 5
19 -10 6
19 -9 -8
19 -9 -7
19 -9 -6
19 -9 6
19 -9 7
19 -9 8
19 -8 -9
19 -8 -8
19 -8 -7
19 -8 7
19 -8 8
19 -8 9
19 -7 -9
19 -7 -8
19 -7 8
19 -7 9
19 -6 -10
19 -6 -9
19 -6 9
19 -6 10
19 -5 -10
19 -5 10
19 -4 -11
19 -4 -10
19 -4 10
19 -4 11
19 -3 -11
19 -3 -10
19 -3 10
19 -3 11
19 -2 -11
19 -2 11
19 -1 -12
19 -1 -11
19 -1 11
19 -1 12
19 0 -12
19 0 -11
19 0 11
19 0 12
19 1 -12
19 1 -11
19 1 11
19 1 12
19 2 -11
19 2 11
19 3 -11
19 3 -10
19 3 10
19 3 11
19 4 -11
19 4 -10
19 4 10
19 4 11
19 5 -10
19 5 10
19 6 -10
19 6 -9
19 6 9
19 6 10
19 7 -9
19 7 -8
19 7 8
19 7 9
19 8 -9
19 8 -8
19 8 -7
19 8 7
19 8 8
19 8 9
19 9 -8
19 9 -7
19 9 -6
19 9 6
19 9 7
19 9 8
19 10 -6
19 10 -5
19 10 -4
19 10 -3
19 10 3
19 10 4
19 10 5
19 10 6
19 11 -4
19 11 -3
19 11 -2
19 11 -1
19 11 0
19 11 1
19 11 2
19 11 3
19 11 4
19 12 -1
19 12 0
19 12 1
20 -10 -2
20 -10 -1
20 -10 0
20 -10 1
20 -10 2
20 -9 -5
20 -9 -4
20 -9 -3
20 -9 -2
20 -9 -1
20 -9 0
20 -9 1
20 -9 2
20 -9 3
20 -9 4
20 -9 5
20 -8 -6
20 -8 -5
20 -8 -4
20 -8 -3
20 -8 -2
20 -8 2
20 -8 3
20 -8 4
20 -8 5
20 -8 6
20 -7 -7
20 -7 -6
20 -7 -5
20 -7 5
20 -7 6
20 -7 7
20 -6 -8
20 -6 -7
20 -6 -6
20 -6 6
20 -6 7
20 -6 8
20 -5 -9
20 -5 -8
20 -5 -7
20 -5 7
20 -5 8
20 -5 9
20 -4 -9
20 -4 -8
20 -4 8
20 -4 9
20 -3 -9
20 -3 -8
20 -3 8
20 -3 9
20 -2 -10
20 -2 -9
20 -2 -8
20 -2 8
20 -2 9
20 -2 10
20 -1 -10
20 -1 -9
20 -1 9
20 -1 10
20 0 -10
20 0 -9
20 0 9
20 0 10
20 1 -10
20 1 -9
20 1 9
20 1 10
20 2 -10
20 2 -9
20 2 -8
20 2 8
20 2 9
20 2 10
20 3 -9
20 3 -8
20 3 8
20 3 9
20 4 -9
20 4 -8
20 4 8
20 4 9
20 5 -9
20 5 -8
20 5 -7
20 5 7
20 5 8
20 5 9
20 6 -8
20 6 -7
20 6 -6
20 6 6
20 6 7
20 6 8
20 7 -7
20 7 -6
20 7 -5
20 7 5
20 7 6
20 7 7
20 8 -6
20 8 -5
20 8 -4
20 8 -3
20 8 -2
20 8 2
20 8 3
20 8 4
20 8 5
20 8 6
20 9 -5
20 9 -4
20 9 -3
20 9 -2
20 9 -1
20 9 0
20 9 1
20 9 2
20 9 3
20 9 4
20 9 5
20 10 -2
20 10 -1
20 10 0
20 10 1
20 10 2
21 -8 -1
21 -8 0
21 -8 1
21 -7 -4
21 -7 -3
21 -7 -2
21 -7 -1
21 -7 0
21 -7 1
21 -7 2
21 -7 3
21 -7 4
21 -6 -5
21 -6 -4
21 -6 -3
21 -6 -2
21 -6 -1
21 -6 0
21 -6 1
21 -6 2
21 -6 3
21 -6 4
21 -6 5
21 -5 -6
21 -5 -5
21 -5 -4
21 -5 -3
21 -5 -2
21 -5 -1
21 -5 0
21 -5 1
21 -5 2
21 -5 3
21 -5 4
21 -5 5
21 -5 6
21 -4 -7
21 -4 -6
21 -4 -5
21 -4 -4
21 -4 -3
21 -4 3
21 -4 4
21 -4 5
21 -4 6
21 -4 7
21 -3 -7
21 -3 -6
21 -3 -5
21 -3 -4
21 -3 4
21 -3 5
21 -3 6
21 -3 7
21 -2 -7
21 -2 -6
21 -2 -5
21 -2 5
21 -2 6
21 -2 7
21 -1 -8
21 -1 -7
21 -1 -6
21 -1 -5
21 -1 5
21 -1 6
21 -1 7
21 -1 8
21 0 -8
21 0 -7
21 0 -6
21 0 -5
21 0 5
21 0 6
21 0 7
21 0 8
21 1 -8
21 1 -7
21 1 -6
21 1 -5
21 1 5
21 1 6
21 1 7
21 1 8
21 2 -7
21 2 -6
21 2 -5
21 2 5
21 2 6
21 2 7
21 3 -7
21 3 -6
21 3 -5
21 3 -4
21 3 4
21 3 5
21 3 6
21 3 7
21 4 -7
21 4 -6
21 4 -5
21 4 -4
21 4 -3
21 4 3
21 4 4
21 4 5
21 4 6
21 4 7
21 5 -6
21 5 -5
21 5 -4
21 5 -3
21 5 -2
21 5 -1
21 5 0
21 5 1
21 5 2
21 5 3
21 5 4
21 5 5
21 5 6
21 6 -5
21 6 -4
21 6 -3
21 6 -2
21 6 -1
21 6 0
21 6 1
21 6 2
21 6 3
21 6 4
21 6 5
21 7 -4
21 7 -3
21 7 -2
21 7 -1
21 7 0
21 7 1
21 7 2
21 7 3
21 7 4
21 8 -1
21 8 0
21 8 1
22 -4 -2
22 -4 -1
22 -4 0
22 -4 1
22 -4 2
22 -3 -3
22 -3 -2
22 -3 -1
22 -3 0
22 -3 1
22 -3 2
22 -3 3
22 -2 -4
22 -2 -3
22 -2 -2
22 -2 -1
22 -2 0
22 -2 1
22 -2 2
22 -2 3
22 -2 4
22 -1 -4
22 -1 -3
22 -1 -2
22 -1 -1
22 -1 0
22 -1 1
22 -1 2
22 -1 3
22 -1 4
22 0 -4
22 0 -3
22 0 -2
22 0 -1
22 0 0
22 0 1
22 0 2
22 0 3
22 0 4
22 1 -4
22 1 -3
22 1 -2
22 1 -1
22 1 0
22 1 1
22 1 2
22 1 3
22 1 4
22 2 -4
22 2 -3
22 2 -2
22 2 -1
22 2 0
22 2 1
22 2 2
22 2 3
22 2 4
22 3 -3
22 3 -2
22 3 -1
22 3 0
22 3 1
22 3 2
22 3 3
22 4 -2
22 4 -1
22 4 0
22 4 1
22 4 2
