-23 -4 -2
-23 -4 -1
-23 -4 0
-23 -4 1
-23 -4 2
-23 -3 -3
-23 -3 -2
-23 -3 -1
-23 -3 0
-23 -3 1
-23 -3 2
-23 -3 3
-23 -2 -4
-23 -2 -3
-23 -2 -2
-23 -2 -1
-23 -2 0
-23 -2 1
-23 -2 2
-23 -2 3
-23 -2 4
-23 -1 -4
-23 -1 -3
-23 -1 -2
-23 -1 -1
-23 -1 0
-23 -1 1
-23 -1 2
-23 -1 3
-23 -1 4
-23 0 -4
-23 0 -3
-23 0 -2
-23 0 -1
-23 0 0
-23 0 1
-23 0 2
-23 0 3
-23 0 4
-23 1 -4
-23 1 -3
-23 1 -2
-23 1 -1
-23 1 0
-23 1 1
-23 1 2
-23 1 3
-23 1 4
-23 2 -4
-23 2 -3
-23 2 -2
-23 2 -1
-23 2 0
-23 2 1
-23 2 2
-23 2 3
-23 2 4
-23 3 -3
-23 3 -2
-23 3 -1
-23 3 0
-23 3 1
-23 3 2
-23 3 3
-23 4 -2
-23 4 -1
-23 4 0
-23 4 1
-23 4 2
-22 -8 -2
-22 -8 -1
-22 -8 0
-22 -8 1
-22 -8 2
-22 -7 -4
-22 -7 -3
-22 -7 -2
-22 -7 -1
-22 -7 0
-22 -7 1
-22 -7 2
-22 -7 3
-22 -7 4
-22 -6 -5
-22 -6 -4
-22 -6 -3
-22 -6 -2
-22 -6 -1
-22 -6 0
-22 -6 1
-22 -6 2
-22 -6 3
-22 -6 4
-22 -6 5
-22 -5 -6
-22 -5 -5
-22 -5 -4
-22 -5 -3
-22 -5 -2
-22 -5 -1
-22 -5 0
-22 -5 1
-22 -5 2
-22 -5 3
-22 -5 4
-22 -5 5
-22 -5 6
-22 -4 -7
-22 -4 -6
-22 -4 -5
-22 -4 -4
-22 -4 -3
-22 -4 3
-22 -4 4
-22 -4 5
-22 -4 6
-22 -4 7
-22 -3 -7
-22 -3 -6
-22 -3 -5
-22 -3 -4
-22 -3 4
-22 -3 5
-22 -3 6
-22 -3 7
-22 -2 -8
-22 -2 -7
-22 -2 -6
-22 -2 -5
-22 -2 5
-22 -2 6
-22 -2 7
-22 -2 8
-22 -1 -8
-22 -1 -7
-22 -1 -6
-22 -1 -5
-22 -1 5
-22 -1 6
-22 -1 7
-22 -1 8
-22 0 -8
-22 0 -7
-22 0 -6
-22 0 -5
-22 0 5
-22 0 6
-22 0 7
-22 0 8
-22 1 -8
-22 1 -7
-22 1 -6
-22 1 -5
-22 1 5
-22 1 6
-22 1 7
-22 1 8
-22 2 -8
-22 2 -7
-22 2 -6
-22 2 -5
-22 2 5
-22 2 6
-22 2 7
-22 2 8
-22 3 -7
-22 3 -6
-22 3 -5
-22 3 -4
-22 3 4
-22 3 5
-22 3 6
-22 3 7
-22 4 -7
-22 4 -6
-22 4 -5
-22 4 -4
-22 4 -3
-22 4 3
-22 4 4
-22 4 5
-22 4 6
-22 4 7
-22 5 -6
-22 5 -5
-22 5 -4
-22 5 -3
-22 5 -2
-22 5 -1
-22 5 0
-22 5 1
-22 5 2
-22 5 3
-22 5 4
-22 5 5
-22 5 6
-22 6 -5
-22 6 -4
-22 6 -3
-22 6 -2
-22 6 -1
-22 6 0
-22 6 1
-22 6 2
-22 6 3
-22 6 4
-22 6 5
-22 7 -4
-22 7 -3
-22 7 -2
-22 7 -1
-22 7 0
-22 7 1
-22 7 2
-22 7 3
-22 7 4
-22 8 -2
-22 8 -1
-22 8 0
-22 8 1
-22 8 2
-21 -10 -3
-21 -10 -2
-21 -10 -1
-21 -10 0
-21 -10 1
-21 -10 2
-21 -10 3
-21 -9 -5
-21 -9 -4
-21 -9 -3
-21 -9 -2
-21 -9 -1
-21 -9 0
-21 -9 1
-21 -9 2
-21 -9 3
-21 -9 4
-21 -9 5
-21 -8 -6
-21 -8 -5
-21 -8 -4
-21 -8 -3
-21 -8 3
-21 -8 4
-21 -8 5
-21 -8 6
-21 -7 -7
-21 -7 -6
-21 -7 -5
-21 -7 5
-21 -7 6
-21 -7 7
-21 -6 -8
-21 -6 -7
-21 -6 -6
-21 -6 6
-21 -6 7
-21 -6 8
-21 -5 -9
-21 -5 -8
-21 -5 -7
-21 -5 7
-21 -5 8
-21 -5 9
-21 -4 -9
-21 -4 -8
-21 -4 8
-21 -4 9
-21 -3 -10
-21 -3 -9
-21 -3 -8
-21 -3 8
-21 -3 9
-21 -3 10
-21 -2 -10
-21 -2 -9
-21 -2 9
-21 -2 10
-21 -1 -10
-21 -1 -9
-21 -1 9
-21 -1 10
-21 0 -10
-21 0 -9
-21 0 9
-21 0 10
-21 1 -10
-21 1 -9
-21 1 9
-21 1 10
-21 2 -10
-21 2 -9
-21 2 9
-21 2 10
-21 3 -10
-21 3 -9
-21 3 -8
-21 3 8
-21 3 9
-21 3 10
-21 4 -9
-21 4 -8
-21 4 8
-21 4 9
-21 5 -9
-21 5 -8
-21 5 -7
-21 5 7
-21 5 8
-21 5 9
-21 6 -8
-21 6 -7
-21 6 -6
-21 6 6
-21 6 7
-21 6 8
-21 7 -7
-21 7 -6
-21 7 -5
-21 7 5
-21 7 6
-21 7 7
-21 8 -6
-21 8 -5
-21 8 -4
-21 8 -3
-21 8 3
-21 8 4
-21 8 5
-21 8 6
-21 9 -5
-21 9 -4
-21 9 -3
-21 9 -2
-21 9 -1
-21 9 0
-21 9 1
-21 9 2
-21 9 3
-21 9 4
-21 9 5
-21 10 -3
-21 10 -2
-21 10 -1
-21 10 0
-21 10 1
-21 10 2
-21 10 3
-20 -12 -2
-20 -12 -1
-20 -12 0
-20 -12 1
-20 -12 2
-20 -11 -5
-20 -11 -4
-20 -11 -3
-20 -11 -2
-20 -11 -1
-20 -11 0
-20 -11 1
-20 -11 2
-20 -11 3
-20 -11 4
-20 -11 5
-20 -10 -7
-20 -10 -6
-20 -10 -5
-20 -10 -4
-20 -10 4
-20 -10 5
-20 -10 6
-20 -10 7
-20 -9 -8
-20 -9 -7
-20 -9 -6
-20 -9 6
-20 -9 7
-20 -9 8
-20 -8 -9
-20 -8 -8
-20 -8 -7
-20 -8 7
-20 -8 8
-20 -8 9
-20 -7 -10
-20 -7 -9
-20 -7 -8
-20 -7 8
-20 -7 9
-20 -7 10
-20 -6 -10
-20 -6 -9
-20 -6 9
-20 -6 10
-20 -5 -11
-20 -5 -10
-20 -5 10
-20 -5 11
-20 -4 -11
-20 -4 -10
-20 -4 10
-20 -4 11
-20 -3 -11
-20 -3 11
-20 -2 -12
-20 -2 -11
-20 -2 11
-20 -2 12
-20 -1 -12
-20 -1 -11
-20 -1 11
-20 -1 12
-20 0 -12
-20 0 -11
-20 0 11
-20 0 12
-20 1 -12
-20 1 -11
-20 1 11
-20 1 12
-20 2 -12
-20 2 -11
-20 2 11
-20 2 12
-20 3 -11
-20 3 11
-20 4 -11
-20 4 -10
-20 4 10
-20 4 11
-20 5 -11
-20 5 -10
-20 5 10
-20 5 11
-20 6 -10
-20 6 -9
-20 6 9
-20 6 10
-20 7 -10
-20 7 -9
-20 7 -8
-20 7 8
-20 7 9
-20 7 10
-20 8 -9
-20 8 -8
-20 8 -7
-20 8 7
-20 8 8
-20 8 9
-20 9 -8
-20 9 -7
-20 9 -6
-20 9 6
-20 9 7
-20 9 8
-20 10 -7
-20 10 -6
-20 10 -5
-20 10 -4
-20 10 4
-20 10 5
-20 10 6
-20 10 7
-20 11 -5
-20 11 -4
-20 11 -3
-20 11 -2
-20 11 -1
-20 11 0
-20 11 1
-20 11 2
-20 11 3
-20 11 4
-20 11 5
-20 12 -2
-20 12 -1
-20 12 0
-20 12 1
-20 12 2
-19 -13 -4
-19 -13 -3
-19 -13 -2
-19 -13 -1
-19 -13 0
-19 -13 1
-19 -13 2
-19 -13 3
-19 -13 4
-19 -12 -6
-19 -12 -5
-19 -12 -4
-19 -12 -3
-19 -12 3
-19 -12 4
-19 -12 5
-19 -12 6
-19 -11 -8
-19 -11 -7
-19 -11 -6
-19 -11 6
-19 -11 7
-19 -11 8
-19 -10 -9
-19 -10 -8
-19 -10 8
-19 -10 9
-19 -9 -10
-19 -9 -9
-19 -9 9
-19 -9 10
-19 -8 -11
-19 -8 -10
-19 -8 10
-19 -8 11
-19 -7 -11
-19 -7 11
-19 -6 -12
-19 -6 -11
-19 -6 11
-19 -6 12
-19 -5 -12
-19 -5 12
-19 -4 -13
-19 -4 -12
-19 -4 12
-19 -4 13
-19 -3 -13
-19 -3 -12
-19 -3 12
-19 -3 13
-19 -2 -13
-19 -2 13
-19 -1 -13
-19 -1 13
-19 0 -13
-19 0 13
-19 1 -13
-19 1 13
-19 2 -13
-19 2 13
-19 3 -13
-19 3 -12
-19 3 12
-19 3 13
-19 4 -13
-19 4 -12
-19 4 12
-19 4 13
-19 5 -12
-19 5 12
-19 6 -12
-19 6 -11
-19 6 11
-19 6 12
-19 7 -11
-19 7 11
-19 8 -11
-19 8 -10
-19 8 10
-19 8 11
-19 9 -10
-19 9 -9
-19 9 9
-19 9 10
-19 10 -9
-19 10 -8
-19 10 8
-19 10 9
-19 11 -8
-19 11 -7
-19 11 -6
-19 11 6
-19 11 7
-19 11 8
-19 12 -6
-19 12 -5
-19 12 -4
-19 12 -3
-19 12 3
-19 12 4
-19 12 5
-19 12 6
-19 13 -4
-19 13 -3
-19 13 -2
-19 13 -1
-19 13 0
-19 13 1
-19 13 2
-19 13 3
-19 13 4
-18 -15 -1
-18 -15 0
-18 -15 1
-18 -14 -5
-18 -14 -4
-18 -14 -3
-18 -14 -2
-18 -14 -1
-18 -14 0
-18 -14 1
-18 -14 2
-18 -14 3
-18 -14 4
-18 -14 5
-18 -13 -7
-18 -13 -6
-18 -13 -5
-18 -13 5
-18 -13 6
-18 -13 7
-18 -12 -9
-18 -12 -8
-18 -12 -7
-18 -12 7
-18 -12 8
-18 -12 9
-18 -11 -10
-18 -11 -9
-18 -11 9
-18 -11 10
-18 -10 -11
-18 -10 -10
-18 -10 10
-18 -10 11
-18 -9 -12
-18 -9 -11
-18 -9 11
-18 -9 12
-18 -8 -12
-18 -8 12
-18 -7 -13
-18 -7 -12
-18 -7 12
-18 -7 13
-18 -6 -13
-18 -6 13
-18 -5 -14
-18 -5 -13
-18 -5 13
-18 -5 14
-18 -4 -14
-18 -4 14
-18 -3 -14
-18 -3 14
-18 -2 -14
-18 -2 14
-18 -1 -15
-18 -1 -14
-18 -1 14
-18 -1 15
-18 0 -15
-18 0 -14
-18 0 14
-18 0 15
-18 1 -15
-18 1 -14
-18 1 14
-18 1 15
-18 2 -14
-18 2 14
-18 3 -14
-18 3 14
-18 4 -14
-18 4 14
-18 5 -14
-18 5 -13
-18 5 13
-18 5 14
-18 6 -13
-18 6 13
-18 7 -13
-18 7 -12
-18 7 12
-18 7 13
-18 8 -12
-18 8 12
-18 9 -12
-18 9 -11
-18 9 11
-18 9 12
-18 10 -11
-18 10 -10
-18 10 10
-18 10 11
-18 11 -10
-18 11 -9
-18 11 9
-18 11 10
-18 12 -9
-18 12 -8
-18 12 -7
-18 12 7
-18 12 8
-18 12 9
-18 13 -7
-18 13 -6
-18 13 -5
-18 13 5
-18 13 6
-18 13 7
-18 14 -5
-18 14 -4
-18 14 -3
-18 14 -2
-18 14 -1
-18 14 0
-18 14 1
-18 14 2
-18 14 3
-18 14 4
-18 14 5
-18 15 -1
-18 15 0
-18 15 1
-17 -16 -2
-17 -16 -1
-17 -16 0
-17 -16 1
-17 -16 2
-17 -15 -6
-17 -15 -5
-17 -15 -4
-17 -15 -3
-17 -15 -2
-17 -15 2
-17 -15 3
-17 -15 4
-17 -15 5
-17 -15 6
-17 -14 -8
-17 -14 -7
-17 -14 -6
-17 -14 6
-17 -14 7
-17 -14 8
-17 -13 -9
-17 -13 -8
-17 -13 8
-17 -13 9
-17 -12 -10
-17 -12 10
-17 -11 -11
-17 -11 11
-17 -10 -12
-17 -10 12
-17 -9 -13
-17 -9 13
-17 -8 -14
-17 -8 -13
-17 -8 13
-17 -8 14
-17 -7 -14
-17 -7 14
-17 -6 -15
-17 -6 -14
-17 -6 14
-17 -6 15
-17 -5 -15
-17 -5 15
-17 -4 -15
-17 -4 15
-17 -3 -15
-17 -3 15
-17 -2 -16
-17 -2 -15
-17 -2 15
-17 -2 16
-17 -1 -16
-17 -1 16
-17 0 -16
-17 0 16
-17 1 -16
-17 1 16
-17 2 -16
-17 2 -15
-17 2 15
-17 2 16
-17 3 -15
-17 3 15
-17 4 -15
-17 4 15
-17 5 -15
-17 5 15
-17 6 -15
-17 6 -14
-17 6 14
-17 6 15
-17 7 -14
-17 7 14
-17 8 -14
-17 8 -13
-17 8 13
-17 8 14
-17 9 -13
-17 9 13
-17 10 -12
-17 10 12
-17 11 -11
-17 11 11
-17 12 -10
-17 12 10
-17 13 -9
-17 13 -8
-17 13 8
-17 13 9
-17 14 -8
-17 14 -7
-17 14 -6
-17 14 6
-17 14 7
-17 14 8
-17 15 -6
-17 15 -5
-17 15 -4
-17 15 -3
-17 15 -2
-17 15 2
-17 15 3
-17 15 4
-17 15 5
-17 15 6
-17 16 -2
-17 16 -1
-17 16 0
-17 16 1
-17 16 2
-16 -17 -2
-16 -17 -1
-16 -17 0
-16 -17 1
-16 -17 2
-16 -16 -6
-16 -16 -5
-16 -16 -4
-16 -16 -3
-16 -16 3
-16 -16 4
-16 -16 5
-16 -16 6
-16 -15 -8
-16 -15 -7
-16 -15 7
-16 -15 8
-16 -14 -10
-16 -14 -9
-16 -14 9
-16 -14 10
-16 -13 -11
-16 -13 -10
-16 -13 10
-16 -13 11
-16 -12 -12
-16 -12 -11
-16 -12 11
-16 -12 12
-16 -11 -13
-16 -11 -12
-16 -11 12
-16 -11 13
-16 -10 -14
-16 -10 -13
-16 -10 13
-16 -10 14
-16 -9 -14
-16 -9 14
-16 -8 -15
-16 -8 15
-16 -7 -15
-16 -7 15
-16 -6 -16
-16 -6 16
-16 -5 -16
-16 -5 16
-16 -4 -16
-16 -4 16
-16 -3 -16
-16 -3 16
-16 -2 -17
-16 -2 17
-16 -1 -17
-16 -1 17
-16 0 -17
-16 0 17
-16 1 -17
-16 1 17
-16 2 -17
-16 2 17
-16 3 -16
-16 3 16
-16 4 -16
-16 4 16
-16 5 -16
-16 5 16
-16 6 -16
-16 6 16
-16 7 -15
-16 7 15
-16 8 -15
-16 8 15
-16 9 -14
-16 9 14
-16 10 -14
-16 10 -13
-16 10 13
-16 10 14
-16 11 -13
-16 11 -12
-16 11 12
-16 11 13
-16 12 -12
-16 12 -11
-16 12 11
-16 12 12
-16 13 -11
-16 13 -10
-16 13 10
-16 13 11
-16 14 -10
-16 14 -9
-16 14 9
-16 14 10
-16 15 -8
-16 15 -7
-16 15 7
-16 15 8
-16 16 -6
-16 16 -5
-16 16 -4
-16 16 -3
-16 16 3
-16 16 4
-16 16 5
-16 16 6
-16 17 -2
-16 17 -1
-16 17 0
-16 17 1
-16 17 2
-15 -18 -1
-15 -18 0
-15 -18 1
-15 -17 -6
-15 -17 -5
-15 -17 -4
-15 -17 -3
-15 -17 -2
-15 -17 2
-15 -17 3
-15 -17 4
-15 -17 5
-15 -17 6
-15 -16 -8
-15 -16 -7
-15 -16 7
-15 -16 8
-15 -15 -10
-15 -15 -9
-15 -15 9
-15 -15 10
-15 -14 -11
-15 -14 11
-15 -13 -12
-15 -13 12
-15 -12 -13
-15 -12 13
-15 -11 -14
-15 -11 14
-15 -10 -15
-15 -10 15
-15 -9 -15
-15 -9 15
-15 -8 -16
-15 -8 16
-15 -7 -16
-15 -7 16
-15 -6 -17
-15 -6 17
-15 -5 -17
-15 -5 17
-15 -4 -17
-15 -4 17
-15 -3 -17
-15 -3 17
-15 -2 -17
-15 -2 17
-15 -1 -18
-15 -1 18
-15 0 -18
-15 0 18
-15 1 -18
-15 1 18
-15 2 -17
-15 2 17
-15 3 -17
-15 3 17
-15 4 -17
-15 4 17
-15 5 -17
-15 5 17
-15 6 -17
-15 6 17
-15 7 -16
-15 7 16
-15 8 -16
-15 8 16
-15 9 -15
-15 9 15
-15 10 -15
-15 10 15
-15 11 -14
-15 11 14
-15 12 -13
-15 12 13
-15 13 -12
-15 13 12
-15 14 -11
-15 14 11
-15 15 -10
-15 15 -9
-15 15 9
-15 15 10
-15 16 -8
-15 16 -7
-15 16 7
-15 16 8
-15 17 -6
-15 17 -5
-15 17 -4
-15 17 -3
-15 17 -2
-15 17 2
-15 17 3
-15 17 4
-15 17 5
-15 17 6
-15 18 -1
-15 18 0
-15 18 1
-14 -18 -5
-14 -18 -4
-14 -18 -3
-14 -18 -2
-14 -18 -1
-14 -18 0
-14 -18 1
-14 -18 2
-14 -18 3
-14 -18 4
-14 -18 5
-14 -17 -8
-14 -17 -7
-14 -17 -6
-14 -17 6
-14 -17 7
-14 -17 8
-14 -16 -10
-14 -16 -9
-14 -16 9
-14 -16 10
-14 -15 -11
-14 -15 11
-14 -14 -12
-14 -14 12
-14 -13 -13
-14 -13 13
-14 -12 -14
-14 -12 14
-14 -11 -15
-14 -11 15
-14 -10 -16
-14 -10 16
-14 -9 -16
-14 -9 16
-14 -8 -17
-14 -8 17
-14 -7 -17
-14 -7 17
-14 -6 -17
-14 -6 17
-14 -5 -18
-14 -5 18
-14 -4 -18
-14 -4 18
-14 -3 -18
-14 -3 18
-14 -2 -18
-14 -2 18
-14 -1 -18
-14 -1 18
-14 0 -18
-14 0 18
-14 1 -18
-14 1 18
-14 2 -18
-14 2 18
-14 3 -18
-14 3 18
-14 4 -18
-14 4 18
-14 5 -18
-14 5 18
-14 6 -17
-14 6 17
-14 7 -17
-14 7 17
-14 8 -17
-14 8 17
-14 9 -16
-14 9 16
-14 10 -16
-14 10 16
-14 11 -15
-14 11 15
-14 12 -14
-14 12 14
-14 13 -13
-14 13 13
-14 14 -12
-14 14 12
-14 15 -11
-14 15 11
-14 16 -10
-14 16 -9
-14 16 9
-14 16 10
-14 17 -8
-14 17 -7
-14 17 -6
-14 17 6
-14 17 7
-14 17 8
-14 18 -5
-14 18 -4
-14 18 -3
-14 18 -2
-14 18 -1
-14 18 0
-14 18 1
-14 18 2
-14 18 3
-14 18 4
-14 18 5
-13 -19 -4
-13 -19 -3
-13 -19 -2
-13 -19 -1
-13 -19 0
-13 -19 1
-13 -19 2
-13 -19 3
-13 -19 4
-13 -18 -7
-13 -18 -6
-13 -18 -5
-13 -18 5
-13 -18 6
-13 -18 7
-13 -17 -9
-13 -17 -8
-13 -17 8
-13 -17 9
-13 -16 -11
-13 -16 -10
-13 -16 10
-13 -16 11
-13 -15 -12
-13 -15 12
-13 -14 -13
-13 -14 13
-13 -13 -14
-13 -13 14
-13 -12 -15
-13 -12 15
-13 -11 -16
-13 -11 16
-13 -10 -16
-13 -10 16
-13 -9 -17
-13 -9 17
-13 -8 -17
-13 -8 17
-13 -7 -18
-13 -7 18
-13 -6 -18
-13 -6 18
-13 -5 -18
-13 -5 18
-13 -4 -19
-13 -4 19
-13 -3 -19
-13 -3 19
-13 -2 -19
-13 -2 19
-13 -1 -19
-13 -1 19
-13 0 -19
-13 0 19
-13 1 -19
-13 1 19
-13 2 -19
-13 2 19
-13 3 -19
-13 3 19
-13 4 -19
-13 4 19
-13 5 -18
-13 5 18
-13 6 -18
-13 6 18
-13 7 -18
-13 7 18
-13 8 -17
-13 8 17
-13 9 -17
-13 9 17
-13 10 -16
-13 10 16
-13 11 -16
-13 11 16
-13 12 -15
-13 12 15
-13 13 -14
-13 13 14
-13 14 -13
-13 14 13
-13 15 -12
-13 15 12
-13 16 -11
-13 16 -10
-13 16 10
-13 16 11
-13 17 -9
-13 17 -8
-13 17 8
-13 17 9
-13 18 -7
-13 18 -6
-13 18 -5
-13 18 5
-13 18 6
-13 18 7
-13 19 -4
-13 19 -3
-13 19 -2
-13 19 -1
-13 19 0
-13 19 1
-13 19 2
-13 19 3
-13 19 4
-12 -20 -2
-12 -20 -1
-12 -20 0
-12 -20 1
-12 -20 2
-12 -19 -6
-12 -19 -5
-12 -19 -4
-12 -19 -3
-12 -19 3
-12 -19 4
-12 -19 5
-12 -19 6
-12 -18 -9
-12 -18 -8
-12 -18 -7
-12 -18 7
-12 -18 8
-12 -18 9
-12 -17 -10
-12 -17 10
-12 -16 -12
-12 -16 -11
-12 -16 11
-12 -16 12
-12 -15 -13
-12 -15 13
-12 -14 -14
-12 -14 14
-12 -13 -15
-12 -13 15
-12 -12 -16
-12 -12 16
-12 -11 -16
-12 -11 16
-12 -10 -17
-12 -10 17
-12 -9 -18
-12 -9 18
-12 -8 -18
-12 -8 18
-12 -7 -18
-12 -7 18
-12 -6 -19
-12 -6 19
-12 -5 -19
-12 -5 19
-12 -4 -19
-12 -4 19
-12 -3 -19
-12 -3 19
-12 -2 -20
-12 -2 20
-12 -1 -20
-12 -1 20
-12 0 -20
-12 0 20
-12 1 -20
-12 1 20
-12 2 -20
-12 2 20
-12 3 -19
-12 3 19
-12 4 -19
-12 4 19
-12 5 -19
-12 5 19
-12 6 -19
-12 6 19
-12 7 -18
-12 7 18
-12 8 -18
-12 8 18
-12 9 -18
-12 9 18
-12 10 -17
-12 10 17
-12 11 -16
-12 11 16
-12 12 -16
-12 12 16
-12 13 -15
-12 13 15
-12 14 -14
-12 14 14
-12 15 -13
-12 15 13
-12 16 -12
-12 16 -11
-12 16 11
-12 16 12
-12 17 -10
-12 17 10
-12 18 -9
-12 18 -8
-12 18 -7
-12 18 7
-12 18 8
-12 18 9
-12 19 -6
-12 19 -5
-12 19 -4
-12 19 -3
-12 19 3
-12 19 4
-12 19 5
-12 19 6
-12 20 -2
-12 20 -1
-12 20 0
-12 20 1
-12 20 2
-11 -20 -5
-11 -20 -4
-11 -20 -3
-11 -20 -2
-11 -20 -1
-11 -20 0
-11 -20 1
-11 -20 2
-11 -20 3
-11 -20 4
-11 -20 5
-11 -19 -8
-11 -19 -7
-11 -19 -6
-11 -19 6
-11 -19 7
-11 -19 8
-11 -18 -10
-11 -18 -9
-11 -18 9
-11 -18 10
-11 -17 -11
-11 -17 11
-11 -16 -13
-11 -16 -12
-11 -16 12
-11 -16 13
-11 -15 -14
-11 -15 14
-11 -14 -15
-11 -14 15
-11 -13 -16
-11 -13 16
-11 -12 -16
-11 -12 16
-11 -11 -17
-11 -11 17
-11 -10 -18
-11 -10 18
-11 -9 -18
-11 -9 18
-11 -8 -19
-11 -8 19
-11 -7 -19
-11 -7 19
-11 -6 -19
-11 -6 19
-11 -5 -20
-11 -5 20
-11 -4 -20
-11 -4 20
-11 -3 -20
-11 -3 20
-11 -2 -20
-11 -2 20
-11 -1 -20
-11 -1 20
-11 0 -20
-11 0 20
-11 1 -20
-11 1 20
-11 2 -20
-11 2 20
-11 3 -20
-11 3 20
-11 4 -20
-11 4 20
-11 5 -20
-11 5 20
-11 6 -19
-11 6 19
-11 7 -19
-11 7 19
-11 8 -19
-11 8 19
-11 9 -18
-11 9 18
-11 10 -18
-11 10 18
-11 11 -17
-11 11 17
-11 12 -16
-11 12 16
-11 13 -16
-11 13 16
-11 14 -15
-11 14 15
-11 15 -14
-11 15 14
-11 16 -13
-11 16 -12
-11 16 12
-11 16 13
-11 17 -11
-11 17 11
-11 18 -10
-11 18 -9
-11 18 9
-11 18 10
-11 19 -8
-11 19 -7
-11 19 -6
-11 19 6
-11 19 7
-11 19 8
-11 20 -5
-11 20 -4
-11 20 -3
-11 20 -2
-11 20 -1
-11 20 0
-11 20 1
-11 20 2
-11 20 3
-11 20 4
-11 20 5
-10 -21 -3
-10 -21 -2
-10 -21 -1
-10 -21 0
-10 -21 1
-10 -21 2
-10 -21 3
-10 -20 -7
-10 -20 -6
-10 -20 -5
-10 -20 -4
-10 -20 4
-10 -20 5
-10 -20 6
-10 -20 7
-10 -19 -9
-10 -19 -8
-10 -19 8
-10 -19 9
-10 -18 -11
-10 -18 -10
-10 -18 10
-10 -18 11
-10 -17 -12
-10 -17 12
-10 -16 -14
-10 -16 -13
-10 -16 13
-10 -16 14
-10 -15 -15
-10 -15 15
-10 -14 -16
-10 -14 16
-10 -13 -16
-10 -13 16
-10 -12 -17
-10 -12 17
-10 -11 -18
-10 -11 18
-10 -10 -18
-10 -10 18
-10 -9 -19
-10 -9 19
-10 -8 -19
-10 -8 19
-10 -7 -20
-10 -7 20
-10 -6 -20
-10 -6 20
-10 -5 -20
-10 -5 20
-10 -4 -20
-10 -4 20
-10 -3 -21
-10 -3 21
-10 -2 -21
-10 -2 21
-10 -1 -21
-10 -1 21
-10 0 -21
-10 0 21
-10 1 -21
-10 1 21
-10 2 -21
-10 2 21
-10 3 -21
-10 3 21
-10 4 -20
-10 4 20
-10 5 -20
-10 5 20
-10 6 -20
-10 6 20
-10 7 -20
-10 7 20
-10 8 -19
-10 8 19
-10 9 -19
-10 9 19
-10 10 -18
-10 10 18
-10 11 -18
-10 11 18
-10 12 -17
-10 12 17
-10 13 -16
-10 13 16
-10 14 -16
-10 14 16
-10 15 -15
-10 15 15
-10 16 -14
-10 16 -13
-10 16 13
-10 16 14
-10 17 -12
-10 17 12
-10 18 -11
-10 18 -10
-10 18 10
-10 18 11
-10 19 -9
-10 19 -8
-10 19 8
-10 19 9
-10 20 -7
-10 20 -6
-10 20 -5
-10 20 -4
-10 20 4
-10 20 5
-10 20 6
-10 20 7
-10 21 -3
-10 21 -2
-10 21 -1
-10 21 0
-10 21 1
-10 21 2
-10 21 3
-9 -21 -5
-9 -21 -4
-9 -21 -3
-9 -21 -2
-9 -21 -1
-9 -21 0
-9 -21 1
-9 -21 2
-9 -21 3
-9 -21 4
-9 -21 5
-9 -20 -8
-9 -20 -7
-9 -20 -6
-9 -20 6
-9 -20 7
-9 -20 8
-9 -19 -10
-9 -19 -9
-9 -19 9
-9 -19 10
-9 -18 -12
-9 -18 -11
-9 -18 11
-9 -18 12
-9 -17 -13
-9 -17 13
-9 -16 -14
-9 -16 14
-9 -15 -15
-9 -15 15
-9 -14 -16
-9 -14 16
-9 -13 -17
-9 -13 17
-9 -12 -18
-9 -12 18
-9 -11 -18
-9 -11 18
-9 -10 -19
-9 -10 19
-9 -9 -19
-9 -9 19
-9 -8 -20
-9 -8 20
-9 -7 -20
-9 -7 20
-9 -6 -20
-9 -6 20
-9 -5 -21
-9 -5 21
-9 -4 -21
-9 -4 21
-9 -3 -21
-9 -3 21
-9 -2 -21
-9 -2 21
-9 -1 -21
-9 -1 21
-9 0 -21
-9 0 21
-9 1 -21
-9 1 21
-9 2 -21
-9 2 21
-9 3 -21
-9 3 21
-9 4 -21
-9 4 21
-9 5 -21
-9 5 21
-9 6 -20
-9 6 20
-9 7 -20
-9 7 20
-9 8 -20
-9 8 20
-9 9 -19
-9 9 19
-9 10 -19
-9 10 19
-9 11 -18
-9 11 18
-9 12 -18
-9 12 18
-9 13 -17
-9 13 17
-9 14 -16
-9 14 16
-9 15 -15
-9 15 15
-9 16 -14
-9 16 14
-9 17 -13
-9 17 13
-9 18 -12
-9 18 -11
-9 18 11
-9 18 12
-9 19 -10
-9 19 -9
-9 19 9
-9 19 10
-9 20 -8
-9 20 -7
-9 20 -6
-9 20 6
-9 20 7
-9 20 8
-9 21 -5
-9 21 -4
-9 21 -3
-9 21 -2
-9 21 -1
-9 21 0
-9 21 1
-9 21 2
-9 21 3
-9 21 4
-9 21 5
-8 -22 -2
-8 -22 -1
-8 -22 0
-8 -22 1
-8 -22 2
-8 -21 -6
-8 -21 -5
-8 -21 -4
-8 -21 -3
-8 -21 3
-8 -21 4
-8 -21 5
-8 -21 6
-8 -20 -9
-8 -20 -8
-8 -20 -7
-8 -20 7
-8 -20 8
-8 -20 9
-8 -19 -11
-8 -19 -10
-8 -19 10
-8 -19 11
-8 -18 -12
-8 -18 12
-8 -17 -14
-8 -17 -13
-8 -17 13
-8 -17 14
-8 -16 -15
-8 -16 15
-8 -15 -16
-8 -15 16
-8 -14 -17
-8 -14 17
-8 -13 -17
-8 -13 17
-8 -12 -18
-8 -12 18
-8 -11 -19
-8 -11 19
-8 -10 -19
-8 -10 19
-8 -9 -20
-8 -9 20
-8 -8 -20
-8 -8 20
-8 -7 -20
-8 -7 20
-8 -6 -21
-8 -6 21
-8 -5 -21
-8 -5 21
-8 -4 -21
-8 -4 21
-8 -3 -21
-8 -3 21
-8 -2 -22
-8 -2 22
-8 -1 -22
-8 -1 22
-8 0 -22
-8 0 22
-8 1 -22
-8 1 22
-8 2 -22
-8 2 22
-8 3 -21
-8 3 21
-8 4 -21
-8 4 21
-8 5 -21
-8 5 21
-8 6 -21
-8 6 21
-8 7 -20
-8 7 20
-8 8 -20
-8 8 20
-8 9 -20
-8 9 20
-8 10 -19
-8 10 19
-8 11 -19
-8 11 19
-8 12 -18
-8 12 18
-8 13 -17
-8 13 17
-8 14 -17
-8 14 17
-8 15 -16
-8 15 16
-8 16 -15
-8 16 15
-8 17 -14
-8 17 -13
-8 17 13
-8 17 14
-8 18 -12
-8 18 12
-8 19 -11
-8 19 -10
-8 19 10
-8 19 11
-8 20 -9
-8 20 -8
-8 20 -7
-8 20 7
-8 20 8
-8 20 9
-8 21 -6
-8 21 -5
-8 21 -4
-8 21 -3
-8 21 3
-8 21 4
-8 21 5
-8 21 6
-8 22 -2
-8 22 -1
-8 22 0
-8 22 1
-8 22 2
-7 -22 -4
-7 -22 -3
-7 -22 -2
-7 -22 -1
-7 -22 0
-7 -22 1
-7 -22 2
-7 -22 3
-7 -22 4
-7 -21 -7
-7 -21 -6
-7 -21 -5
-7 -21 5
-7 -21 6
-7 -21 7
-7 -20 -10
-7 -20 -9
-7 -20 -8
-7 -20 8
-7 -20 9
-7 -20 10
-7 -19 -11
-7 -19 11
-7 -18 -13
-7 -18 -12
-7 -18 12
-7 -18 13
-7 -17 -14
-7 -17 14
-7 -16 -15
-7 -16 15
-7 -15 -16
-7 -15 16
-7 -14 -17
-7 -14 17
-7 -13 -18
-7 -13 18
-7 -12 -18
-7 -12 18
-7 -11 -19
-7 -11 19
-7 -10 -20
-7 -10 20
-7 -9 -20
-7 -9 20
-7 -8 -20
-7 -8 20
-7 -7 -21
-7 -7 21
-7 -6 -21
-7 -6 21
-7 -5 -21
-7 -5 21
-7 -4 -22
-7 -4 22
-7 -3 -22
-7 -3 22
-7 -2 -22
-7 -2 22
-7 -1 -22
-7 -1 22
-7 0 -22
-7 0 22
-7 1 -22
-7 1 22
-7 2 -22
-7 2 22
-7 3 -22
-7 3 22
-7 4 -22
-7 4 22
-7 5 -21
-7 5 21
-7 6 -21
-7 6 21
-7 7 -21
-7 7 21
-7 8 -20
-7 8 20
-7 9 -20
-7 9 20
-7 10 -20
-7 10 20
-7 11 -19
-7 11 19
-7 12 -18
-7 12 18
-7 13 -18
-7 13 18
-7 14 -17
-7 14 17
-7 15 -16
-7 15 16
-7 16 -15
-7 16 15
-7 17 -14
-7 17 14
-7 18 -13
-7 18 -12
-7 18 12
-7 18 13
-7 19 -11
-7 19 11
-7 20 -10
-7 20 -9
-7 20 -8
-7 20 8
-7 20 9
-7 20 10
-7 21 -7
-7 21 -6
-7 21 -5
-7 21 5
-7 21 6
-7 21 7
-7 22 -4
-7 22 -3
-7 22 -2
-7 22 -1
-7 22 0
-7 22 1
-7 22 2
-7 22 3
-7 22 4
-6 -22 -5
-6 -22 -4
-6 -22 -3
-6 -22 -2
-6 -22 -1
-6 -22 0
-6 -22 1
-6 -22 2
-6 -22 3
-6 -22 4
-6 -22 5
-6 -21 -8
-6 -21 -7
-6 -21 -6
-6 -21 6
-6 -21 7
-6 -21 8
-6 -20 -10
-6 -20 -9
-6 -20 9
-6 -20 10
-6 -19 -12
-6 -19 -11
-6 -19 11
-6 -19 12
-6 -18 -13
-6 -18 13
-6 -17 -15
-6 -17 -14
-6 -17 14
-6 -17 15
-6 -16 -16
-6 -16 16
-6 -15 -17
-6 -15 17
-6 -14 -17
-6 -14 17
-6 -13 -18
-6 -13 18
-6 -12 -19
-6 -12 19
-6 -11 -19
-6 -11 19
-6 -10 -20
-6 -10 20
-6 -9 -20
-6 -9 20
-6 -8 -21
-6 -8 21
-6 -7 -21
-6 -7 21
-6 -6 -21
-6 -6 21
-6 -5 -22
-6 -5 22
-6 -4 -22
-6 -4 22
-6 -3 -22
-6 -3 22
-6 -2 -22
-6 -2 22
-6 -1 -22
-6 -1 22
-6 0 -22
-6 0 22
-6 1 -22
-6 1 22
-6 2 -22
-6 2 22
-6 3 -22
-6 3 22
-6 4 -22
-6 4 22
-6 5 -22
-6 5 22
-6 6 -21
-6 6 21
-6 7 -21
-6 7 21
-6 8 -21
-6 8 21
-6 9 -20
-6 9 20
-6 10 -20
-6 10 20
-6 11 -19
-6 11 19
-6 12 -19
-6 12 19
-6 13 -18
-6 13 18
-6 14 -17
-6 14 17
-6 15 -17
-6 15 17
-6 16 -16
-6 16 16
-6 17 -15
-6 17 -14
-6 17 14
-6 17 15
-6 18 -13
-6 18 13
-6 19 -12
-6 19 -11
-6 19 11
-6 19 12
-6 20 -10
-6 20 -9
-6 20 9
-6 20 10
-6 21 -8
-6 21 -7
-6 21 -6
-6 21 6
-6 21 7
-6 21 8
-6 22 -5
-6 22 -4
-6 22 -3
-6 22 -2
-6 22 -1
-6 22 0
-6 22 1
-6 22 2
-6 22 3
-6 22 4
-6 22 5
-5 -22 -6
-5 -22 -5
-5 -22 -4
-5 -22 -3
-5 -22 -2
-5 -22 -1
-5 -22 0
-5 -22 1
-5 -22 2
-5 -22 3
-5 -22 4
-5 -22 5
-5 -22 6
-5 -21 -9
-5 -21 -8
-5 -21 -7
-5 -21 7
-5 -21 8
-5 -21 9
-5 -20 -11
-5 -20 -10
-5 -20 10
-5 -20 11
-5 -19 -12
-5 -19 12
-5 -18 -14
-5 -18 -13
-5 -18 13
-5 -18 14
-5 -17 -15
-5 -17 15
-5 -16 -16
-5 -16 16
-5 -15 -17
-5 -15 17
-5 -14 -18
-5 -14 18
-5 -13 -18
-5 -13 18
-5 -12 -19
-5 -12 19
-5 -11 -20
-5 -11 20
-5 -10 -20
-5 -10 20
-5 -9 -21
-5 -9 21
-5 -8 -21
-5 -8 21
-5 -7 -21
-5 -7 21
-5 -6 -22
-5 -6 22
-5 -5 -22
-5 -5 22
-5 -4 -22
-5 -4 22
-5 -3 -22
-5 -3 22
-5 -2 -22
-5 -2 22
-5 -1 -22
-5 -1 22
-5 0 -22
-5 0 22
-5 1 -22
-5 1 22
-5 2 -22
-5 2 22
-5 3 -22
-5 3 22
-5 4 -22
-5 4 22
-5 5 -22
-5 5 22
-5 6 -22
-5 6 22
-5 7 -21
-5 7 21
-5 8 -21
-5 8 21
-5 9 -21
-5 9 21
-5 10 -20
-5 10 20
-5 11 -20
-5 11 20
-5 12 -19
-5 12 19
-5 13 -18
-5 13 18
-5 14 -18
-5 14 18
-5 15 -17
-5 15 17
-5 16 -16
-5 16 16
-5 17 -15
-5 17 15
-5 18 -14
-5 18 -13
-5 18 13
-5 18 14
-5 19 -12
-5 19 12
-5 20 -11
-5 20 -10
-5 20 10
-5 20 11
-5 21 -9
-5 21 -8
-5 21 -7
-5 21 7
-5 21 8
-5 21 9
-5 22 -6
-5 22 -5
-5 22 -4
-5 22 -3
-5 22 -2
-5 22 -1
-5 22 0
-5 22 1
-5 22 2
-5 22 3
-5 22 4
-5 22 5
-5 22 6
-4 -23 -2
-4 -23 -1
-4 -23 0
-4 -23 1
-4 -23 2
-4 -22 -7
-4 -22 -6
-4 -22 -5
-4 -22 -4
-4 -22 -3
-4 -22 3
-4 -22 4
-4 -22 5
-4 -22 6
-4 -22 7
-4 -21 -9
-4 -21 -8
-4 -21 8
-4 -21 9
-4 -20 -11
-4 -20 -10
-4 -20 10
-4 -20 11
-4 -19 -13
-4 -19 -12
-4 -19 12
-4 -19 13
-4 -18 -14
-4 -18 14
-4 -17 -15
-4 -17 15
-4 -16 -16
-4 -16 16
-4 -15 -17
-4 -15 17
-4 -14 -18
-4 -14 18
-4 -13 -19
-4 -13 19
-4 -12 -19
-4 -12 19
-4 -11 -20
-4 -11 20
-4 -10 -20
-4 -10 20
-4 -9 -21
-4 -9 21
-4 -8 -21
-4 -8 21
-4 -7 -22
-4 -7 22
-4 -6 -22
-4 -6 22
-4 -5 -22
-4 -5 22
-4 -4 -22
-4 -4 22
-4 -3 -22
-4 -3 22
-4 -2 -23
-4 -2 23
-4 -1 -23
-4 -1 23
-4 0 -23
-4 0 23
-4 1 -23
-4 1 23
-4 2 -23
-4 2 23
-4 3 -22
-4 3 22
-4 4 -22
-4 4 22
-4 5 -22
-4 5 22
-4 6 -22
-4 6 22
-4 7 -22
-4 7 22
-4 8 -21
-4 8 21
-4 9 -21
-4 9 21
-4 10 -20
-4 10 20
-4 11 -20
-4 11 20
-4 12 -19
-4 12 19
-4 13 -19
-4 13 19
-4 14 -18
-4 14 18
-4 15 -17
-4 15 17
-4 16 -16
-4 16 16
-4 17 -15
-4 17 15
-4 18 -14
-4 18 14
-4 19 -13
-4 19 -12
-4 19 12
-4 19 13
-4 20 -11
-4 20 -10
-4 20 10
-4 20 11
-4 21 -9
-4 21 -8
-4 21 8
-4 21 9
-4 22 -7
-4 22 -6
-4 22 -5
-4 22 -4
-4 22 -3
-4 22 3
-4 22 4
-4 22 5
-4 22 6
-4 22 7
-4 23 -2
-4 23 -1
-4 23 0
-4 23 1
-4 23 2
-3 -23 -3
-3 -23 -2
-3 -23 -1
-3 -23 0
-3 -23 1
-3 -23 2
-3 -23 3
-3 -22 -7
-3 -22 -6
-3 -22 -5
-3 -22 -4
-3 -22 4
-3 -22 5
-3 -22 6
-3 -22 7
-3 -21 -10
-3 -21 -9
-3 -21 -8
-3 -21 8
-3 -21 9
-3 -21 10
-3 -20 -11
-3 -20 11
-3 -19 -13
-3 -19 -12
-3 -19 12
-3 -19 13
-3 -18 -14
-3 -18 14
-3 -17 -15
-3 -17 15
-3 -16 -16
-3 -16 16
-3 -15 -17
-3 -15 17
-3 -14 -18
-3 -14 18
-3 -13 -19
-3 -13 19
-3 -12 -19
-3 -12 19
-3 -11 -20
-3 -11 20
-3 -10 -21
-3 -10 21
-3 -9 -21
-3 -9 21
-3 -8 -21
-3 -8 21
-3 -7 -22
-3 -7 22
-3 -6 -22
-3 -6 22
-3 -5 -22
-3 -5 22
-3 -4 -22
-3 -4 22
-3 -3 -23
-3 -3 23
-3 -2 -23
-3 -2 23
-3 -1 -23
-3 -1 23
-3 0 -23
-3 0 23
-3 1 -23
-3 1 23
-3 2 -23
-3 2 23
-3 3 -23
-3 3 23
-3 4 -22
-3 4 22
-3 5 -22
-3 5 22
-3 6 -22
-3 6 22
-3 7 -22
-3 7 22
-3 8 -21
-3 8 21
-3 9 -21
-3 9 21
-3 10 -21
-3 10 21
-3 11 -20
-3 11 20
-3 12 -19
-3 12 19
-3 13 -19
-3 13 19
-3 14 -18
-3 14 18
-3 15 -17
-3 15 17
-3 16 -16
-3 16 16
-3 17 -15
-3 17 15
-3 18 -14
-3 18 14
-3 19 -13
-3 19 -12
-3 19 12
-3 19 13
-3 20 -11
-3 20 11
-3 21 -10
-3 21 -9
-3 21 -8
-3 21 8
-3 21 9
-3 21 10
-3 22 -7
-3 22 -6
-3 22 -5
-3 22 -4
-3 22 4
-3 22 5
-3 22 6
-3 22 7
-3 23 -3
-3 23 -2
-3 23 -1
-3 23 0
-3 23 1
-3 23 2
-3 23 3
-2 -23 -4
-2 -23 -3
-2 -23 -2
-2 -23 -1
-2 -23 0
-2 -23 1
-2 -23 2
-2 -23 3
-2 -23 4
-2 -22 -8
-2 -22 -7
-2 -22 -6
-2 -22 -5
-2 -22 5
-2 -22 6
-2 -22 7
-2 -22 8
-2 -21 -10
-2 -21 -9
-2 -21 9
-2 -21 10
-2 -20 -12
-2 -20 -11
-2 -20 11
-2 -20 12
-2 -19 -13
-2 -19 13
-2 -18 -14
-2 -18 14
-2 -17 -16
-2 -17 -15
-2 -17 15
-2 -17 16
-2 -16 -17
-2 -16 17
-2 -15 -17
-2 -15 17
-2 -14 -18
-2 -14 18
-2 -13 -19
-2 -13 19
-2 -12 -20
-2 -12 20
-2 -11 -20
-2 -11 20
-2 -10 -21
-2 -10 21
-2 -9 -21
-2 -9 21
-2 -8 -22
-2 -8 22
-2 -7 -22
-2 -7 22
-2 -6 -22
-2 -6 22
-2 -5 -22
-2 -5 22
-2 -4 -23
-2 -4 23
-2 -3 -23
-2 -3 23
-2 -2 -23
-2 -2 23
-2 -1 -23
-2 -1 23
-2 0 -23
-2 0 23
-2 1 -23
-2 1 23
-2 2 -23
-2 2 23
-2 3 -23
-2 3 23
-2 4 -23
-2 4 23
-2 5 -22
-2 5 22
-2 6 -22
-2 6 22
-2 7 -22
-2 7 22
-2 8 -22
-2 8 22
-2 9 -21
-2 9 21
-2 10 -21
-2 10 21
-2 11 -20
-2 11 20
-2 12 -20
-2 12 20
-2 13 -19
-2 13 19
-2 14 -18
-2 14 18
-2 15 -17
-2 15 17
-2 16 -17
-2 16 17
-2 17 -16
-2 17 -15
-2 17 15
-2 17 16
-2 18 -14
-2 18 14
-2 19 -13
-2 19 13
-2 20 -12
-2 20 -11
-2 20 11
-2 20 12
-2 21 -10
-2 21 -9
-2 21 9
-2 21 10
-2 22 -8
-2 22 -7
-2 22 -6
-2 22 -5
-2 22 5
-2 22 6
-2 22 7
-2 22 8
-2 23 -4
-2 23 -3
-2 23 -2
-2 23 -1
-2 23 0
-2 23 1
-2 23 2
-2 23 3
-2 23 4
-1 -23 -4
-1 -23 -3
-1 -23 -2
-1 -23 -1
-1 -23 0
-1 -23 1
-1 -23 2
-1 -23 3
-1 -23 4
-1 -22 -8
-1 -22 -7
-1 -22 -6
-1 -22 -5
-1 -22 5
-1 -22 6
-1 -22 7
-1 -22 8
-1 -21 -10
-1 -21 -9
-1 -21 9
-1 -21 10
-1 -20 -12
-1 -20 -11
-1 -20 11
-1 -20 12
-1 -19 -13
-1 -19 13
-1 -18 -15
-1 -18 -14
-1 -18 14
-1 -18 15
-1 -17 -16
-1 -17 16
-1 -16 -17
-1 -16 17
-1 -15 -18
-1 -15 18
-1 -14 -18
-1 -14 18
-1 -13 -19
-1 -13 19
-1 -12 -20
-1 -12 20
-1 -11 -20
-1 -11 20
-1 -10 -21
-1 -10 21
-1 -9 -21
-1 -9 21
-1 -8 -22
-1 -8 22
-1 -7 -22
-1 -7 22
-1 -6 -22
-1 -6 22
-1 -5 -22
-1 -5 22
-1 -4 -23
-1 -4 23
-1 -3 -23
-1 -3 23
-1 -2 -23
-1 -2 23
-1 -1 -23
-1 -1 23
-1 0 -23
-1 0 23
-1 1 -23
-1 1 23
-1 2 -23
-1 2 23
-1 3 -23
-1 3 23
-1 4 -23
-1 4 23
-1 5 -22
-1 5 22
-1 6 -22
-1 6 22
-1 7 -22
-1 7 22
-1 8 -22
-1 8 22
-1 9 -21
-1 9 21
-1 10 -21
-1 10 21
-1 11 -20
-1 11 20
-1 12 -20
-1 12 20
-1 13 -19
-1 13 19
-1 14 -18
-1 14 18
-1 15 -18
-1 15 18
-1 16 -17
-1 16 17
-1 17 -16
-1 17 16
-1 18 -15
-1 18 -14
-1 18 14
-1 18 15
-1 19 -13
-1 19 13
-1 20 -12
-1 20 -11
-1 20 11
-1 20 12
-1 21 -10
-1 21 -9
-1 21 9
-1 21 10
-1 22 -8
-1 22 -7
-1 22 -6
-1 22 -5
-1 22 5
-1 22 6
-1 22 7
-1 22 8
-1 23 -4
-1 23 -3
-1 23 -2
-1 23 -1
-1 23 0
-1 23 1
-1 23 2
-1 23 3
-1 23 4
0 -23 -4
0 -23 -3
0 -23 -2
0 -23 -1
0 -23 0
0 -23 1
0 -23 2
0 -23 3
0 -23 4
0 -22 -8
0 -22 -7
0 -22 -6
0 -22 -5
0 -22 5
0 -22 6
0 -22 7
0 -22 8
0 -21 -10
0 -21 -9
0 -21 9
0 -21 10
0 -20 -12
0 -20 -11
0 -20 11
0 -20 12
0 -19 -13
0 -19 13
0 -18 -15
0 -18 -14
0 -18 14
0 -18 15
0 -17 -16
0 -17 16
0 -16 -17
0 -16 17
0 -15 -18
0 -15 18
0 -14 -18
0 -14 18
0 -13 -19
0 -13 19
0 -12 -20
0 -12 20
0 -11 -20
0 -11 20
0 -10 -21
0 -10 21
0 -9 -21
0 -9 21
0 -8 -22
0 -8 22
0 -7 -22
0 -7 22
0 -6 -22
0 -6 22
0 -5 -22
0 -5 22
0 -4 -23
0 -4 23
0 -3 -23
0 -3 23
0 -2 -23
0 -2 23
0 -1 -23
0 -1 23
0 0 -23
0 0 23
0 1 -23
0 1 23
0 2 -23
0 2 23
0 3 -23
0 3 23
0 4 -23
0 4 23
0 5 -22
0 5 22
0 6 -22
0 6 22
0 7 -22
0 7 22
0 8 -22
0 8 22
0 9 -21
0 9 21
0 10 -21
0 10 21
0 11 -20
0 11 20
0 12 -20
0 12 20
0 13 -19
0 13 19
0 14 -18
0 14 18
0 15 -18
0 15 18
0 16 -17
0 16 17
0 17 -16
0 17 16
0 18 -15
0 18 -14
0 18 14
0 18 15
0 19 -13
0 19 13
0 20 -12
0 20 -11
0 20 11
0 20 12
0 21 -10
0 21 -9
0 21 9
0 21 10
0 22 -8
0 22 -7
0 22 -6
0 22 -5
0 22 5
0 22 6
0 22 7
0 22 8
0 23 -4
0 23 -3
0 23 -2
0 23 -1
0 23 0
0 23 1
0 23 2
0 23 3
0 23 4
1 -23 -4
1 -23 -3
1 -23 -2
1 -23 -1
1 -23 0
1 -23 1
1 -23 2
1 -23 3
1 -23 4
1 -22 -8
1 -22 -7
1 -22 -6
1 -22 -5
1 -22 5
1 -22 6
1 -22 7
1 -22 8
1 -21 -10
1 -21 -9
1 -21 9
1 -21 10
1 -20 -12
1 -20 -11
1 -20 11
1 -20 12
1 -19 -13
1 -19 13
1 -18 -15
1 -18 -14
1 -18 14
1 -18 15
1 -17 -16
1 -17 16
1 -16 -17
1 -16 17
1 -15 -18
1 -15 18
1 -14 -18
1 -14 18
1 -13 -19
1 -13 19
1 -12 -20
1 -12 20
1 -11 -20
1 -11 20
1 -10 -21
1 -10 21
1 -9 -21
1 -9 21
1 -8 -22
1 -8 22
1 -7 -22
1 -7 22
1 -6 -22
1 -6 22
1 -5 -22
1 -5 22
1 -4 -23
1 -4 23
1 -3 -23
1 -3 23
1 -2 -23
1 -2 23
1 -1 -23
1 -1 23
1 0 -23
1 0 23
1 1 -23
1 1 23
1 2 -23
1 2 23
1 3 -23
1 3 23
1 4 -23
1 4 23
1 5 -22
1 5 22
1 6 -22
1 6 22
1 7 -22
1 7 22
1 8 -22
1 8 22
1 9 -21
1 9 21
1 10 -21
1 10 21
1 11 -20
1 11 20
1 12 -20
1 12 20
1 13 -19
1 13 19
1 14 -18
1 14 18
1 15 -18
1 15 18
1 16 -17
1 16 17
1 17 -16
1 17 16
1 18 -15
1 18 -14
1 18 14
1 18 15
1 19 -13
1 19 13
1 20 -12
1 20 -11
1 20 11
1 20 12
1 21 -10
1 21 -9
1 21 9
1 21 10
1 22 -8
1 22 -7
1 22 -6
1 22 -5
1 22 5
1 22 6
1 22 7
1 22 8
1 23 -4
1 23 -3
1 23 -2
1 23 -1
1 23 0
1 23 1
1 23 2
1 23 3
1 23 4
2 -23 -4
2 -23 -3
2 -23 -2
2 -23 -1
2 -23 0
2 -23 1
2 -23 2
2 -23 3
2 -23 4
2 -22 -8
2 -22 -7
2 -22 -6
2 -22 -5
2 -22 5
2 -22 6
2 -22 7
2 -22 8
2 -21 -10
2 -21 -9
2 -21 9
2 -21 10
2 -20 -12
2 -20 -11
2 -20 11
2 -20 12
2 -19 -13
2 -19 13
2 -18 -14
2 -18 14
2 -17 -16
2 -17 -15
2 -17 15
2 -17 16
2 -16 -17
2 -16 17
2 -15 -17
2 -15 17
2 -14 -18
2 -14 18
2 -13 -19
2 -13 19
2 -12 -20
2 -12 20
2 -11 -20
2 -11 20
2 -10 -21
2 -10 21
2 -9 -21
2 -9 21
2 -8 -22
2 -8 22
2 -7 -22
2 -7 22
2 -6 -22
2 -6 22
2 -5 -22
2 -5 22
2 -4 -23
2 -4 23
2 -3 -23
2 -3 23
2 -2 -23
2 -2 23
2 -1 -23
2 -1 23
2 0 -23
2 0 23
2 1 -23
2 1 23
2 2 -23
2 2 23
2 3 -23
2 3 23
2 4 -23
2 4 23
2 5 -22
2 5 22
2 6 -22
2 6 22
2 7 -22
2 7 22
2 8 -22
2 8 22
2 9 -21
2 9 21
2 10 -21
2 10 21
2 11 -20
2 11 20
2 12 -20
2 12 20
2 13 -19
2 13 19
2 14 -18
2 14 18
2 15 -17
2 15 17
2 16 -17
2 16 17
2 17 -16
2 17 -15
2 17 15
2 17 16
2 18 -14
2 18 14
2 19 -13
2 19 13
2 20 -12
2 20 -11
2 20 11
2 20 12
2 21 -10
2 21 -9
2 21 9
2 21 10
2 22 -8
2 22 -7
2 22 -6
2 22 -5
2 22 5
2 22 6
2 22 7
2 22 8
2 23 -4
2 23 -3
2 23 -2
2 23 -1
2 23 0
2 23 1
2 23 2
2 23 3
2 23 4
3 -23 -3
3 -23 -2
3 -23 -1
3 -23 0
3 -23 1
3 -23 2
3 -23 3
3 -22 -7
3 -22 -6
3 -22 -5
3 -22 -4
3 -22 4
3 -22 5
3 -22 6
3 -22 7
3 -21 -10
3 -21 -9
3 -21 -8
3 -21 8
3 -21 9
3 -21 10
3 -20 -11
3 -20 11
3 -19 -13
3 -19 -12
3 -19 12
3 -19 13
3 -18 -14
3 -18 14
3 -17 -15
3 -17 15
3 -16 -16
3 -16 16
3 -15 -17
3 -15 17
3 -14 -18
3 -14 18
3 -13 -19
3 -13 19
3 -12 -19
3 -12 19
3 -11 -20
3 -11 20
3 -10 -21
3 -10 21
3 -9 -21
3 -9 21
3 -8 -21
3 -8 21
3 -7 -22
3 -7 22
3 -6 -22
3 -6 22
3 -5 -22
3 -5 22
3 -4 -22
3 -4 22
3 -3 -23
3 -3 23
3 -2 -23
3 -2 23
3 -1 -23
3 -1 23
3 0 -23
3 0 23
3 1 -23
3 1 23
3 2 -23
3 2 23
3 3 -23
3 3 23
3 4 -22
3 4 22
3 5 -22
3 5 22
3 6 -22
3 6 22
3 7 -22
3 7 22
3 8 -21
3 8 21
3 9 -21
3 9 21
3 10 -21
3 10 21
3 11 -20
3 11 20
3 12 -19
3 12 19
3 13 -19
3 13 19
3 14 -18
3 14 18
3 15 -17
3 15 17
3 16 -16
3 16 16
3 17 -15
3 17 15
3 18 -14
3 18 14
3 19 -13
3 19 -12
3 19 12
3 19 13
3 20 -11
3 20 11
3 21 -10
3 21 -9
3 21 -8
3 21 8
3 21 9
3 21 10
3 22 -7
3 22 -6
3 22 -5
3 22 -4
3 22 4
3 22 5
3 22 6
3 22 7
3 23 -3
3 23 -2
3 23 -1
3 23 0
3 23 1
3 23 2
3 23 3
4 -23 -2
4 -23 -1
4 -23 0
4 -23 1
4 -23 2
4 -22 -7
4 -22 -6
4 -22 -5
4 -22 -4
4 -22 -3
4 -22 3
4 -22 4
4 -22 5
4 -22 6
4 -22 7
4 -21 -9
4 -21 -8
4 -21 8
4 -21 9
4 -20 -11
4 -20 -10
4 -20 10
4 -20 11
4 -19 -13
4 -19 -12
4 -19 12
4 -19 13
4 -18 -14
4 -18 14
4 -17 -15
4 -17 15
4 -16 -16
4 -16 16
4 -15 -17
4 -15 17
4 -14 -18
4 -14 18
4 -13 -19
4 -13 19
4 -12 -19
4 -12 19
4 -11 -20
4 -11 20
4 -10 -20
4 -10 20
4 -9 -21
4 -9 21
4 -8 -21
4 -8 21
4 -7 -22
4 -7 22
4 -6 -22
4 -6 22
4 -5 -22
4 -5 22
4 -4 -22
4 -4 22
4 -3 -22
4 -3 22
4 -2 -23
4 -2 23
4 -1 -23
4 -1 23
4 0 -23
4 0 23
4 1 -23
4 1 23
4 2 -23
4 2 23
4 3 -22
4 3 22
4 4 -22
4 4 22
4 5 -22
4 5 22
4 6 -22
4 6 22
4 7 -22
4 7 22
4 8 -21
4 8 21
4 9 -21
4 9 21
4 10 -20
4 10 20
4 11 -20
4 11 20
4 12 -19
4 12 19
4 13 -19
4 13 19
4 14 -18
4 14 18
4 15 -17
4 15 17
4 16 -16
4 16 16
4 17 -15
4 17 15
4 18 -14
4 18 14
4 19 -13
4 19 -12
4 19 12
4 19 13
4 20 -11
4 20 -10
4 20 10
4 20 11
4 21 -9
4 21 -8
4 21 8
4 21 9
4 22 -7
4 22 -6
4 22 -5
4 22 -4
4 22 -3
4 22 3
4 22 4
4 22 5
4 22 6
4 22 7
4 23 -2
4 23 -1
4 23 0
4 23 1
4 23 2
5 -22 -6
5 -22 -5
5 -22 -4
5 -22 -3
5 -22 -2
5 -22 -1
5 -22 0
5 -22 1
5 -22 2
5 -22 3
5 -22 4
5 -22 5
5 -22 6
5 -21 -9
5 -21 -8
5 -21 -7
5 -21 7
5 -21 8
5 -21 9
5 -20 -11
5 -20 -10
5 -20 10
5 -20 11
5 -19 -12
5 -19 12
5 -18 -14
5 -18 -13
5 -18 13
5 -18 14
5 -17 -15
5 -17 15
5 -16 -16
5 -16 16
5 -15 -17
5 -15 17
5 -14 -18
5 -14 18
5 -13 -18
5 -13 18
5 -12 -19
5 -12 19
5 -11 -20
5 -11 20
5 -10 -20
5 -10 20
5 -9 -21
5 -9 21
5 -8 -21
5 -8 21
5 -7 -21
5 -7 21
5 -6 -22
5 -6 22
5 -5 -22
5 -5 22
5 -4 -22
5 -4 22
5 -3 -22
5 -3 22
5 -2 -22
5 -2 22
5 -1 -22
5 -1 22
5 0 -22
5 0 22
5 1 -22
5 1 22
5 2 -22
5 2 22
5 3 -22
5 3 22
5 4 -22
5 4 22
5 5 -22
5 5 22
5 6 -22
5 6 22
5 7 -21
5 7 21
5 8 -21
5 8 21
5 9 -21
5 9 21
5 10 -20
5 10 20
5 11 -20
5 11 20
5 12 -19
5 12 19
5 13 -18
5 13 18
5 14 -18
5 14 18
5 15 -17
5 15 17
5 16 -16
5 16 16
5 17 -15
5 17 15
5 18 -14
5 18 -13
5 18 13
5 18 14
5 19 -12
5 19 12
5 20 -11
5 20 -10
5 20 10
5 20 11
5 21 -9
5 21 -8
5 21 -7
5 21 7
5 21 8
5 21 9
5 22 -6
5 22 -5
5 22 -4
5 22 -3
5 22 -2
5 22 -1
5 22 0
5 22 1
5 22 2
5 22 3
5 22 4
5 22 5
5 22 6
6 -22 -5
6 -22 -4
6 -22 -3
6 -22 -2
6 -22 -1
6 -22 0
6 -22 1
6 -22 2
6 -22 3
6 -22 4
6 -22 5
6 -21 -8
6 -21 -7
6 -21 -6
6 -21 6
6 -21 7
6 -21 8
6 -20 -10
6 -20 -9
6 -20 9
6 -20 10
6 -19 -12
6 -19 -11
6 -19 11
6 -19 12
6 -18 -13
6 -18 13
6 -17 -15
6 -17 -14
6 -17 14
6 -17 15
6 -16 -16
6 -16 16
6 -15 -17
6 -15 17
6 -14 -17
6 -14 17
6 -13 -18
6 -13 18
6 -12 -19
6 -12 19
6 -11 -19
6 -11 19
6 -10 -20
6 -10 20
6 -9 -20
6 -9 20
6 -8 -21
6 -8 21
6 -7 -21
6 -7 21
6 -6 -21
6 -6 21
6 -5 -22
6 -5 22
6 -4 -22
6 -4 22
6 -3 -22
6 -3 22
6 -2 -22
6 -2 22
6 -1 -22
6 -1 22
6 0 -22
6 0 22
6 1 -22
6 1 22
6 2 -22
6 2 22
6 3 -22
6 3 22
6 4 -22
6 4 22
6 5 -22
6 5 22
6 6 -21
6 6 21
6 7 -21
6 7 21
6 8 -21
6 8 21
6 9 -20
6 9 20
6 10 -20
6 10 20
6 11 -19
6 11 19
6 12 -19
6 12 19
6 13 -18
6 13 18
6 14 -17
6 14 17
6 15 -17
6 15 17
6 16 -16
6 16 16
6 17 -15
6 17 -14
6 17 14
6 17 15
6 18 -13
6 18 13
6 19 -12
6 19 -11
6 19 11
6 19 12
6 20 -10
6 20 -9
6 20 9
6 20 10
6 21 -8
6 21 -7
6 21 -6
6 21 6
6 21 7
6 21 8
6 22 -5
6 22 -4
6 22 -3
6 22 -2
6 22 -1
6 22 0
6 22 1
6 22 2
6 22 3
6 22 4
6 22 5
7 -22 -4
7 -22 -3
7 -22 -2
7 -22 -1
7 -22 0
7 -22 1
7 -22 2
7 -22 3
7 -22 4
7 -21 -7
7 -21 -6
7 -21 -5
7 -21 5
7 -21 6
7 -21 7
7 -20 -10
7 -20 -9
7 -20 -8
7 -20 8
7 -20 9
7 -20 10
7 -19 -11
7 -19 11
7 -18 -13
7 -18 -12
7 -18 12
7 -18 13
7 -17 -14
7 -17 14
7 -16 -15
7 -16 15
7 -15 -16
7 -15 16
7 -14 -17
7 -14 17
7 -13 -18
7 -13 18
7 -12 -18
7 -12 18
7 -11 -19
7 -11 19
7 -10 -20
7 -10 20
7 -9 -20
7 -9 20
7 -8 -20
7 -8 20
7 -7 -21
7 -7 21
7 -6 -21
7 -6 21
7 -5 -21
7 -5 21
7 -4 -22
7 -4 22
7 -3 -22
7 -3 22
7 -2 -22
7 -2 22
7 -1 -22
7 -1 22
7 0 -22
7 0 22
7 1 -22
7 1 22
7 2 -22
7 2 22
7 3 -22
7 3 22
7 4 -22
7 4 22
7 5 -21
7 5 21
7 6 -21
7 6 21
7 7 -21
7 7 21
7 8 -20
7 8 20
7 9 -20
7 9 20
7 10 -20
7 10 20
7 11 -19
7 11 19
7 12 -18
7 12 18
7 13 -18
7 13 18
7 14 -17
7 14 17
7 15 -16
7 15 16
7 16 -15
7 16 15
7 17 -14
7 17 14
7 18 -13
7 18 -12
7 18 12
7 18 13
7 19 -11
7 19 11
7 20 -10
7 20 -9
7 20 -8
7 20 8
7 20 9
7 20 10
7 21 -7
7 21 -6
7 21 -5
7 21 5
7 21 6
7 21 7
7 22 -4
7 22 -3
7 22 -2
7 22 -1
7 22 0
7 22 1
7 22 2
7 22 3
7 22 4
8 -22 -2
8 -22 -1
8 -22 0
8 -22 1
8 -22 2
8 -21 -6
8 -21 -5
8 -21 -4
8 -21 -3
8 -21 3
8 -21 4
8 -21 5
8 -21 6
8 -20 -9
8 -20 -8
8 -20 -7
8 -20 7
8 -20 8
8 -20 9
8 -19 -11
8 -19 -10
8 -19 10
8 -19 11
8 -18 -12
8 -18 12
8 -17 -14
8 -17 -13
8 -17 13
8 -17 14
8 -16 -15
8 -16 15
8 -15 -16
8 -15 16
8 -14 -17
8 -14 17
8 -13 -17
8 -13 17
8 -12 -18
8 -12 18
8 -11 -19
8 -11 19
8 -10 -19
8 -10 19
8 -9 -20
8 -9 20
8 -8 -20
8 -8 20
8 -7 -20
8 -7 20
8 -6 -21
8 -6 21
8 -5 -21
8 -5 21
8 -4 -21
8 -4 21
8 -3 -21
8 -3 21
8 -2 -22
8 -2 22
8 -1 -22
8 -1 22
8 0 -22
8 0 22
8 1 -22
8 1 22
8 2 -22
8 2 22
8 3 -21
8 3 21
8 4 -21
8 4 21
8 5 -21
8 5 21
8 6 -21
8 6 21
8 7 -20
8 7 20
8 8 -20
8 8 20
8 9 -20
8 9 20
8 10 -19
8 10 19
8 11 -19
8 11 19
8 12 -18
8 12 18
8 13 -17
8 13 17
8 14 -17
8 14 17
8 15 -16
8 15 16
8 16 -15
8 16 15
8 17 -14
8 17 -13
8 17 13
8 17 14
8 18 -12
8 18 12
8 19 -11
8 19 -10
8 19 10
8 19 11
8 20 -9
8 20 -8
8 20 -7
8 20 7
8 20 8
8 20 9
8 21 -6
8 21 -5
8 21 -4
8 21 -3
8 21 3
8 21 4
8 21 5
8 21 6
8 22 -2
8 22 -1
8 22 0
8 22 1
8 22 2
9 -21 -5
9 -21 -4
9 -21 -3
9 -21 -2
9 -21 -1
9 -21 0
9 -21 1
9 -21 2
9 -21 3
9 -21 4
9 -21 5
9 -20 -8
9 -20 -7
9 -20 -6
9 -20 6
9 -20 7
9 -20 8
9 -19 -10
9 -19 -9
9 -19 9
9 -19 10
9 -18 -12
9 -18 -11
9 -18 11
9 -18 12
9 -17 -13
9 -17 13
9 -16 -14
9 -16 14
9 -15 -15
9 -15 15
9 -14 -16
9 -14 16
9 -13 -17
9 -13 17
9 -12 -18
9 -12 18
9 -11 -18
9 -11 18
9 -10 -19
9 -10 19
9 -9 -19
9 -9 19
9 -8 -20
9 -8 20
9 -7 -20
9 -7 20
9 -6 -20
9 -6 20
9 -5 -21
9 -5 21
9 -4 -21
9 -4 21
9 -3 -21
9 -3 21
9 -2 -21
9 -2 21
9 -1 -21
9 -1 21
9 0 -21
9 0 21
9 1 -21
9 1 21
9 2 -21
9 2 21
9 3 -21
9 3 21
9 4 -21
9 4 21
9 5 -21
9 5 21
9 6 -20
9 6 20
9 7 -20
9 7 20
9 8 -20
9 8 20
9 9 -19
9 9 19
9 10 -19
9 10 19
9 11 -18
9 11 18
9 12 -18
9 12 18
9 13 -17
9 13 17
9 14 -16
9 14 16
9 15 -15
9 15 15
9 16 -14
9 16 14
9 17 -13
9 17 13
9 18 -12
9 18 -11
9 18 11
9 18 12
9 19 -10
9 19 -9
9 19 9
9 19 10
9 20 -8
9 20 -7
9 20 -6
9 20 6
9 20 7
9 20 8
9 21 -5
9 21 -4
9 21 -3
9 21 -2
9 21 -1
9 21 0
9 21 1
9 21 2
9 21 3
9 21 4
9 21 5
10 -21 -3
10 -21 -2
10 -21 -1
10 -21 0
10 -21 1
10 -21 2
10 -21 3
10 -20 -7
10 -20 -6
10 -20 -5
10 -20 -4
10 -20 4
10 -20 5
10 -20 6
10 -20 7
10 -19 -9
10 -19 -8
10 -19 8
10 -19 9
10 -18 -11
10 -18 -10
10 -18 10
10 -18 11
10 -17 -12
10 -17 12
10 -16 -14
10 -16 -13
10 -16 13
10 -16 14
10 -15 -15
10 -15 15
10 -14 -16
10 -14 16
10 -13 -16
10 -13 16
10 -12 -17
10 -12 17
10 -11 -18
10 -11 18
10 -10 -18
10 -10 18
10 -9 -19
10 -9 19
10 -8 -19
10 -8 19
10 -7 -20
10 -7 20
10 -6 -20
10 -6 20
10 -5 -20
10 -5 20
10 -4 -20
10 -4 20
10 -3 -21
10 -3 21
10 -2 -21
10 -2 21
10 -1 -21
10 -1 21
10 0 -21
10 0 21
10 1 -21
10 1 21
10 2 -21
10 2 21
10 3 -21
10 3 21
10 4 -20
10 4 20
10 5 -20
10 5 20
10 6 -20
10 6 20
10 7 -20
10 7 20
10 8 -19
10 8 19
10 9 -19
10 9 19
10 10 -18
10 10 18
10 11 -18
10 11 18
10 12 -17
10 12 17
10 13 -16
10 13 16
10 14 -16
10 14 16
10 15 -15
10 15 15
10 16 -14
10 16 -13
10 16 13
10 16 14
10 17 -12
10 17 12
10 18 -11
10 18 -10
10 18 10
10 18 11
10 19 -9
10 19 -8
10 19 8
10 19 9
10 20 -7
10 20 -6
10 20 -5
10 20 -4
10 20 4
10 20 5
10 20 6
10 20 7
10 21 -3
10 21 -2
10 21 -1
10 21 0
10 21 1
10 21 2
10 21 3
11 -20 -5
11 -20 -4
11 -20 -3
11 -20 -2
11 -20 -1
11 -20 0
11 -20 1
11 -20 2
11 -20 3
11 -20 4
11 -20 5
11 -19 -8
11 -19 -7
11 -19 -6
11 -19 6
11 -19 7
11 -19 8
11 -18 -10
11 -18 -9
11 -18 9
11 -18 10
11 -17 -11
11 -17 11
11 -16 -13
11 -16 -12
11 -16 12
11 -16 13
11 -15 -14
11 -15 14
11 -14 -15
11 -14 15
11 -13 -16
11 -13 16
11 -12 -16
11 -12 16
11 -11 -17
11 -11 17
11 -10 -18
11 -10 18
11 -9 -18
11 -9 18
11 -8 -19
11 -8 19
11 -7 -19
11 -7 19
11 -6 -19
11 -6 19
11 -5 -20
11 -5 20
11 -4 -20
11 -4 20
11 -3 -20
11 -3 20
11 -2 -20
11 -2 20
11 -1 -20
11 -1 20
11 0 -20
11 0 20
11 1 -20
11 1 20
11 2 -20
11 2 20
11 3 -20
11 3 20
11 4 -20
11 4 20
11 5 -20
11 5 20
11 6 -19
11 6 19
11 7 -19
11 7 19
11 8 -19
11 8 19
11 9 -18
11 9 18
11 10 -18
11 10 18
11 11 -17
11 11 17
11 12 -16
11 12 16
11 13 -16
11 13 16
11 14 -15
11 14 15
11 15 -14
11 15 14
11 16 -13
11 16 -12
11 16 12
11 16 13
11 17 -11
11 17 11
11 18 -10
11 18 -9
11 18 9
11 18 10
11 19 -8
11 19 -7
11 19 -6
11 19 6
11 19 7
11 19 8
11 20 -5
11 20 -4
11 20 -3
11 20 -2
11 20 -1
11 20 0
11 20 1
11 20 2
11 20 3
11 20 4
11 20 5
12 -20 -2
12 -20 -1
12 -20 0
12 -20 1
12 -20 2
12 -19 -6
12 -19 -5
12 -19 -4
12 -19 -3
12 -19 3
12 -19 4
12 -19 5
12 -19 6
12 -18 -9
12 -18 -8
12 -18 -7
12 -18 7
12 -18 8
12 -18 9
12 -17 -10
12 -17 10
12 -16 -12
12 -16 -11
12 -16 11
12 -16 12
12 -15 -13
12 -15 13
12 -14 -14
12 -14 14
12 -13 -15
12 -13 15
12 -12 -16
12 -12 16
12 -11 -16
12 -11 16
12 -10 -17
12 -10 17
12 -9 -18
12 -9 18
12 -8 -18
12 -8 18
12 -7 -18
12 -7 18
12 -6 -19
12 -6 19
12 -5 -19
12 -5 19
12 -4 -19
12 -4 19
12 -3 -19
12 -3 19
12 -2 -20
12 -2 20
12 -1 -20
12 -1 20
12 0 -20
12 0 20
12 1 -20
12 1 20
12 2 -20
12 2 20
12 3 -19
12 3 19
12 4 -19
12 4 19
12 5 -19
12 5 19
12 6 -19
12 6 19
12 7 -18
12 7 18
12 8 -18
12 8 18
12 9 -18
12 9 18
12 10 -17
12 10 17
12 11 -16
12 11 16
12 12 -16
12 12 16
12 13 -15
12 13 15
12 14 -14
12 14 14
12 15 -13
12 15 13
12 16 -12
12 16 -11
12 16 11
12 16 12
12 17 -10
12 17 10
12 18 -9
12 18 -8
12 18 -7
12 18 7
12 18 8
12 18 9
12 19 -6
12 19 -5
12 19 -4
12 19 -3
12 19 3
12 19 4
12 19 5
12 19 6
12 20 -2
12 20 -1
12 20 0
12 20 1
12 20 2
13 -19 -4
13 -19 -3
13 -19 -2
13 -19 -1
13 -19 0
13 -19 1
13 -19 2
13 -19 3
13 -19 4
13 -18 -7
13 -18 -6
13 -18 -5
13 -18 5
13 -18 6
13 -18 7
13 -17 -9
13 -17 -8
13 -17 8
13 -17 9
13 -16 -11
13 -16 -10
13 -16 10
13 -16 11
13 -15 -12
13 -15 12
13 -14 -13
13 -14 13
13 -13 -14
13 -13 14
13 -12 -15
13 -12 15
13 -11 -16
13 -11 16
13 -10 -16
13 -10 16
13 -9 -17
13 -9 17
13 -8 -17
13 -8 17
13 -7 -18
13 -7 18
13 -6 -18
13 -6 18
13 -5 -18
13 -5 18
13 -4 -19
13 -4 19
13 -3 -19
13 -3 19
13 -2 -19
13 -2 19
13 -1 -19
13 -1 19
13 0 -19
13 0 19
13 1 -19
13 1 19
13 2 -19
13 2 19
13 3 -19
13 3 19
13 4 -19
13 4 19
13 5 -18
13 5 18
13 6 -18
13 6 18
13 7 -18
13 7 18
13 8 -17
13 8 17
13 9 -17
13 9 17
13 10 -16
13 10 16
13 11 -16
13 11 16
13 12 -15
13 12 15
13 13 -14
13 13 14
13 14 -13
13 14 13
13 15 -12
13 15 12
13 16 -11
13 16 -10
13 16 10
13 16 11
13 17 -9
13 17 -8
13 17 8
13 17 9
13 18 -7
13 18 -6
13 18 -5
13 18 5
13 18 6
13 18 7
13 19 -4
13 19 -3
13 19 -2
13 19 -1
13 19 0
13 19 1
13 19 2
13 19 3
13 19 4
14 -18 -5
14 -18 -4
14 -18 -3
14 -18 -2
14 -18 -1
14 -18 0
14 -18 1
14 -18 2
14 -18 3
14 -18 4
14 -18 5
14 -17 -8
14 -17 -7
14 -17 -6
14 -17 6
14 -17 7
14 -17 8
14 -16 -10
14 -16 -9
14 -16 9
14 -16 10
14 -15 -11
14 -15 11
14 -14 -12
14 -14 12
14 -13 -13
14 -13 13
14 -12 -14
14 -12 14
14 -11 -15
14 -11 15
14 -10 -16
14 -10 16
14 -9 -16
14 -9 16
14 -8 -17
14 -8 17
14 -7 -17
14 -7 17
14 -6 -17
14 -6 17
14 -5 -18
14 -5 18
14 -4 -18
14 -4 18
14 -3 -18
14 -3 18
14 -2 -18
14 -2 18
14 -1 -18
14 -1 18
14 0 -18
14 0 18
14 1 -18
14 1 18
14 2 -18
14 2 18
14 3 -18
14 3 18
14 4 -18
14 4 18
14 5 -18
14 5 18
14 6 -17
14 6 17
14 7 -17
14 7 17
14 8 -17
14 8 17
14 9 -16
14 9 16
14 10 -16
14 10 16
14 11 -15
14 11 15
14 12 -14
14 12 14
14 13 -13
14 13 13
14 14 -12
14 14 12
14 15 -11
14 15 11
14 16 -10
14 16 -9
14 16 9
14 16 10
14 17 -8
14 17 -7
14 17 -6
14 17 6
14 17 7
14 17 8
14 18 -5
14 18 -4
14 18 -3
14 18 -2
14 18 -1
14 18 0
14 18 1
14 18 2
14 18 3
14 18 4
14 18 5
15 -18 -1
15 -18 0
15 -18 1
15 -17 -6
15 -17 -5
15 -17 -4
15 -17 -3
15 -17 -2
15 -17 2
15 -17 3
15 -17 4
15 -17 5
15 -17 6
15 -16 -8
15 -16 -7
15 -16 7
15 -16 8
15 -15 -10
15 -15 -9
15 -15 9
15 -15 10
15 -14 -11
15 -14 11
15 -13 -12
15 -13 12
15 -12 -13
15 -12 13
15 -11 -14
15 -11 14
15 -10 -15
15 -10 15
15 -9 -15
15 -9 15
15 -8 -16
15 -8 16
15 -7 -16
15 -7 16
15 -6 -17
15 -6 17
15 -5 -17
15 -5 17
15 -4 -17
15 -4 17
15 -3 -17
15 -3 17
15 -2 -17
15 -2 17
15 -1 -18
15 -1 18
15 0 -18
15 0 18
15 1 -18
15 1 18
15 2 -17
15 2 17
15 3 -17
15 3 17
15 4 -17
15 4 17
15 5 -17
15 5 17
15 6 -17
15 6 17
15 7 -16
15 7 16
15 8 -16
15 8 16
15 9 -15
15 9 15
15 10 -15
15 10 15
15 11 -14
15 11 14
15 12 -13
15 12 13
15 13 -12
15 13 12
15 14 -11
15 14 11
15 15 -10
15 15 -9
15 15 9
15 15 10
15 16 -8
15 16 -7
15 16 7
15 16 8
15 17 -6
15 17 -5
15 17 -4
15 17 -3
15 17 -2
15 17 2
15 17 3
15 17 4
15 17 5
15 17 6
15 18 -1
15 18 0
15 18 1
16 -17 -2
16 -17 -1
16 -17 0
16 -17 1
16 -17 2
16 -16 -6
16 -16 -5
16 -16 -4
16 -16 -3
16 -16 3
16 -16 4
16 -16 5
16 -16 6
16 -15 -8
16 -15 -7
16 -15 7
16 -15 8
16 -14 -10
16 -14 -9
16 -14 9
16 -14 10
16 -13 -11
16 -13 -10
16 -13 10
16 -13 11
16 -12 -12
16 -12 -11
16 -12 11
16 -12 12
16 -11 -13
16 -11 -12
16 -11 12
16 -11 13
16 -10 -14
16 -10 -13
16 -10 13
16 -10 14
16 -9 -14
16 -9 14
16 -8 -15
16 -8 15
16 -7 -15
16 -7 15
16 -6 -16
16 -6 16
16 -5 -16
16 -5 16
16 -4 -16
16 -4 16
16 -3 -16
16 -3 16
16 -2 -17
16 -2 17
16 -1 -17
16 -1 17
16 0 -17
16 0 17
16 1 -17
16 1 17
16 2 -17
16 2 17
16 3 -16
16 3 16
16 4 -16
16 4 16
16 5 -16
16 5 16
16 6 -16
16 6 16
16 7 -15
16 7 15
16 8 -15
16 8 15
16 9 -14
16 9 14
16 10 -14
16 10 -13
16 10 13
16 10 14
16 11 -13
16 11 -12
16 11 12
16 11 13
16 12 -12
16 12 -11
16 12 11
16 12 12
16 13 -11
16 13 -10
16 13 10
16 13 11
16 14 -10
16 14 -9
16 14 9
16 14 10
16 15 -8
16 15 -7
16 15 7
16 15 8
16 16 -6
16 16 -5
16 16 -4
16 16 -3
16 16 3
16 16 4
16 16 5
16 16 6
16 17 -2
16 17 -1
16 17 0
16 17 1
16 17 2
17 -16 -2
17 -16 -1
17 -16 0
17 -16 1
17 -16 2
17 -15 -6
17 -15 -5
17 -15 -4
17 -15 -3
17 -15 -2
17 -15 2
17 -15 3
17 -15 4
17 -15 5
17 -15 6
17 -14 -8
17 -14 -7
17 -14 -6
17 -14 6
17 -14 7
17 -14 8
17 -13 -9
17 -13 -8
17 -13 8
17 -13 9
17 -12 -10
17 -12 10
17 -11 -11
17 -11 11
17 -10 -12
17 -10 12
17 -9 -13
17 -9 13
17 -8 -14
17 -8 -13
17 -8 13
17 -8 14
17 -7 -14
17 -7 14
17 -6 -15
17 -6 -14
17 -6 14
17 -6 15
17 -5 -15
17 -5 15
17 -4 -15
17 -4 15
17 -3 -15
17 -3 15
17 -2 -16
17 -2 -15
17 -2 15
17 -2 16
17 -1 -16
17 -1 16
17 0 -16
17 0 16
17 1 -16
17 1 16
17 2 -16
17 2 -15
17 2 15
17 2 16
17 3 -15
17 3 15
17 4 -15
17 4 15
17 5 -15
17 5 15
17 6 -15
17 6 -14
17 6 14
17 6 15
17 7 -14
17 7 14
17 8 -14
17 8 -13
17 8 13
17 8 14
17 9 -13
17 9 13
17 10 -12
17 10 12
17 11 -11
17 11 11
17 12 -10
17 12 10
17 13 -9
17 13 -8
17 13 8
17 13 9
17 14 -8
17 14 -7
17 14 -6
17 14 6
17 14 7
17 14 8
17 15 -6
17 15 -5
17 15 -4
17 15 -3
17 15 -2
17 15 2
17 15 3
17 15 4
17 15 5
17 15 6
17 16 -2
17 16 -1
17 16 0
17 16 1
17 16 2
18 -15 -1
18 -15 0
18 -15 1
18 -14 -5
18 -14 -4
18 -14 -3
18 -14 -2
18 -14 -1
18 -14 0
18 -14 1
18 -14 2
18 -14 3
18 -14 4
18 -14 5
18 -13 -7
18 -13 -6
18 -13 -5
18 -13 5
18 -13 6
18 -13 7
18 -12 -9
18 -12 -8
18 -12 -7
18 -12 7
18 -12 8
18 -12 9
18 -11 -10
18 -11 -9
18 -11 9
18 -11 10
18 -10 -11
18 -10 -10
18 -10 10
18 -10 11
18 -9 -12
18 -9 -11
18 -9 11
18 -9 12
18 -8 -12
18 -8 12
18 -7 -13
18 -7 -12
18 -7 12
18 -7 13
18 -6 -13
18 -6 13
18 -5 -14
18 -5 -13
18 -5 13
18 -5 14
18 -4 -14
18 -4 14
18 -3 -14
18 -3 14
18 -2 -14
18 -2 14
18 -1 -15
18 -1 -14
18 -1 14
18 -1 15
18 0 -15
18 0 -14
18 0 14
18 0 15
18 1 -15
18 1 -14
18 1 14
18 1 15
18 2 -14
18 2 14
18 3 -14
18 3 14
18 4 -14
18 4 14
18 5 -14
18 5 -13
18 5 13
18 5 14
18 6 -13
18 6 13
18 7 -13
18 7 -12
18 7 12
18 7 13
18 8 -12
18 8 12
18 9 -12
18 9 -11
18 9 11
18 9 12
18 10 -11
18 10 -10
18 10 10
18 10 11
18 11 -10
18 11 -9
18 11 9
18 11 10
18 12 -9
18 12 -8
18 12 -7
18 12 7
18 12 8
18 12 9
18 13 -7
18 13 -6
18 13 -5
18 13 5
18 13 6
18 13 7
18 14 -5
18 14 -4
18 14 -3
18 14 -2
18 14 -1
18 14 0
18 14 1
18 14 2
18 14 3
18 14 4
18 14 5
18 15 -1
18 15 0
18 15 1
19 -13 -4
19 -13 -3
19 -13 -2
19 -13 -1
19 -13 0
19 -13 1
19 -13 2
19 -13 3
19 -13 4
19 -12 -6
19 -12 -5
19 -12 -4
19 -12 -3
19 -12 3
19 -12 4
19 -12 5
19 -12 6
19 -11 -8
19 -11 -7
19 -11 -6
19 -11 6
19 -11 7
19 -11 8
19 -10 -9
19 -10 -8
19 -10 8
19 -10 9
19 -9 -10
19 -9 -9
19 -9 9
19 -9 10
19 -8 -11
19 -8 -10
19 -8 10
19 -8 11
19 -7 -11
19 -7 11
19 -6 -12
19 -6 -11
19 -6 11
19 -6 12
19 -5 -12
19 -5 12
19 -4 -13
19 -4 -12
19 -4 12
19 -4 13
19 -3 -13
19 -3 -12
19 -3 12
19 -3 13
19 -2 -13
19 -2 13
19 -1 -13
19 -1 13
19 0 -13
19 0 13
19 1 -13
19 1 13
19 2 -13
19 2 13
19 3 -13
19 3 -12
19 3 12
19 3 13
19 4 -13
19 4 -12
19 4 12
19 4 13
19 5 -12
19 5 12
19 6 -12
19 6 -11
19 6 11
19 6 12
19 7 -11
19 7 11
19 8 -11
19 8 -10
19 8 10
19 8 11
19 9 -10
19 9 -9
19 9 9
19 9 10
19 10 -9
19 10 -8
19 10 8
19 10 9
19 11 -8
19 11 -7
19 11 -6
19 11 6
19 11 7
19 11 8
19 12 -6
19 12 -5
19 12 -4
19 12 -3
19 12 3
19 12 4
19 12 5
19 12 6
19 13 -4
19 13 -3
19 13 -2
19 13 -1
19 13 0
19 13 1
19 13 2
19 13 3
19 13 4
20 -12 -2
20 -12 -1
20 -12 0
20 -12 1
20 -12 2
20 -11 -5
20 -11 -4
20 -11 -3
20 -11 -2
20 -11 -1
20 -11 0
20 -11 1
20 -11 2
20 -11 3
20 -11 4
20 -11 5
20 -10 -7
20 -10 -6
20 -10 -5
20 -10 -4
20 -10 4
20 -10 5
20 -10 6
20 -10 7
20 -9 -8
20 -9 -7
20 -9 -6
20 -9 6
20 -9 7
20 -9 8
20 -8 -9
20 -8 -8
20 -8 -7
20 -8 7
20 -8 8
20 -8 9
20 -7 -10
20 -7 -9
20 -7 -8
20 -7 8
20 -7 9
20 -7 10
20 -6 -10
20 -6 -9
20 -6 9
20 -6 10
20 -5 -11
20 -5 -10
20 -5 10
20 -5 11
20 -4 -11
20 -4 -10
20 -4 10
20 -4 11
20 -3 -11
20 -3 11
20 -2 -12
20 -2 -11
20 -2 11
20 -2 12
20 -1 -12
20 -1 -11
20 -1 11
20 -1 12
20 0 -12
20 0 -11
20 0 11
20 0 12
20 1 -12
20 1 -11
20 1 11
20 1 12
20 2 -12
20 2 -11
20 2 11
20 2 12
20 3 -11
20 3 11
20 4 -11
20 4 -10
20 4 10
20 4 11
20 5 -11
20 5 -10
20 5 10
20 5 11
20 6 -10
20 6 -9
20 6 9
20 6 10
20 7 -10
20 7 -9
20 7 -8
20 7 8
20 7 9
20 7 10
20 8 -9
20 8 -8
20 8 -7
20 8 7
20 8 8
20 8 9
20 9 -8
20 9 -7
20 9 -6
20 9 6
20 9 7
20 9 8
20 10 -7
20 10 -6
20 10 -5
20 10 -4
20 10 4
20 10 5
20 10 6
20 10 7
20 11 -5
20 11 -4
20 11 -3
20 11 -2
20 11 -1
20 11 0
20 11 1
20 11 2
20 11 3
20 11 4
20 11 5
20 12 -2
20 12 -1
20 12 0
20 12 1
20 12 2
21 -10 -3
21 -10 -2
21 -10 -1
21 -10 0
21 -10 1
21 -10 2
21 -10 3
21 -9 -5
21 -9 -4
21 -9 -3
21 -9 -2
21 -9 -1
21 -9 0
21 -9 1
21 -9 2
21 -9 3
21 -9 4
21 -9 5
21 -8 -6
21 -8 -5
21 -8 -4
21 -8 -3
21 -8 3
21 -8 4
21 -8 5
21 -8 6
21 -7 -7
21 -7 -6
21 -7 -5
21 -7 5
21 -7 6
21 -7 7
21 -6 -8
21 -6 -7
21 -6 -6
21 -6 6
21 -6 7
21 -6 8
21 -5 -9
21 -5 -8
21 -5 -7
21 -5 7
21 -5 8
21 -5 9
21 -4 -9
21 -4 -8
21 -4 8
21 -4 9
21 -3 -10
21 -3 -9
21 -3 -8
21 -3 8
21 -3 9
21 -3 10
21 -2 -10
21 -2 -9
21 -2 9
21 -2 10
21 -1 -10
21 -1 -9
21 -1 9
21 -1 10
21 0 -10
21 0 -9
21 0 9
21 0 10
21 1 -10
21 1 -9
21 1 9
21 1 10
21 2 -10
21 2 -9
21 2 9
21 2 10
21 3 -10
21 3 -9
21 3 -8
21 3 8
21 3 9
21 3 10
21 4 -9
21 4 -8
21 4 8
21 4 9
21 5 -9
21 5 -8
21 5 -7
21 5 7
21 5 8
21 5 9
21 6 -8
21 6 -7
21 6 -6
21 6 6
21 6 7
21 6 8
21 7 -7
21 7 -6
21 7 -5
21 7 5
21 7 6
21 7 7
21 8 -6
21 8 -5
21 8 -4
21 8 -3
21 8 3
21 8 4
21 8 5
21 8 6
21 9 -5
21 9 -4
21 9 -3
21 9 -2
21 9 -1
21 9 0
21 9 1
21 9 2
21 9 3
21 9 4
21 9 5
21 10 -3
21 10 -2
21 10 -1
21 10 0
21 10 1
21 10 2
21 10 3
22 -8 -2
22 -8 -1
22 -8 0
22 -8 1
22 -8 2
22 -7 -4
22 -7 -3
22 -7 -2
22 -7 -1
22 -7 0
22 -7 1
22 -7 2
22 -7 3
22 -7 4
22 -6 -5
22 -6 -4
22 -6 -3
22 -6 -2
22 -6 -1
22 -6 0
22 -6 1
22 -6 2
22 -6 3
22 -6 4
22 -6 5
22 -5 -6
22 -5 -5
22 -5 -4
22 -5 -3
22 -5 -2
22 -5 -1
22 -5 0
22 -5 1
22 -5 2
22 -5 3
22 -5 4
22 -5 5
22 -5 6
22 -4 -7
22 -4 -6
22 -4 -5
22 -4 -4
22 -4 -3
22 -4 3
22 -4 4
22 -4 5
22 -4 6
22 -4 7
22 -3 -7
22 -3 -6
22 -3 -5
22 -3 -4
22 -3 4
22 -3 5
22 -3 6
22 -3 7
22 -2 -8
22 -2 -7
22 -2 -6
22 -2 -5
22 -2 5
22 -2 6
22 -2 7
22 -2 8
22 -1 -8
22 -1 -7
22 -1 -6
22 -1 -5
22 -1 5
22 -1 6
22 -1 7
22 -1 8
22 0 -8
22 0 -7
22 0 -6
22 0 -5
22 0 5
22 0 6
22 0 7
22 0 8
22 1 -8
22 1 -7
22 1 -6
22 1 -5
22 1 5
22 1 6
22 1 7
22 1 8
22 2 -8
22 2 -7
22 2 -6
22 2 -5
22 2 5
22 2 6
22 2 7
22 2 8
22 3 -7
22 3 -6
22 3 -5
22 3 -4
22 3 4
22 3 5
22 3 6
22 3 7
22 4 -7
22 4 -6
22 4 -5
22 4 -4
22 4 -3
22 4 3
22 4 4
22 4 5
22 4 6
22 4 7
22 5 -6
22 5 -5
22 5 -4
22 5 -3
22 5 -2
22 5 -1
22 5 0
22 5 1
22 5 2
22 5 3
22 5 4
22 5 5
22 5 6
22 6 -5
22 6 -4
22 6 -3
22 6 -2
22 6 -1
22 6 0
22 6 1
22 6 2
22 6 3
22 6 4
22 6 5
22 7 -4
22 7 -3
22 7 -2
22 7 -1
22 7 0
22 7 1
22 7 2
22 7 3
22 7 4
22 8 -2
22 8 -1
22 8 0
22 8 1
22 8 2
23 -4 -2
23 -4 -1
23 -4 0
23 -4 1
23 -4 2
23 -3 -3
23 -3 -2
23 -3 -1
23 -3 0
23 -3 1
23 -3 2
23 -3 3
23 -2 -4
23 -2 -3
23 -2 -2
23 -2 -1
23 -2 0
23 -2 1
23 -2 2
23 -2 3
23 -2 4
23 -1 -4
23 -1 -3
23 -1 -2
23 -1 -1
23 -1 0
23 -1 1
23 -1 2
23 -1 3
23 -1 4
23 0 -4
23 0 -3
23 0 -2
23 0 -1
23 0 0
23 0 1
23 0 2
23 0 3
23 0 4
23 1 -4
23 1 -3
23 1 -2
23 1 -1
23 1 0
23 1 1
23 1 2
23 1 3
23 1 4
23 2 -4
23 2 -3
23 2 -2
23 2 -1
23 2 0
23 2 1
23 2 2
23 2 3
23 2 4
23 3 -3
23 3 -2
23 3 -1
23 3 0
23 3 1
23 3 2
23 3 3
23 4 -2
23 4 -1
23 4 0
23 4 1
23 4 2
