-11 -3 -1
-11 -3 0
-11 -3 1
-11 -2 -2
-11 -2 -1
-11 -2 0
-11 -2 1
-11 -2 2
-11 -1 -3
-11 -1 -2
-11 -1 -1
-11 -1 0
-11 -1 1
-11 -1 2
-11 -1 3
-11 0 -3
-11 0 -2
-11 0 -1
-11 0 0
-11 0 1
-11 0 2
-11 0 3
-11 1 -3
-11 1 -2
-11 1 -1
-11 1 0
-11 1 1
-11 1 2
-11 1 3
-11 2 -2
-11 2 -1
-11 2 0
-11 2 1
-11 2 2
-11 3 -1
-11 3 0
-11 3 1
-10 -5 -2
-10 -5 -1
-10 -5 0
-10 -5 1
-10 -5 2
-10 -4 -4
-10 -4 -3
-10 -4 -2
-10 -4 -1
-10 -4 0
-10 -4 1
-10 -4 2
-10 -4 3
-10 -4 4
-10 -3 -4
-10 -3 -3
-10 -3 -2
-10 -3 2
-10 -3 3
-10 -3 4
-10 -2 -5
-10 -2 -4
-10 -2 -3
-10 -2 3
-10 -2 4
-10 -2 5
-10 -1 -5
-10 -1 -4
-10 -1 4
-10 -1 5
-10 0 -5
-10 0 -4
-10 0 4
-10 0 5
-10 1 -5
-10 1 -4
-10 1 4
-10 1 5
-10 2 -5
-10 2 -4
-10 2 -3
-10 2 3
-10 2 4
-10 2 5
-10 3 -4
-10 3 -3
-10 3 -2
-10 3 2
-10 3 3
-10 3 4
-10 4 -4
-10 4 -3
-10 4 -2
-10 4 -1
-10 4 0
-10 4 1
-10 4 2
-10 4 3
-10 4 4
-10 5 -2
-10 5 -1
-10 5 0
-10 5 1
-10 5 2
-9 -7 -1
-9 -7 0
-9 -7 1
-9 -6 -3
-9 -6 -2
-9 -6 -1
-9 -6 0
-9 -6 1
-9 -6 2
-9 -6 3
-9 -5 -5
-9 -5 -4
-9 -5 -3
-9 -5 3
-9 -5 4
-9 -5 5
-9 -4 -5
-9 -4 5
-9 -3 -6
-9 -3 -5
-9 -3 5
-9 -3 6
-9 -2 -6
-9 -2 6
-9 -1 -7
-9 -1 -6
-9 -1 6
-9 -1 7
-9 0 -7
-9 0 -6
-9 0 6
-9 0 7
-9 1 -7
-9 1 -6
-9 1 6
-9 1 7
-9 2 -6
-9 2 6
-9 3 -6
-9 3 -5
-9 3 5
-9 3 6
-9 4 -5
-9 4 5
-9 5 -5
-9 5 -4
-9 5 -3
-9 5 3
-9 5 4
-9 5 5
-9 6 -3
-9 6 -2
-9 6 -1
-9 6 0
-9 6 1
-9 6 2
-9 6 3
-9 7 -1
-9 7 0
-9 7 1
-8 -8 -2
-8 -8 -1
-8 -8 0
-8 -8 1
-8 -8 2
-8 -7 -4
-8 -7 -3
-8 -7 -2
-8 -7 2
-8 -7 3
-8 -7 4
-8 -6 -5
-8 -6 -4
-8 -6 4
-8 -6 5
-8 -5 -6
-8 -5 6
-8 -4 -7
-8 -4 -6
-8 -4 6
-8 -4 7
-8 -3 -7
-8 -3 7
-8 -2 -8
-8 -2 -7
-8 -2 7
-8 -2 8
-8 -1 -8
-8 -1 8
-8 0 -8
-8 0 8
-8 1 -8
-8 1 8
-8 2 -8
-8 2 -7
-8 2 7
-8 2 8
-8 3 -7
-8 3 7
-8 4 -7
-8 4 -6
-8 4 6
-8 4 7
-8 5 -6
-8 5 6
-8 6 -5
-8 6 -4
-8 6 4
-8 6 5
-8 7 -4
-8 7 -3
-8 7 -2
-8 7 2
-8 7 3
-8 7 4
-8 8 -2
-8 8 -1
-8 8 0
-8 8 1
-8 8 2
-7 -9 -1
-7 -9 0
-7 -9 1
-7 -8 -4
-7 -8 -3
-7 -8 -2
-7 -8 2
-7 -8 3
-7 -8 4
-7 -7 -5
-7 -7 5
-7 -6 -6
-7 -6 6
-7 -5 -7
-7 -5 7
-7 -4 -8
-7 -4 8
-7 -3 -8
-7 -3 8
-7 -2 -8
-7 -2 8
-7 -1 -9
-7 -1 9
-7 0 -9
-7 0 9
-7 1 -9
-7 1 9
-7 2 -8
-7 2 8
-7 3 -8
-7 3 8
-7 4 -8
-7 4 8
-7 5 -7
-7 5 7
-7 6 -6
-7 6 6
-7 7 -5
-7 7 5
-7 8 -4
-7 8 -3
-7 8 -2
-7 8 2
-7 8 3
-7 8 4
-7 9 -1
-7 9 0
-7 9 1
-6 -9 -3
-6 -9 -2
-6 -9 -1
-6 -9 0
-6 -9 1
-6 -9 2
-6 -9 3
-6 -8 -5
-6 -8 -4
-6 -8 4
-6 -8 5
-6 -7 -6
-6 -7 6
-6 -6 -7
-6 -6 7
-6 -5 -8
-6 -5 8
-6 -4 -8
-6 -4 8
-6 -3 -9
-6 -3 9
-6 -2 -9
-6 -2 9
-6 -1 -9
-6 -1 9
-6 0 -9
-6 0 9
-6 1 -9
-6 1 9
-6 2 -9
-6 2 9
-6 3 -9
-6 3 9
-6 4 -8
-6 4 8
-6 5 -8
-6 5 8
-6 6 -7
-6 6 7
-6 7 -6
-6 7 6
-6 8 -5
-6 8 -4
-6 8 4
-6 8 5
-6 9 -3
-6 9 -2
-6 9 -1
-6 9 0
-6 9 1
-6 9 2
-6 9 3
-5 -10 -2
-5 -10 -1
-5 -10 0
-5 -10 1
-5 -10 2
-5 -9 -5
-5 -9 -4
-5 -9 -3
-5 -9 3
-5 -9 4
-5 -9 5
-5 -8 -6
-5 -8 6
-5 -7 -7
-5 -7 7
-5 -6 -8
-5 -6 8
-5 -5 -9
-5 -5 9
-5 -4 -9
-5 -4 9
-5 -3 -9
-5 -3 9
-5 -2 -10
-5 -2 10
-5 -1 -10
-5 -1 10
-5 0 -10
-5 0 10
-5 1 -10
-5 1 10
-5 2 -10
-5 2 10
-5 3 -9
-5 3 9
-5 4 -9
-5 4 9
-5 5 -9
-5 5 9
-5 6 -8
-5 6 8
-5 7 -7
-5 7 7
-5 8 -6
-5 8 6
-5 9 -5
-5 9 -4
-5 9 -3
-5 9 3
-5 9 4
-5 9 5
-5 10 -2
-5 10 -1
-5 10 0
-5 10 1
-5 10 2
-4 -10 -4
-4 -10 -3
-4 -10 -2
-4 -10 -1
-4 -10 0
-4 -10 1
-4 -10 2
-4 -10 3
-4 -10 4
-4 -9 -5
-4 -9 5
-4 -8 -7
-4 -8 -6
-4 -8 6
-4 -8 7
-4 -7 -8
-4 -7 8
-4 -6 -8
-4 -6 8
-4 -5 -9
-4 -5 9
-4 -4 -10
-4 -4 10
-4 -3 -10
-4 -3 10
-4 -2 -10
-4 -2 10
-4 -1 -10
-4 -1 10
-4 0 -10
-4 0 10
-4 1 -10
-4 1 10
-4 2 -10
-4 2 10
-4 3 -10
-4 3 10
-4 4 -10
-4 4 10
-4 5 -9
-4 5 9
-4 6 -8
-4 6 8
-4 7 -8
-4 7 8
-4 8 -7
-4 8 -6
-4 8 6
-4 8 7
-4 9 -5
-4 9 5
-4 10 -4
-4 10 -3
-4 10 -2
-4 10 -1
-4 10 0
-4 10 1
-4 10 2
-4 10 3
-4 10 4
-3 -11 -1
-3 -11 0
-3 -11 1
-3 -10 -4
-3 -10 -3
-3 -10 -2
-3 -10 2
-3 -10 3
-3 -10 4
-3 -9 -6
-3 -9 -5
-3 -9 5
-3 -9 6
-3 -8 -7
-3 -8 7
-3 -7 -8
-3 -7 8
-3 -6 -9
-3 -6 9
-3 -5 -9
-3 -5 9
-3 -4 -10
-3 -4 10
-3 -3 -10
-3 -3 10
-3 -2 -10
-3 -2 10
-3 -1 -11
-3 -1 11
-3 0 -11
-3 0 11
-3 1 -11
-3 1 11
-3 2 -10
-3 2 10
-3 3 -10
-3 3 10
-3 4 -10
-3 4 10
-3 5 -9
-3 5 9
-3 6 -9
-3 6 9
-3 7 -8
-3 7 8
-3 8 -7
-3 8 7
-3 9 -6
-3 9 -5
-3 9 5
-3 9 6
-3 10 -4
-3 10 -3
-3 10 -2
-3 10 2
-3 10 3
-3 10 4
-3 11 -1
-3 11 0
-3 11 1
-2 -11 -2
-2 -11 -1
-2 -11 0
-2 -11 1
-2 -11 2
-2 -10 -5
-2 -10 -4
-2 -10 -3
-2 -10 3
-2 -10 4
-2 -10 5
-2 -9 -6
-2 -9 6
-2 -8 -8
-2 -8 -7
-2 -8 7
-2 -8 8
-2 -7 -8
-2 -7 8
-2 -6 -9
-2 -6 9
-2 -5 -10
-2 -5 10
-2 -4 -10
-2 -4 10
-2 -3 -10
-2 -3 10
-2 -2 -11
-2 -2 11
-2 -1 -11
-2 -1 11
-2 0 -11
-2 0 11
-2 1 -11
-2 1 11
-2 2 -11
-2 2 11
-2 3 -10
-2 3 10
-2 4 -10
-2 4 10
-2 5 -10
-2 5 10
-2 6 -9
-2 6 9
-2 7 -8
-2 7 8
-2 8 -8
-2 8 -7
-2 8 7
-2 8 8
-2 9 -6
-2 9 6
-2 10 -5
-2 10 -4
-2 10 -3
-2 10 3
-2 10 4
-2 10 5
-2 11 -2
-2 11 -1
-2 11 0
-2 11 1
-2 11 2
-1 -11 -3
-1 -11 -2
-1 -11 -1
-1 -11 0
-1 -11 1
-1 -11 2
-1 -11 3
-1 -10 -5
-1 -10 -4
-1 -10 4
-1 -10 5
-1 -9 -7
-1 -9 -6
-1 -9 6
-1 -9 7
-1 -8 -8
-1 -8 8
-1 -7 -9
-1 -7 9
-1 -6 -9
-1 -6 9
-1 -5 -10
-1 -5 10
-1 -4 -10
-1 -4 10
-1 -3 -11
-1 -3 11
-1 -2 -11
-1 -2 11
-1 -1 -11
-1 -1 11
-1 0 -11
-1 0 11
-1 1 -11
-1 1 11
-1 2 -11
-1 2 11
-1 3 -11
-1 3 11
-1 4 -10
-1 4 10
-1 5 -10
-1 5 10
-1 6 -9
-1 6 9
-1 7 -9
-1 7 9
-1 8 -8
-1 8 8
-1 9 -7
-1 9 -6
-1 9 6
-1 9 7
-1 10 -5
-1 10 -4
-1 10 4
-1 10 5
-1 11 -3
-1 11 -2
-1 11 -1
-1 11 0
-1 11 1
-1 11 2
-1 11 3
0 -11 -3
0 -11 -2
0 -11 -1
0 -11 0
0 -11 1
0 -11 2
0 -11 3
0 -10 -5
0 -10 -4
0 -10 4
0 -10 5
0 -9 -7
0 -9 -6
0 -9 6
0 -9 7
0 -8 -8
0 -8 8
0 -7 -9
0 -7 9
0 -6 -9
0 -6 9
0 -5 -10
0 -5 10
0 -4 -10
0 -4 10
0 -3 -11
0 -3 11
0 -2 -11
0 -2 11
0 -1 -11
0 -1 11
0 0 -11
0 0 11
0 1 -11
0 1 11
0 2 -11
0 2 11
0 3 -11
0 3 11
0 4 -10
0 4 10
0 5 -10
0 5 10
0 6 -9
0 6 9
0 7 -9
0 7 9
0 8 -8
0 8 8
0 9 -7
0 9 -6
0 9 6
0 9 7
0 10 -5
0 10 -4
0 10 4
0 10 5
0 11 -3
0 11 -2
0 11 -1
0 11 0
0 11 1
0 11 2
0 11 3
1 -11 -3
1 -11 -2
1 -11 -1
1 -11 0
1 -11 1
1 -11 2
1 -11 3
1 -10 -5
1 -10 -4
1 -10 4
1 -10 5
1 -9 -7
1 -9 -6
1 -9 6
1 -9 7
1 -8 -8
1 -8 8
1 -7 -9
1 -7 9
1 -6 -9
1 -6 9
1 -5 -10
1 -5 10
1 -4 -10
1 -4 10
1 -3 -11
1 -3 11
1 -2 -11
1 -2 11
1 -1 -11
1 -1 11
1 0 -11
1 0 11
1 1 -11
1 1 11
1 2 -11
1 2 11
1 3 -11
1 3 11
1 4 -10
1 4 10
1 5 -10
1 5 10
1 6 -9
1 6 9
1 7 -9
1 7 9
1 8 -8
1 8 8
1 9 -7
1 9 -6
1 9 6
1 9 7
1 10 -5
1 10 -4
1 10 4
1 10 5
1 11 -3
1 11 -2
1 11 -1
1 11 0
1 11 1
1 11 2
1 11 3
2 -11 -2
2 -11 -1
2 -11 0
2 -11 1
2 -11 2
2 -10 -5
2 -10 -4
2 -10 -3
2 -10 3
2 -10 4
2 -10 5
2 -9 -6
2 -9 6
2 -8 -8
2 -8 -7
2 -8 7
2 -8 8
2 -7 -8
2 -7 8
2 -6 -9
2 -6 9
2 -5 -10
2 -5 10
2 -4 -10
2 -4 10
2 -3 -10
2 -3 10
2 -2 -11
2 -2 11
2 -1 -11
2 -1 11
2 0 -11
2 0 11
2 1 -11
2 1 11
2 2 -11
2 2 11
2 3 -10
2 3 10
2 4 -10
2 4 10
2 5 -10
2 5 10
2 6 -9
2 6 9
2 7 -8
2 7 8
2 8 -8
2 8 -7
2 8 7
2 8 8
2 9 -6
2 9 6
2 10 -5
2 10 -4
2 10 -3
2 10 3
2 10 4
2 10 5
2 11 -2
2 11 -1
2 11 0
2 11 1
2 11 2
3 -11 -1
3 -11 0
3 -11 1
3 -10 -4
3 -10 -3
3 -10 -2
3 -10 2
3 -10 3
3 -10 4
3 -9 -6
3 -9 -5
3 -9 5
3 -9 6
3 -8 -7
3 -8 7
3 -7 -8
3 -7 8
3 -6 -9
3 -6 9
3 -5 -9
3 -5 9
3 -4 -10
3 -4 10
3 -3 -10
3 -3 10
3 -2 -10
3 -2 10
3 -1 -11
3 -1 11
3 0 -11
3 0 11
3 1 -11
3 1 11
3 2 -10
3 2 10
3 3 -10
3 3 10
3 4 -10
3 4 10
3 5 -9
3 5 9
3 6 -9
3 6 9
3 7 -8
3 7 8
3 8 -7
3 8 7
3 9 -6
3 9 -5
3 9 5
3 9 6
3 10 -4
3 10 -3
3 10 -2
3 10 2
3 10 3
3 10 4
3 11 -1
3 11 0
3 11 1
4 -10 -4
4 -10 -3
4 -10 -2
4 -10 -1
4 -10 0
4 -10 1
4 -10 2
4 -10 3
4 -10 4
4 -9 -5
4 -9 5
4 -8 -7
4 -8 -6
4 -8 6
4 -8 7
4 -7 -8
4 -7 8
4 -6 -8
4 -6 8
4 -5 -9
4 -5 9
4 -4 -10
4 -4 10
4 -3 -10
4 -3 10
4 -2 -10
4 -2 10
4 -1 -10
4 -1 10
4 0 -10
4 0 10
4 1 -10
4 1 10
4 2 -10
4 2 10
4 3 -10
4 3 10
4 4 -10
4 4 10
4 5 -9
4 5 9
4 6 -8
4 6 8
4 7 -8
4 7 8
4 8 -7
4 8 -6
4 8 6
4 8 7
4 9 -5
4 9 5
4 10 -4
4 10 -3
4 10 -2
4 10 -1
4 10 0
4 10 1
4 10 2
4 10 3
4 10 4
5 -10 -2
5 -10 -1
5 -10 0
5 -10 1
5 -10 2
5 -9 -5
5 -9 -4
5 -9 -3
5 -9 3
5 -9 4
5 -9 5
5 -8 -6
5 -8 6
5 -7 -7
5 -7 7
5 -6 -8
5 -6 8
5 -5 -9
5 -5 9
5 -4 -9
5 -4 9
5 -3 -9
5 -3 9
5 -2 -10
5 -2 10
5 -1 -10
5 -1 10
5 0 -10
5 0 10
5 1 -10
5 1 10
5 2 -10
5 2 10
5 3 -9
5 3 9
5 4 -9
5 4 9
5 5 -9
5 5 9
5 6 -8
5 6 8
5 7 -7
5 7 7
5 8 -6
5 8 6
5 9 -5
5 9 -4
5 9 -3
5 9 3
5 9 4
5 9 5
5 10 -2
5 10 -1
5 10 0
5 10 1
5 10 2
6 -9 -3
6 -9 -2
6 -9 -1
6 -9 0
6 -9 1
6 -9 2
6 -9 3
6 -8 -5
6 -8 -4
6 -8 4
6 -8 5
6 -7 -6
6 -7 6
6 -6 -7
6 -6 7
6 -5 -8
6 -5 8
6 -4 -8
6 -4 8
6 -3 -9
6 -3 9
6 -2 -9
6 -2 9
6 -1 -9
6 -1 9
6 0 -9
6 0 9
6 1 -9
6 1 9
6 2 -9
6 2 9
6 3 -9
6 3 9
6 4 -8
6 4 8
6 5 -8
6 5 8
6 6 -7
6 6 7
6 7 -6
6 7 6
6 8 -5
6 8 -4
6 8 4
6 8 5
6 9 -3
6 9 -2
6 9 -1
6 9 0
6 9 1
6 9 2
6 9 3
7 -9 -1
7 -9 0
7 -9 1
7 -8 -4
7 -8 -3
7 -8 -2
7 -8 2
7 -8 3
7 -8 4
7 -7 -5
7 -7 5
7 -6 -6
7 -6 6
7 -5 -7
7 -5 7
7 -4 -8
7 -4 8
7 -3 -8
7 -3 8
7 -2 -8
7 -2 8
7 -1 -9
7 -1 9
7 0 -9
7 0 9
7 1 -9
7 1 9
7 2 -8
7 2 8
7 3 -8
7 3 8
7 4 -8
7 4 8
7 5 -7
7 5 7
7 6 -6
7 6 6
7 7 -5
7 7 5
7 8 -4
7 8 -3
7 8 -2
7 8 2
7 8 3
7 8 4
7 9 -1
7 9 0
7 9 1
8 -8 -2
8 -8 -1
8 -8 0
8 -8 1
8 -8 2
8 -7 -4
8 -7 -3
8 -7 -2
8 -7 2
8 -7 3
8 -7 4
8 -6 -5
8 -6 -4
8 -6 4
8 -6 5
8 -5 -6
8 -5 6
8 -4 -7
8 -4 -6
8 -4 6
8 -4 7
8 -3 -7
8 -3 7
8 -2 -8
8 -2 -7
8 -2 7
8 -2 8
8 -1 -8
8 -1 8
8 0 -8
8 0 8
8 1 -8
8 1 8
8 2 -8
8 2 -7
8 2 7
8 2 8
8 3 -7
8 3 7
8 4 -7
8 4 -6
8 4 6
8 4 7
8 5 -6
8 5 6
8 6 -5
8 6 -4
8 6 4
8 6 5
8 7 -4
8 7 -3
8 7 -2
8 7 2
8 7 3
8 7 4
8 8 -2
8 8 -1
8 8 0
8 8 1
8 8 2
9 -7 -1
9 -7 0
9 -7 1
9 -6 -3
9 -6 -2
9 -6 -1
9 -6 0
9 -6 1
9 -6 2
9 -6 3
9 -5 -5
9 -5 -4
9 -5 -3
9 -5 3
9 -5 4
9 -5 5
9 -4 -5
9 -4 5
9 -3 -6
9 -3 -5
9 -3 5
9 -3 6
9 -2 -6
9 -2 6
9 -1 -7
9 -1 -6
9 -1 6
9 -1 7
9 0 -7
9 0 -6
9 0 6
9 0 7
9 1 -7
9 1 -6
9 1 6
9 1 7
9 2 -6
9 2 6
9 3 -6
9 3 -5
9 3 5
9 3 6
9 4 -5
9 4 5
9 5 -5
9 5 -4
9 5 -3
9 5 3
9 5 4
9 5 5
9 6 -3
9 6 -2
9 6 -1
9 6 0
9 6 1
9 6 2
9 6 3
9 7 -1
9 7 0
9 7 1
10 -5 -2
10 -5 -1
10 -5 0
10 -5 1
10 -5 2
10 -4 -4
10 -4 -3
10 -4 -2
10 -4 -1
10 -4 0
10 -4 1
10 -4 2
10 -4 3
10 -4 4
10 -3 -4
10 -3 -3
10 -3 -2
10 -3 2
10 -3 3
10 -3 4
10 -2 -5
10 -2 -4
10 -2 -3
10 -2 3
10 -2 4
10 -2 5
10 -1 -5
10 -1 -4
10 -1 4
10 -1 5
10 0 -5
10 0 -4
10 0 4
10 0 5
10 1 -5
10 1 -4
10 1 4
10 1 5
10 2 -5
10 2 -4
10 2 -3
10 2 3
10 2 4
10 2 5
10 3 -4
10 3 -3
10 3 -2
10 3 2
10 3 3
10 3 4
10 4 -4
10 4 -3
10 4 -2
10 4 -1
10 4 0
10 4 1
10 4 2
10 4 3
10 4 4
10 5 -2
10 5 -1
10 5 0
10 5 1
10 5 2
11 -3 -1
11 -3 0
11 -3 1
11 -2 -2
11 -2 -1
11 -2 0
11 -2 1
11 -2 2
11 -1 -3
11 -1 -2
11 -1 -1
11 -1 0
11 -1 1
11 -1 2
11 -1 3
11 0 -3
11 0 -2
11 0 -1
11 0 0
11 0 1
11 0 2
11 0 3
11 1 -3
11 1 -2
11 1 -1
11 1 0
11 1 1
11 1 2
11 1 3
11 2 -2
11 2 -1
11 2 0
11 2 1
11 2 2
11 3 -1
11 3 0
11 3 1
