-17 -4 -1
-17 -4 0
-17 -4 1
-17 -3 -2
-17 -3 -1
-17 -3 0
-17 -3 1
-17 -3 2
-17 -2 -3
-17 -2 -2
-17 -2 -1
-17 -2 0
-17 -2 1
-17 -2 2
-17 -2 3
-17 -1 -4
-17 -1 -3
-17 -1 -2
-17 -1 -1
-17 -1 0
-17 -1 1
-17 -1 2
-17 -1 3
-17 -1 4
-17 0 -4
-17 0 -3
-17 0 -2
-17 0 -1
-17 0 0
-17 0 1
-17 0 2
-17 0 3
-17 0 4
-17 1 -4
-17 1 -3
-17 1 -2
-17 1 -1
-17 1 0
-17 1 1
-17 1 2
-17 1 3
-17 1 4
-17 2 -3
-17 2 -2
-17 2 -1
-17 2 0
-17 2 1
-17 2 2
-17 2 3
-17 3 -2
-17 3 -1
-17 3 0
-17 3 1
-17 3 2
-17 4 -1
-17 4 0
-17 4 1
-16 -7 -1
-16 -7 0
-16 -7 1
-16 -6 -3
-16 -6 -2
-16 -6 -1
-16 -6 0
-16 -6 1
-16 -6 2
-16 -6 3
-16 -5 -5
-16 -5 -4
-16 -5 -3
-16 -5 -2
-16 -5 -1
-16 -5 0
-16 -5 1
-16 -5 2
-16 -5 3
-16 -5 4
-16 -5 5
-16 -4 -5
-16 -4 -4
-16 -4 -3
-16 -4 -2
-16 -4 2
-16 -4 3
-16 -4 4
-16 -4 5
-16 -3 -6
-16 -3 -5
-16 -3 -4
-16 -3 -3
-16 -3 3
-16 -3 4
-16 -3 5
-16 -3 6
-16 -2 -6
-16 -2 -5
-16 -2 -4
-16 -2 4
-16 -2 5
-16 -2 6
-16 -1 -7
-16 -1 -6
-16 -1 -5
-16 -1 5
-16 -1 6
-16 -1 7
-16 0 -7
-16 0 -6
-16 0 -5
-16 0 5
-16 0 6
-16 0 7
-16 1 -7
-16 1 -6
-16 1 -5
-16 1 5
-16 1 6
-16 1 7
-16 2 -6
-16 2 -5
-16 2 -4
-16 2 4
-16 2 5
-16 2 6
-16 3 -6
-16 3 -5
-16 3 -4
-16 3 -3
-16 3 3
-16 3 4
-16 3 5
-16 3 6
-16 4 -5
-16 4 -4
-16 4 -3
-16 4 -2
-16 4 2
-16 4 3
-16 4 4
-16 4 5
-16 5 -5
-16 5 -4
-16 5 -3
-16 5 -2
-16 5 -1
-16 5 0
-16 5 1
-16 5 2
-16 5 3
-16 5 4
-16 5 5
-16 6 -3
-16 6 -2
-16 6 -1
-16 6 0
-16 6 1
-16 6 2
-16 6 3
-16 7 -1
-16 7 0
-16 7 1
-15 -9 0
-15 -8 -4
-15 -8 -3
-15 -8 -2
-15 -8 -1
-15 -8 0
-15 -8 1
-15 -8 2
-15 -8 3
-15 -8 4
-15 -7 -5
-15 -7 -4
-15 -7 -3
-15 -7 -2
-15 -7 2
-15 -7 3
-15 -7 4
-15 -7 5
-15 -6 -6
-15 -6 -5
-15 -6 -4
-15 -6 4
-15 -6 5
-15 -6 6
-15 -5 -7
-15 -5 -6
-15 -5 6
-15 -5 7
-15 -4 -8
-15 -4 -7
-15 -4 -6
-15 -4 6
-15 -4 7
-15 -4 8
-15 -3 -8
-15 -3 -7
-15 -3 7
-15 -3 8
-15 -2 -8
-15 -2 -7
-15 -2 7
-15 -2 8
-15 -1 -8
-15 -1 8
-15 0 -9
-15 0 -8
-15 0 8
-15 0 9
-15 1 -8
-15 1 8
-15 2 -8
-15 2 -7
-15 2 7
-15 2 8
-15 3 -8
-15 3 -7
-15 3 7
-15 3 8
-15 4 -8
-15 4 -7
-15 4 -6
-15 4 6
-15 4 7
-15 4 8
-15 5 -7
-15 5 -6
-15 5 6
-15 5 7
-15 6 -6
-15 6 -5
-15 6 -4
-15 6 4
-15 6 5
-15 6 6
-15 7 -5
-15 7 -4
-15 7 -3
-15 7 -2
-15 7 2
-15 7 3
-15 7 4
-15 7 5
-15 8 -4
-15 8 -3
-15 8 -2
-15 8 -1
-15 8 0
-15 8 1
-15 8 2
-15 8 3
-15 8 4
-15 9 0
-14 -10 -3
-14 -10 -2
-14 -10 -1
-14 -10 0
-14 -10 1
-14 -10 2
-14 -10 3
-14 -9 -5
-14 -9 -4
-14 -9 -3
-14 -9 -2
-14 -9 -1
-14 -9 1
-14 -9 2
-14 -9 3
-14 -9 4
-14 -9 5
-14 -8 -6
-14 -8 -5
-14 -8 5
-14 -8 6
-14 -7 -7
-14 -7 -6
-14 -7 6
-14 -7 7
-14 -6 -8
-14 -6 -7
-14 -6 7
-14 -6 8
-14 -5 -9
-14 -5 -8
-14 -5 8
-14 -5 9
-14 -4 -9
-14 -4 9
-14 -3 -10
-14 -3 -9
-14 -3 9
-14 -3 10
-14 -2 -10
-14 -2 -9
-14 -2 9
-14 -2 10
-14 -1 -10
-14 -1 -9
-14 -1 9
-14 -1 10
-14 0 -10
-14 0 10
-14 1 -10
-14 1 -9
-14 1 9
-14 1 10
-14 2 -10
-14 2 -9
-14 2 9
-14 2 10
-14 3 -10
-14 3 -9
-14 3 9
-14 3 10
-14 4 -9
-14 4 9
-14 5 -9
-14 5 -8
-14 5 8
-14 5 9
-14 6 -8
-14 6 -7
-14 6 7
-14 6 8
-14 7 -7
-14 7 -6
-14 7 6
-14 7 7
-14 8 -6
-14 8 -5
-14 8 5
-14 8 6
-14 9 -5
-14 9 -4
-14 9 -3
-14 9 -2
-14 9 -1
-14 9 1
-14 9 2
-14 9 3
-14 9 4
-14 9 5
-14 10 -3
-14 10 -2
-14 10 -1
-14 10 0
-14 10 1
-14 10 2
-14 10 3
-13 -11 -4
-13 -11 -3
-13 -11 -2
-13 -11 -1
-13 -11 0
-13 -11 1
-13 -11 2
-13 -11 3
-13 -11 4
-13 -10 -6
-13 -10 -5
-13 -10 -4
-13 -10 4
-13 -10 5
-13 -10 6
-13 -9 -7
-13 -9 -6
-13 -9 6
-13 -9 7
-13 -8 -8
-13 -8 -7
-13 -8 7
-13 -8 8
-13 -7 -9
-13 -7 -8
-13 -7 8
-13 -7 9
-13 -6 -10
-13 -6 -9
-13 -6 9
-13 -6 10
-13 -5 -10
-13 -5 10
-13 -4 -11
-13 -4 -10
-13 -4 10
-13 -4 11
-13 -3 -11
-13 -3 11
-13 -2 -11
-13 -2 11
-13 -1 -11
-13 -1 11
-13 0 -11
-13 0 11
-13 1 -11
-13 1 11
-13 2 -11
-13 2 11
-13 3 -11
-13 3 11
-13 4 -11
-13 4 -10
-13 4 10
-13 4 11
-13 5 -10
-13 5 10
-13 6 -10
-13 6 -9
-13 6 9
-13 6 10
-13 7 -9
-13 7 -8
-13 7 8
-13 7 9
-13 8 -8
-13 8 -7
-13 8 7
-13 8 8
-13 9 -7
-13 9 -6
-13 9 6
-13 9 7
-13 10 -6
-13 10 -5
-13 10 -4
-13 10 4
-13 10 5
-13 10 6
-13 11 -4
-13 11 -3
-13 11 -2
-13 11 -1
-13 11 0
-13 11 1
-13 11 2
-13 11 3
-13 11 4
-12 -12 -4
-12 -12 -3
-12 -12 -2
-12 -12 -1
-12 -12 0
-12 -12 1
-12 -12 2
-12 -12 3
-12 -12 4
-12 -11 -6
-12 -11 -5
-12 -11 5
-12 -11 6
-12 -10 -7
-12 -10 7
-12 -9 -9
-12 -9 -8
-12 -9 8
-12 -9 9
-12 -8 -9
-12 -8 9
-12 -7 -10
-12 -7 10
-12 -6 -11
-12 -6 11
-12 -5 -11
-12 -5 11
-12 -4 -12
-12 -4 12
-12 -3 -12
-12 -3 12
-12 -2 -12
-12 -2 12
-12 -1 -12
-12 -1 12
-12 0 -12
-12 0 12
-12 1 -12
-12 1 12
-12 2 -12
-12 2 12
-12 3 -12
-12 3 12
-12 4 -12
-12 4 12
-12 5 -11
-12 5 11
-12 6 -11
-12 6 11
-12 7 -10
-12 7 10
-12 8 -9
-12 8 9
-12 9 -9
-12 9 -8
-12 9 8
-12 9 9
-12 10 -7
-12 10 7
-12 11 -6
-12 11 -5
-12 11 5
-12 11 6
-12 12 -4
-12 12 -3
-12 12 -2
-12 12 -1
-12 12 0
-12 12 1
-12 12 2
-12 12 3
-12 12 4
-11 -13 -4
-11 -13 -3
-11 -13 -2
-11 -13 -1
-11 -13 0
-11 -13 1
-11 -13 2
-11 -13 3
-11 -13 4
-11 -12 -6
-11 -12 -5
-11 -12 5
-11 -12 6
-11 -11 -8
-11 -11 -7
-11 -11 7
-11 -11 8
-11 -10 -9
-11 -10 -8
-11 -10 8
-11 -10 9
-11 -9 -10
-11 -9 10
-11 -8 -11
-11 -8 -10
-11 -8 10
-11 -8 11
-11 -7 -11
-11 -7 11
-11 -6 -12
-11 -6 12
-11 -5 -12
-11 -5 12
-11 -4 -13
-11 -4 13
-11 -3 -13
-11 -3 13
-11 -2 -13
-11 -2 13
-11 -1 -13
-11 -1 13
-11 0 -13
-11 0 13
-11 1 -13
-11 1 13
-11 2 -13
-11 2 13
-11 3 -13
-11 3 13
-11 4 -13
-11 4 13
-11 5 -12
-11 5 12
-11 6 -12
-11 6 12
-11 7 -11
-11 7 11
-11 8 -11
-11 8 -10
-11 8 10
-11 8 11
-11 9 -10
-11 9 10
-11 10 -9
-11 10 -8
-11 10 8
-11 10 9
-11 11 -8
-11 11 -7
-11 11 7
-11 11 8
-11 12 -6
-11 12 -5
-11 12 5
-11 12 6
-11 13 -4
-11 13 -3
-11 13 -2
-11 13 -1
-11 13 0
-11 13 1
-11 13 2
-11 13 3
-11 13 4
-10 -14 -3
-10 -14 -2
-10 -14 -1
-10 -14 0
-10 -14 1
-10 -14 2
-10 -14 3
-10 -13 -6
-10 -13 -5
-10 -13 -4
-10 -13 4
-10 -13 5
-10 -13 6
-10 -12 -7
-10 -12 7
-10 -11 -9
-10 -11 -8
-10 -11 8
-10 -11 9
-10 -10 -10
-10 -10 10
-10 -9 -11
-10 -9 11
-10 -8 -11
-10 -8 11
-10 -7 -12
-10 -7 12
-10 -6 -13
-10 -6 13
-10 -5 -13
-10 -5 13
-10 -4 -13
-10 -4 13
-10 -3 -14
-10 -3 14
-10 -2 -14
-10 -2 14
-10 -1 -14
-10 -1 14
-10 0 -14
-10 0 14
-10 1 -14
-10 1 14
-10 2 -14
-10 2 14
-10 3 -14
-10 3 14
-10 4 -13
-10 4 13
-10 5 -13
-10 5 13
-10 6 -13
-10 6 13
-10 7 -12
-10 7 12
-10 8 -11
-10 8 11
-10 9 -11
-10 9 11
-10 10 -10
-10 10 10
-10 11 -9
-10 11 -8
-10 11 8
-10 11 9
-10 12 -7
-10 12 7
-10 13 -6
-10 13 -5
-10 13 -4
-10 13 4
-10 13 5
-10 13 6
-10 14 -3
-10 14 -2
-10 14 -1
-10 14 0
-10 14 1
-10 14 2
-10 14 3
-9 -15 0
-9 -14 -5
-9 -14 -4
-9 -14 -3
-9 -14 -2
-9 -14 -1
-9 -14 1
-9 -14 2
-9 -14 3
-9 -14 4
-9 -14 5
-9 -13 -7
-9 -13 -6
-9 -13 6
-9 -13 7
-9 -12 -9
-9 -12 -8
-9 -12 8
-9 -12 9
-9 -11 -10
-9 -11 10
-9 -10 -11
-9 -10 11
-9 -9 -12
-9 -9 12
-9 -8 -12
-9 -8 12
-9 -7 -13
-9 -7 13
-9 -6 -13
-9 -6 13
-9 -5 -14
-9 -5 14
-9 -4 -14
-9 -4 14
-9 -3 -14
-9 -3 14
-9 -2 -14
-9 -2 14
-9 -1 -14
-9 -1 14
-9 0 -15
-9 0 15
-9 1 -14
-9 1 14
-9 2 -14
-9 2 14
-9 3 -14
-9 3 14
-9 4 -14
-9 4 14
-9 5 -14
-9 5 14
-9 6 -13
-9 6 13
-9 7 -13
-9 7 13
-9 8 -12
-9 8 12
-9 9 -12
-9 9 12
-9 10 -11
-9 10 11
-9 11 -10
-9 11 10
-9 12 -9
-9 12 -8
-9 12 8
-9 12 9
-9 13 -7
-9 13 -6
-9 13 6
-9 13 7
-9 14 -5
-9 14 -4
-9 14 -3
-9 14 -2
-9 14 -1
-9 14 1
-9 14 2
-9 14 3
-9 14 4
-9 14 5
-9 15 0
-8 -15 -4
-8 -15 -3
-8 -15 -2
-8 -15 -1
-8 -15 0
-8 -15 1
-8 -15 2
-8 -15 3
-8 -15 4
-8 -14 -6
-8 -14 -5
-8 -14 5
-8 -14 6
-8 -13 -8
-8 -13 -7
-8 -13 7
-8 -13 8
-8 -12 -9
-8 -12 9
-8 -11 -11
-8 -11 -10
-8 -11 10
-8 -11 11
-8 -10 -11
-8 -10 11
-8 -9 -12
-8 -9 12
-8 -8 -13
-8 -8 13
-8 -7 -13
-8 -7 13
-8 -6 -14
-8 -6 14
-8 -5 -14
-8 -5 14
-8 -4 -15
-8 -4 15
-8 -3 -15
-8 -3 15
-8 -2 -15
-8 -2 15
-8 -1 -15
-8 -1 15
-8 0 -15
-8 0 15
-8 1 -15
-8 1 15
-8 2 -15
-8 2 15
-8 3 -15
-8 3 15
-8 4 -15
-8 4 15
-8 5 -14
-8 5 14
-8 6 -14
-8 6 14
-8 7 -13
-8 7 13
-8 8 -13
-8 8 13
-8 9 -12
-8 9 12
-8 10 -11
-8 10 11
-8 11 -11
-8 11 -10
-8 11 10
-8 11 11
-8 12 -9
-8 12 9
-8 13 -8
-8 13 -7
-8 13 7
-8 13 8
-8 14 -6
-8 14 -5
-8 14 5
-8 14 6
-8 15 -4
-8 15 -3
-8 15 -2
-8 15 -1
-8 15 0
-8 15 1
-8 15 2
-8 15 3
-8 15 4
-7 -16 -1
-7 -16 0
-7 -16 1
-7 -15 -5
-7 -15 -4
-7 -15 -3
-7 -15 -2
-7 -15 2
-7 -15 3
-7 -15 4
-7 -15 5
-7 -14 -7
-7 -14 -6
-7 -14 6
-7 -14 7
-7 -13 -9
-7 -13 -8
-7 -13 8
-7 -13 9
-7 -12 -10
-7 -12 10
-7 -11 -11
-7 -11 11
-7 -10 -12
-7 -10 12
-7 -9 -13
-7 -9 13
-7 -8 -13
-7 -8 13
-7 -7 -14
-7 -7 14
-7 -6 -14
-7 -6 14
-7 -5 -15
-7 -5 15
-7 -4 -15
-7 -4 15
-7 -3 -15
-7 -3 15
-7 -2 -15
-7 -2 15
-7 -1 -16
-7 -1 16
-7 0 -16
-7 0 16
-7 1 -16
-7 1 16
-7 2 -15
-7 2 15
-7 3 -15
-7 3 15
-7 4 -15
-7 4 15
-7 5 -15
-7 5 15
-7 6 -14
-7 6 14
-7 7 -14
-7 7 14
-7 8 -13
-7 8 13
-7 9 -13
-7 9 13
-7 10 -12
-7 10 12
-7 11 -11
-7 11 11
-7 12 -10
-7 12 10
-7 13 -9
-7 13 -8
-7 13 8
-7 13 9
-7 14 -7
-7 14 -6
-7 14 6
-7 14 7
-7 15 -5
-7 15 -4
-7 15 -3
-7 15 -2
-7 15 2
-7 15 3
-7 15 4
-7 15 5
-7 16 -1
-7 16 0
-7 16 1
-6 -16 -3
-6 -16 -2
-6 -16 -1
-6 -16 0
-6 -16 1
-6 -16 2
-6 -16 3
-6 -15 -6
-6 -15 -5
-6 -15 -4
-6 -15 4
-6 -15 5
-6 -15 6
-6 -14 -8
-6 -14 -7
-6 -14 7
-6 -14 8
-6 -13 -10
-6 -13 -9
-6 -13 9
-6 -13 10
-6 -12 -11
-6 -12 11
-6 -11 -12
-6 -11 12
-6 -10 -13
-6 -10 13
-6 -9 -13
-6 -9 13
-6 -8 -14
-6 -8 14
-6 -7 -14
-6 -7 14
-6 -6 -15
-6 -6 15
-6 -5 -15
-6 -5 15
-6 -4 -15
-6 -4 15
-6 -3 -16
-6 -3 16
-6 -2 -16
-6 -2 16
-6 -1 -16
-6 -1 16
-6 0 -16
-6 0 16
-6 1 -16
-6 1 16
-6 2 -16
-6 2 16
-6 3 -16
-6 3 16
-6 4 -15
-6 4 15
-6 5 -15
-6 5 15
-6 6 -15
-6 6 15
-6 7 -14
-6 7 14
-6 8 -14
-6 8 14
-6 9 -13
-6 9 13
-6 10 -13
-6 10 13
-6 11 -12
-6 11 12
-6 12 -11
-6 12 11
-6 13 -10
-6 13 -9
-6 13 9
-6 13 10
-6 14 -8
-6 14 -7
-6 14 7
-6 14 8
-6 15 -6
-6 15 -5
-6 15 -4
-6 15 4
-6 15 5
-6 15 6
-6 16 -3
-6 16 -2
-6 16 -1
-6 16 0
-6 16 1
-6 16 2
-6 16 3
-5 -16 -5
-5 -16 -4
-5 -16 -3
-5 -16 -2
-5 -16 -1
-5 -16 0
-5 -16 1
-5 -16 2
-5 -16 3
-5 -16 4
-5 -16 5
-5 -15 -7
-5 -15 -6
-5 -15 6
-5 -15 7
-5 -14 -9
-5 -14 -8
-5 -14 8
-5 -14 9
-5 -13 -10
-5 -13 10
-5 -12 -11
-5 -12 11
-5 -11 -12
-5 -11 12
-5 -10 -13
-5 -10 13
-5 -9 -14
-5 -9 14
-5 -8 -14
-5 -8 14
-5 -7 -15
-5 -7 15
-5 -6 -15
-5 -6 15
-5 -5 -16
-5 -5 16
-5 -4 -16
-5 -4 16
-5 -3 -16
-5 -3 16
-5 -2 -16
-5 -2 16
-5 -1 -16
-5 -1 16
-5 0 -16
-5 0 16
-5 1 -16
-5 1 16
-5 2 -16
-5 2 16
-5 3 -16
-5 3 16
-5 4 -16
-5 4 16
-5 5 -16
-5 5 16
-5 6 -15
-5 6 15
-5 7 -15
-5 7 15
-5 8 -14
-5 8 14
-5 9 -14
-5 9 14
-5 10 -13
-5 10 13
-5 11 -12
-5 11 12
-5 12 -11
-5 12 11
-5 13 -10
-5 13 10
-5 14 -9
-5 14 -8
-5 14 8
-5 14 9
-5 15 -7
-5 15 -6
-5 15 6
-5 15 7
-5 16 -5
-5 16 -4
-5 16 -3
-5 16 -2
-5 16 -1
-5 16 0
-5 16 1
-5 16 2
-5 16 3
-5 16 4
-5 16 5
-4 -17 -1
-4 -17 0
-4 -17 1
-4 -16 -5
-4 -16 -4
-4 -16 -3
-4 -16 -2
-4 -16 2
-4 -16 3
-4 -16 4
-4 -16 5
-4 -15 -8
-4 -15 -7
-4 -15 -6
-4 -15 6
-4 -15 7
-4 -15 8
-4 -14 -9
-4 -14 9
-4 -13 -11
-4 -13 -10
-4 -13 10
-4 -13 11
-4 -12 -12
-4 -12 12
-4 -11 -13
-4 -11 13
-4 -10 -13
-4 -10 13
-4 -9 -14
-4 -9 14
-4 -8 -15
-4 -8 15
-4 -7 -15
-4 -7 15
-4 -6 -15
-4 -6 15
-4 -5 -16
-4 -5 16
-4 -4 -16
-4 -4 16
-4 -3 -16
-4 -3 16
-4 -2 -16
-4 -2 16
-4 -1 -17
-4 -1 17
-4 0 -17
-4 0 17
-4 1 -17
-4 1 17
-4 2 -16
-4 2 16
-4 3 -16
-4 3 16
-4 4 -16
-4 4 16
-4 5 -16
-4 5 16
-4 6 -15
-4 6 15
-4 7 -15
-4 7 15
-4 8 -15
-4 8 15
-4 9 -14
-4 9 14
-4 10 -13
-4 10 13
-4 11 -13
-4 11 13
-4 12 -12
-4 12 12
-4 13 -11
-4 13 -10
-4 13 10
-4 13 11
-4 14 -9
-4 14 9
-4 15 -8
-4 15 -7
-4 15 -6
-4 15 6
-4 15 7
-4 15 8
-4 16 -5
-4 16 -4
-4 16 -3
-4 16 -2
-4 16 2
-4 16 3
-4 16 4
-4 16 5
-4 17 -1
-4 17 0
-4 17 1
-3 -17 -2
-3 -17 -1
-3 -17 0
-3 -17 1
-3 -17 2
-3 -16 -6
-3 -16 -5
-3 -16 -4
-3 -16 -3
-3 -16 3
-3 -16 4
-3 -16 5
-3 -16 6
-3 -15 -8
-3 -15 -7
-3 -15 7
-3 -15 8
-3 -14 -10
-3 -14 -9
-3 -14 9
-3 -14 10
-3 -13 -11
-3 -13 11
-3 -12 -12
-3 -12 12
-3 -11 -13
-3 -11 13
-3 -10 -14
-3 -10 14
-3 -9 -14
-3 -9 14
-3 -8 -15
-3 -8 15
-3 -7 -15
-3 -7 15
-3 -6 -16
-3 -6 16
-3 -5 -16
-3 -5 16
-3 -4 -16
-3 -4 16
-3 -3 -16
-3 -3 16
-3 -2 -17
-3 -2 17
-3 -1 -17
-3 -1 17
-3 0 -17
-3 0 17
-3 1 -17
-3 1 17
-3 2 -17
-3 2 17
-3 3 -16
-3 3 16
-3 4 -16
-3 4 16
-3 5 -16
-3 5 16
-3 6 -16
-3 6 16
-3 7 -15
-3 7 15
-3 8 -15
-3 8 15
-3 9 -14
-3 9 14
-3 10 -14
-3 10 14
-3 11 -13
-3 11 13
-3 12 -12
-3 12 12
-3 13 -11
-3 13 11
-3 14 -10
-3 14 -9
-3 14 9
-3 14 10
-3 15 -8
-3 15 -7
-3 15 7
-3 15 8
-3 16 -6
-3 16 -5
-3 16 -4
-3 16 -3
-3 16 3
-3 16 4
-3 16 5
-3 16 6
-3 17 -2
-3 17 -1
-3 17 0
-3 17 1
-3 17 2
-2 -17 -3
-2 -17 -2
-2 -17 -1
-2 -17 0
-2 -17 1
-2 -17 2
-2 -17 3
-2 -16 -6
-2 -16 -5
-2 -16 -4
-2 -16 4
-2 -16 5
-2 -16 6
-2 -15 -8
-2 -15 -7
-2 -15 7
-2 -15 8
-2 -14 -10
-2 -14 -9
-2 -14 9
-2 -14 10
-2 -13 -11
-2 -13 11
-2 -12 -12
-2 -12 12
-2 -11 -13
-2 -11 13
-2 -10 -14
-2 -10 14
-2 -9 -14
-2 -9 14
-2 -8 -15
-2 -8 15
-2 -7 -15
-2 -7 15
-2 -6 -16
-2 -6 16
-2 -5 -16
-2 -5 16
-2 -4 -16
-2 -4 16
-2 -3 -17
-2 -3 17
-2 -2 -17
-2 -2 17
-2 -1 -17
-2 -1 17
-2 0 -17
-2 0 17
-2 1 -17
-2 1 17
-2 2 -17
-2 2 17
-2 3 -17
-2 3 17
-2 4 -16
-2 4 16
-2 5 -16
-2 5 16
-2 6 -16
-2 6 16
-2 7 -15
-2 7 15
-2 8 -15
-2 8 15
-2 9 -14
-2 9 14
-2 10 -14
-2 10 14
-2 11 -13
-2 11 13
-2 12 -12
-2 12 12
-2 13 -11
-2 13 11
-2 14 -10
-2 14 -9
-2 14 9
-2 14 10
-2 15 -8
-2 15 -7
-2 15 7
-2 15 8
-2 16 -6
-2 16 -5
-2 16 -4
-2 16 4
-2 16 5
-2 16 6
-2 17 -3
-2 17 -2
-2 17 -1
-2 17 0
-2 17 1
-2 17 2
-2 17 3
-1 -17 -4
-1 -17 -3
-1 -17 -2
-1 -17 -1
-1 -17 0
-1 -17 1
-1 -17 2
-1 -17 3
-1 -17 4
-1 -16 -7
-1 -16 -6
-1 -16 -5
-1 -16 5
-1 -16 6
-1 -16 7
-1 -15 -8
-1 -15 8
-1 -14 -10
-1 -14 -9
-1 -14 9
-1 -14 10
-1 -13 -11
-1 -13 11
-1 -12 -12
-1 -12 12
-1 -11 -13
-1 -11 13
-1 -10 -14
-1 -10 14
-1 -9 -14
-1 -9 14
-1 -8 -15
-1 -8 15
-1 -7 -16
-1 -7 16
-1 -6 -16
-1 -6 16
-1 -5 -16
-1 -5 16
-1 -4 -17
-1 -4 17
-1 -3 -17
-1 -3 17
-1 -2 -17
-1 -2 17
-1 -1 -17
-1 -1 17
-1 0 -17
-1 0 17
-1 1 -17
-1 1 17
-1 2 -17
-1 2 17
-1 3 -17
-1 3 17
-1 4 -17
-1 4 17
-1 5 -16
-1 5 16
-1 6 -16
-1 6 16
-1 7 -16
-1 7 16
-1 8 -15
-1 8 15
-1 9 -14
-1 9 14
-1 10 -14
-1 10 14
-1 11 -13
-1 11 13
-1 12 -12
-1 12 12
-1 13 -11
-1 13 11
-1 14 -10
-1 14 -9
-1 14 9
-1 14 10
-1 15 -8
-1 15 8
-1 16 -7
-1 16 -6
-1 16 -5
-1 16 5
-1 16 6
-1 16 7
-1 17 -4
-1 17 -3
-1 17 -2
-1 17 -1
-1 17 0
-1 17 1
-1 17 2
-1 17 3
-1 17 4
0 -17 -4
0 -17 -3
0 -17 -2
0 -17 -1
0 -17 0
0 -17 1
0 -17 2
0 -17 3
0 -17 4
0 -16 -7
0 -16 -6
0 -16 -5
0 -16 5
0 -16 6
0 -16 7
0 -15 -9
0 -15 -8
0 -15 8
0 -15 9
0 -14 -10
0 -14 10
0 -13 -11
0 -13 11
0 -12 -12
0 -12 12
0 -11 -13
0 -11 13
0 -10 -14
0 -10 14
0 -9 -15
0 -9 15
0 -8 -15
0 -8 15
0 -7 -16
0 -7 16
0 -6 -16
0 -6 16
0 -5 -16
0 -5 16
0 -4 -17
0 -4 17
0 -3 -17
0 -3 17
0 -2 -17
0 -2 17
0 -1 -17
0 -1 17
0 0 -17
0 0 17
0 1 -17
0 1 17
0 2 -17
0 2 17
0 3 -17
0 3 17
0 4 -17
0 4 17
0 5 -16
0 5 16
0 6 -16
0 6 16
0 7 -16
0 7 16
0 8 -15
0 8 15
0 9 -15
0 9 15
0 10 -14
0 10 14
0 11 -13
0 11 13
0 12 -12
0 12 12
0 13 -11
0 13 11
0 14 -10
0 14 10
0 15 -9
0 15 -8
0 15 8
0 15 9
0 16 -7
0 16 -6
0 16 -5
0 16 5
0 16 6
0 16 7
0 17 -4
0 17 -3
0 17 -2
0 17 -1
0 17 0
0 17 1
0 17 2
0 17 3
0 17 4
1 -17 -4
1 -17 -3
1 -17 -2
1 -17 -1
1 -17 0
1 -17 1
1 -17 2
1 -17 3
1 -17 4
1 -16 -7
1 -16 -6
1 -16 -5
1 -16 5
1 -16 6
1 -16 7
1 -15 -8
1 -15 8
1 -14 -10
1 -14 -9
1 -14 9
1 -14 10
1 -13 -11
1 -13 11
1 -12 -12
1 -12 12
1 -11 -13
1 -11 13
1 -10 -14
1 -10 14
1 -9 -14
1 -9 14
1 -8 -15
1 -8 15
1 -7 -16
1 -7 16
1 -6 -16
1 -6 16
1 -5 -16
1 -5 16
1 -4 -17
1 -4 17
1 -3 -17
1 -3 17
1 -2 -17
1 -2 17
1 -1 -17
1 -1 17
1 0 -17
1 0 17
1 1 -17
1 1 17
1 2 -17
1 2 17
1 3 -17
1 3 17
1 4 -17
1 4 17
1 5 -16
1 5 16
1 6 -16
1 6 16
1 7 -16
1 7 16
1 8 -15
1 8 15
1 9 -14
1 9 14
1 10 -14
1 10 14
1 11 -13
1 11 13
1 12 -12
1 12 12
1 13 -11
1 13 11
1 14 -10
1 14 -9
1 14 9
1 14 10
1 15 -8
1 15 8
1 16 -7
1 16 -6
1 16 -5
1 16 5
1 16 6
1 16 7
1 17 -4
1 17 -3
1 17 -2
1 17 -1
1 17 0
1 17 1
1 17 2
1 17 3
1 17 4
2 -17 -3
2 -17 -2
2 -17 -1
2 -17 0
2 -17 1
2 -17 2
2 -17 3
2 -16 -6
2 -16 -5
2 -16 -4
2 -16 4
2 -16 5
2 -16 6
2 -15 -8
2 -15 -7
2 -15 7
2 -15 8
2 -14 -10
2 -14 -9
2 -14 9
2 -14 10
2 -13 -11
2 -13 11
2 -12 -12
2 -12 12
2 -11 -13
2 -11 13
2 -10 -14
2 -10 14
2 -9 -14
2 -9 14
2 -8 -15
2 -8 15
2 -7 -15
2 -7 15
2 -6 -16
2 -6 16
2 -5 -16
2 -5 16
2 -4 -16
2 -4 16
2 -3 -17
2 -3 17
2 -2 -17
2 -2 17
2 -1 -17
2 -1 17
2 0 -17
2 0 17
2 1 -17
2 1 17
2 2 -17
2 2 17
2 3 -17
2 3 17
2 4 -16
2 4 16
2 5 -16
2 5 16
2 6 -16
2 6 16
2 7 -15
2 7 15
2 8 -15
2 8 15
2 9 -14
2 9 14
2 10 -14
2 10 14
2 11 -13
2 11 13
2 12 -12
2 12 12
2 13 -11
2 13 11
2 14 -10
2 14 -9
2 14 9
2 14 10
2 15 -8
2 15 -7
2 15 7
2 15 8
2 16 -6
2 16 -5
2 16 -4
2 16 4
2 16 5
2 16 6
2 17 -3
2 17 -2
2 17 -1
2 17 0
2 17 1
2 17 2
2 17 3
3 -17 -2
3 -17 -1
3 -17 0
3 -17 1
3 -17 2
3 -16 -6
3 -16 -5
3 -16 -4
3 -16 -3
3 -16 3
3 -16 4
3 -16 5
3 -16 6
3 -15 -8
3 -15 -7
3 -15 7
3 -15 8
3 -14 -10
3 -14 -9
3 -14 9
3 -14 10
3 -13 -11
3 -13 11
3 -12 -12
3 -12 12
3 -11 -13
3 -11 13
3 -10 -14
3 -10 14
3 -9 -14
3 -9 14
3 -8 -15
3 -8 15
3 -7 -15
3 -7 15
3 -6 -16
3 -6 16
3 -5 -16
3 -5 16
3 -4 -16
3 -4 16
3 -3 -16
3 -3 16
3 -2 -17
3 -2 17
3 -1 -17
3 -1 17
3 0 -17
3 0 17
3 1 -17
3 1 17
3 2 -17
3 2 17
3 3 -16
3 3 16
3 4 -16
3 4 16
3 5 -16
3 5 16
3 6 -16
3 6 16
3 7 -15
3 7 15
3 8 -15
3 8 15
3 9 -14
3 9 14
3 10 -14
3 10 14
3 11 -13
3 11 13
3 12 -12
3 12 12
3 13 -11
3 13 11
3 14 -10
3 14 -9
3 14 9
3 14 10
3 15 -8
3 15 -7
3 15 7
3 15 8
3 16 -6
3 16 -5
3 16 -4
3 16 -3
3 16 3
3 16 4
3 16 5
3 16 6
3 17 -2
3 17 -1
3 17 0
3 17 1
3 17 2
4 -17 -1
4 -17 0
4 -17 1
4 -16 -5
4 -16 -4
4 -16 -3
4 -16 -2
4 -16 2
4 -16 3
4 -16 4
4 -16 5
4 -15 -8
4 -15 -7
4 -15 -6
4 -15 6
4 -15 7
4 -15 8
4 -14 -9
4 -14 9
4 -13 -11
4 -13 -10
4 -13 10
4 -13 11
4 -12 -12
4 -12 12
4 -11 -13
4 -11 13
4 -10 -13
4 -10 13
4 -9 -14
4 -9 14
4 -8 -15
4 -8 15
4 -7 -15
4 -7 15
4 -6 -15
4 -6 15
4 -5 -16
4 -5 16
4 -4 -16
4 -4 16
4 -3 -16
4 -3 16
4 -2 -16
4 -2 16
4 -1 -17
4 -1 17
4 0 -17
4 0 17
4 1 -17
4 1 17
4 2 -16
4 2 16
4 3 -16
4 3 16
4 4 -16
4 4 16
4 5 -16
4 5 16
4 6 -15
4 6 15
4 7 -15
4 7 15
4 8 -15
4 8 15
4 9 -14
4 9 14
4 10 -13
4 10 13
4 11 -13
4 11 13
4 12 -12
4 12 12
4 13 -11
4 13 -10
4 13 10
4 13 11
4 14 -9
4 14 9
4 15 -8
4 15 -7
4 15 -6
4 15 6
4 15 7
4 15 8
4 16 -5
4 16 -4
4 16 -3
4 16 -2
4 16 2
4 16 3
4 16 4
4 16 5
4 17 -1
4 17 0
4 17 1
5 -16 -5
5 -16 -4
5 -16 -3
5 -16 -2
5 -16 -1
5 -16 0
5 -16 1
5 -16 2
5 -16 3
5 -16 4
5 -16 5
5 -15 -7
5 -15 -6
5 -15 6
5 -15 7
5 -14 -9
5 -14 -8
5 -14 8
5 -14 9
5 -13 -10
5 -13 10
5 -12 -11
5 -12 11
5 -11 -12
5 -11 12
5 -10 -13
5 -10 13
5 -9 -14
5 -9 14
5 -8 -14
5 -8 14
5 -7 -15
5 -7 15
5 -6 -15
5 -6 15
5 -5 -16
5 -5 16
5 -4 -16
5 -4 16
5 -3 -16
5 -3 16
5 -2 -16
5 -2 16
5 -1 -16
5 -1 16
5 0 -16
5 0 16
5 1 -16
5 1 16
5 2 -16
5 2 16
5 3 -16
5 3 16
5 4 -16
5 4 16
5 5 -16
5 5 16
5 6 -15
5 6 15
5 7 -15
5 7 15
5 8 -14
5 8 14
5 9 -14
5 9 14
5 10 -13
5 10 13
5 11 -12
5 11 12
5 12 -11
5 12 11
5 13 -10
5 13 10
5 14 -9
5 14 -8
5 14 8
5 14 9
5 15 -7
5 15 -6
5 15 6
5 15 7
5 16 -5
5 16 -4
5 16 -3
5 16 -2
5 16 -1
5 16 0
5 16 1
5 16 2
5 16 3
5 16 4
5 16 5
6 -16 -3
6 -16 -2
6 -16 -1
6 -16 0
6 -16 1
6 -16 2
6 -16 3
6 -15 -6
6 -15 -5
6 -15 -4
6 -15 4
6 -15 5
6 -15 6
6 -14 -8
6 -14 -7
6 -14 7
6 -14 8
6 -13 -10
6 -13 -9
6 -13 9
6 -13 10
6 -12 -11
6 -12 11
6 -11 -12
6 -11 12
6 -10 -13
6 -10 13
6 -9 -13
6 -9 13
6 -8 -14
6 -8 14
6 -7 -14
6 -7 14
6 -6 -15
6 -6 15
6 -5 -15
6 -5 15
6 -4 -15
6 -4 15
6 -3 -16
6 -3 16
6 -2 -16
6 -2 16
6 -1 -16
6 -1 16
6 0 -16
6 0 16
6 1 -16
6 1 16
6 2 -16
6 2 16
6 3 -16
6 3 16
6 4 -15
6 4 15
6 5 -15
6 5 15
6 6 -15
6 6 15
6 7 -14
6 7 14
6 8 -14
6 8 14
6 9 -13
6 9 13
6 10 -13
6 10 13
6 11 -12
6 11 12
6 12 -11
6 12 11
6 13 -10
6 13 -9
6 13 9
6 13 10
6 14 -8
6 14 -7
6 14 7
6 14 8
6 15 -6
6 15 -5
6 15 -4
6 15 4
6 15 5
6 15 6
6 16 -3
6 16 -2
6 16 -1
6 16 0
6 16 1
6 16 2
6 16 3
7 -16 -1
7 -16 0
7 -16 1
7 -15 -5
7 -15 -4
7 -15 -3
7 -15 -2
7 -15 2
7 -15 3
7 -15 4
7 -15 5
7 -14 -7
7 -14 -6
7 -14 6
7 -14 7
7 -13 -9
7 -13 -8
7 -13 8
7 -13 9
7 -12 -10
7 -12 10
7 -11 -11
7 -11 11
7 -10 -12
7 -10 12
7 -9 -13
7 -9 13
7 -8 -13
7 -8 13
7 -7 -14
7 -7 14
7 -6 -14
7 -6 14
7 -5 -15
7 -5 15
7 -4 -15
7 -4 15
7 -3 -15
7 -3 15
7 -2 -15
7 -2 15
7 -1 -16
7 -1 16
7 0 -16
7 0 16
7 1 -16
7 1 16
7 2 -15
7 2 15
7 3 -15
7 3 15
7 4 -15
7 4 15
7 5 -15
7 5 15
7 6 -14
7 6 14
7 7 -14
7 7 14
7 8 -13
7 8 13
7 9 -13
7 9 13
7 10 -12
7 10 12
7 11 -11
7 11 11
7 12 -10
7 12 10
7 13 -9
7 13 -8
7 13 8
7 13 9
7 14 -7
7 14 -6
7 14 6
7 14 7
7 15 -5
7 15 -4
7 15 -3
7 15 -2
7 15 2
7 15 3
7 15 4
7 15 5
7 16 -1
7 16 0
7 16 1
8 -15 -4
8 -15 -3
8 -15 -2
8 -15 -1
8 -15 0
8 -15 1
8 -15 2
8 -15 3
8 -15 4
8 -14 -6
8 -14 -5
8 -14 5
8 -14 6
8 -13 -8
8 -13 -7
8 -13 7
8 -13 8
8 -12 -9
8 -12 9
8 -11 -11
8 -11 -10
8 -11 10
8 -11 11
8 -10 -11
8 -10 11
8 -9 -12
8 -9 12
8 -8 -13
8 -8 13
8 -7 -13
8 -7 13
8 -6 -14
8 -6 14
8 -5 -14
8 -5 14
8 -4 -15
8 -4 15
8 -3 -15
8 -3 15
8 -2 -15
8 -2 15
8 -1 -15
8 -1 15
8 0 -15
8 0 15
8 1 -15
8 1 15
8 2 -15
8 2 15
8 3 -15
8 3 15
8 4 -15
8 4 15
8 5 -14
8 5 14
8 6 -14
8 6 14
8 7 -13
8 7 13
8 8 -13
8 8 13
8 9 -12
8 9 12
8 10 -11
8 10 11
8 11 -11
8 11 -10
8 11 10
8 11 11
8 12 -9
8 12 9
8 13 -8
8 13 -7
8 13 7
8 13 8
8 14 -6
8 14 -5
8 14 5
8 14 6
8 15 -4
8 15 -3
8 15 -2
8 15 -1
8 15 0
8 15 1
8 15 2
8 15 3
8 15 4
9 -15 0
9 -14 -5
9 -14 -4
9 -14 -3
9 -14 -2
9 -14 -1
9 -14 1
9 -14 2
9 -14 3
9 -14 4
9 -14 5
9 -13 -7
9 -13 -6
9 -13 6
9 -13 7
9 -12 -9
9 -12 -8
9 -12 8
9 -12 9
9 -11 -10
9 -11 10
9 -10 -11
9 -10 11
9 -9 -12
9 -9 12
9 -8 -12
9 -8 12
9 -7 -13
9 -7 13
9 -6 -13
9 -6 13
9 -5 -14
9 -5 14
9 -4 -14
9 -4 14
9 -3 -14
9 -3 14
9 -2 -14
9 -2 14
9 -1 -14
9 -1 14
9 0 -15
9 0 15
9 1 -14
9 1 14
9 2 -14
9 2 14
9 3 -14
9 3 14
9 4 -14
9 4 14
9 5 -14
9 5 14
9 6 -13
9 6 13
9 7 -13
9 7 13
9 8 -12
9 8 12
9 9 -12
9 9 12
9 10 -11
9 10 11
9 11 -10
9 11 10
9 12 -9
9 12 -8
9 12 8
9 12 9
9 13 -7
9 13 -6
9 13 6
9 13 7
9 14 -5
9 14 -4
9 14 -3
9 14 -2
9 14 -1
9 14 1
9 14 2
9 14 3
9 14 4
9 14 5
9 15 0
10 -14 -3
10 -14 -2
10 -14 -1
10 -14 0
10 -14 1
10 -14 2
10 -14 3
10 -13 -6
10 -13 -5
10 -13 -4
10 -13 4
10 -13 5
10 -13 6
10 -12 -7
10 -12 7
10 -11 -9
10 -11 -8
10 -11 8
10 -11 9
10 -10 -10
10 -10 10
10 -9 -11
10 -9 11
10 -8 -11
10 -8 11
10 -7 -12
10 -7 12
10 -6 -13
10 -6 13
10 -5 -13
10 -5 13
10 -4 -13
10 -4 13
10 -3 -14
10 -3 14
10 -2 -14
10 -2 14
10 -1 -14
10 -1 14
10 0 -14
10 0 14
10 1 -14
10 1 14
10 2 -14
10 2 14
10 3 -14
10 3 14
10 4 -13
10 4 13
10 5 -13
10 5 13
10 6 -13
10 6 13
10 7 -12
10 7 12
10 8 -11
10 8 11
10 9 -11
10 9 11
10 10 -10
10 10 10
10 11 -9
10 11 -8
10 11 8
10 11 9
10 12 -7
10 12 7
10 13 -6
10 13 -5
10 13 -4
10 13 4
10 13 5
10 13 6
10 14 -3
10 14 -2
10 14 -1
10 14 0
10 14 1
10 14 2
10 14 3
11 -13 -4
11 -13 -3
11 -13 -2
11 -13 -1
11 -13 0
11 -13 1
11 -13 2
11 -13 3
11 -13 4
11 -12 -6
11 -12 -5
11 -12 5
11 -12 6
11 -11 -8
11 -11 -7
11 -11 7
11 -11 8
11 -10 -9
11 -10 -8
11 -10 8
11 -10 9
11 -9 -10
11 -9 10
11 -8 -11
11 -8 -10
11 -8 10
11 -8 11
11 -7 -11
11 -7 11
11 -6 -12
11 -6 12
11 -5 -12
11 -5 12
11 -4 -13
11 -4 13
11 -3 -13
11 -3 13
11 -2 -13
11 -2 13
11 -1 -13
11 -1 13
11 0 -13
11 0 13
11 1 -13
11 1 13
11 2 -13
11 2 13
11 3 -13
11 3 13
11 4 -13
11 4 13
11 5 -12
11 5 12
11 6 -12
11 6 12
11 7 -11
11 7 11
11 8 -11
11 8 -10
11 8 10
11 8 11
11 9 -10
11 9 10
11 10 -9
11 10 -8
11 10 8
11 10 9
11 11 -8
11 11 -7
11 11 7
11 11 8
11 12 -6
11 12 -5
11 12 5
11 12 6
11 13 -4
11 13 -3
11 13 -2
11 13 -1
11 13 0
11 13 1
11 13 2
11 13 3
11 13 4
12 -12 -4
12 -12 -3
12 -12 -2
12 -12 -1
12 -12 0
12 -12 1
12 -12 2
12 -12 3
12 -12 4
12 -11 -6
12 -11 -5
12 -11 5
12 -11 6
12 -10 -7
12 -10 7
12 -9 -9
12 -9 -8
12 -9 8
12 -9 9
12 -8 -9
12 -8 9
12 -7 -10
12 -7 10
12 -6 -11
12 -6 11
12 -5 -11
12 -5 11
12 -4 -12
12 -4 12
12 -3 -12
12 -3 12
12 -2 -12
12 -2 12
12 -1 -12
12 -1 12
12 0 -12
12 0 12
12 1 -12
12 1 12
12 2 -12
12 2 12
12 3 -12
12 3 12
12 4 -12
12 4 12
12 5 -11
12 5 11
12 6 -11
12 6 11
12 7 -10
12 7 10
12 8 -9
12 8 9
12 9 -9
12 9 -8
12 9 8
12 9 9
12 10 -7
12 10 7
12 11 -6
12 11 -5
12 11 5
12 11 6
12 12 -4
12 12 -3
12 12 -2
12 12 -1
12 12 0
12 12 1
12 12 2
12 12 3
12 12 4
13 -11 -4
13 -11 -3
13 -11 -2
13 -11 -1
13 -11 0
13 -11 1
13 -11 2
13 -11 3
13 -11 4
13 -10 -6
13 -10 -5
13 -10 -4
13 -10 4
13 -10 5
13 -10 6
13 -9 -7
13 -9 -6
13 -9 6
13 -9 7
13 -8 -8
13 -8 -7
13 -8 7
13 -8 8
13 -7 -9
13 -7 -8
13 -7 8
13 -7 9
13 -6 -10
13 -6 -9
13 -6 9
13 -6 10
13 -5 -10
13 -5 10
13 -4 -11
13 -4 -10
13 -4 10
13 -4 11
13 -3 -11
13 -3 11
13 -2 -11
13 -2 11
13 -1 -11
13 -1 11
13 0 -11
13 0 11
13 1 -11
13 1 11
13 2 -11
13 2 11
13 3 -11
13 3 11
13 4 -11
13 4 -10
13 4 10
13 4 11
13 5 -10
13 5 10
13 6 -10
13 6 -9
13 6 9
13 6 10
13 7 -9
13 7 -8
13 7 8
13 7 9
13 8 -8
13 8 -7
13 8 7
13 8 8
13 9 -7
13 9 -6
13 9 6
13 9 7
13 10 -6
13 10 -5
13 10 -4
13 10 4
13 10 5
13 10 6
13 11 -4
13 11 -3
13 11 -2
13 11 -1
13 11 0
13 11 1
13 11 2
13 11 3
13 11 4
14 -10 -3
14 -10 -2
14 -10 -1
14 -10 0
14 -10 1
14 -10 2
14 -10 3
14 -9 -5
14 -9 -4
14 -9 -3
14 -9 -2
14 -9 -1
14 -9 1
14 -9 2
14 -9 3
14 -9 4
14 -9 5
14 -8 -6
14 -8 -5
14 -8 5
14 -8 6
14 -7 -7
14 -7 -6
14 -7 6
14 -7 7
14 -6 -8
14 -6 -7
14 -6 7
14 -6 8
14 -5 -9
14 -5 -8
14 -5 8
14 -5 9
14 -4 -9
14 -4 9
14 -3 -10
14 -3 -9
14 -3 9
14 -3 10
14 -2 -10
14 -2 -9
14 -2 9
14 -2 10
14 -1 -10
14 -1 -9
14 -1 9
14 -1 10
14 0 -10
14 0 10
14 1 -10
14 1 -9
14 1 9
14 1 10
14 2 -10
14 2 -9
14 2 9
14 2 10
14 3 -10
14 3 -9
14 3 9
14 3 10
14 4 -9
14 4 9
14 5 -9
14 5 -8
14 5 8
14 5 9
14 6 -8
14 6 -7
14 6 7
14 6 8
14 7 -7
14 7 -6
14 7 6
14 7 7
14 8 -6
14 8 -5
14 8 5
14 8 6
14 9 -5
14 9 -4
14 9 -3
14 9 -2
14 9 -1
14 9 1
14 9 2
14 9 3
14 9 4
14 9 5
14 10 -3
14 10 -2
14 10 -1
14 10 0
14 10 1
14 10 2
14 10 3
15 -9 0
15 -8 -4
15 -8 -3
15 -8 -2
15 -8 -1
15 -8 0
15 -8 1
15 -8 2
15 -8 3
15 -8 4
15 -7 -5
15 -7 -4
15 -7 -3
15 -7 -2
15 -7 2
15 -7 3
15 -7 4
15 -7 5
15 -6 -6
15 -6 -5
15 -6 -4
15 -6 4
15 -6 5
15 -6 6
15 -5 -7
15 -5 -6
15 -5 6
15 -5 7
15 -4 -8
15 -4 -7
15 -4 -6
15 -4 6
15 -4 7
15 -4 8
15 -3 -8
15 -3 -7
15 -3 7
15 -3 8
15 -2 -8
15 -2 -7
15 -2 7
15 -2 8
15 -1 -8
15 -1 8
15 0 -9
15 0 -8
15 0 8
15 0 9
15 1 -8
15 1 8
15 2 -8
15 2 -7
15 2 7
15 2 8
15 3 -8
15 3 -7
15 3 7
15 3 8
15 4 -8
15 4 -7
15 4 -6
15 4 6
15 4 7
15 4 8
15 5 -7
15 5 -6
15 5 6
15 5 7
15 6 -6
15 6 -5
15 6 -4
15 6 4
15 6 5
15 6 6
15 7 -5
15 7 -4
15 7 -3
15 7 -2
15 7 2
15 7 3
15 7 4
15 7 5
15 8 -4
15 8 -3
15 8 -2
15 8 -1
15 8 0
15 8 1
15 8 2
15 8 3
15 8 4
15 9 0
16 -7 -1
16 -7 0
16 -7 1
16 -6 -3
16 -6 -2
16 -6 -1
16 -6 0
16 -6 1
16 -6 2
16 -6 3
16 -5 -5
16 -5 -4
16 -5 -3
16 -5 -2
16 -5 -1
16 -5 0
16 -5 1
16 -5 2
16 -5 3
16 -5 4
16 -5 5
16 -4 -5
16 -4 -4
16 -4 -3
16 -4 -2
16 -4 2
16 -4 3
16 -4 4
16 -4 5
16 -3 -6
16 -3 -5
16 -3 -4
16 -3 -3
16 -3 3
16 -3 4
16 -3 5
16 -3 6
16 -2 -6
16 -2 -5
16 -2 -4
16 -2 4
16 -2 5
16 -2 6
16 -1 -7
16 -1 -6
16 -1 -5
16 -1 5
16 -1 6
16 -1 7
16 0 -7
16 0 -6
16 0 -5
16 0 5
16 0 6
16 0 7
16 1 -7
16 1 -6
16 1 -5
16 1 5
16 1 6
16 1 7
16 2 -6
16 2 -5
16 2 -4
16 2 4
16 2 5
16 2 6
16 3 -6
16 3 -5
16 3 -4
16 3 -3
16 3 3
16 3 4
16 3 5
16 3 6
16 4 -5
16 4 -4
16 4 -3
16 4 -2
16 4 2
16 4 3
16 4 4
16 4 5
16 5 -5
16 5 -4
16 5 -3
16 5 -2
16 5 -1
16 5 0
16 5 1
16 5 2
16 5 3
16 5 4
16 5 5
16 6 -3
16 6 -2
16 6 -1
16 6 0
16 6 1
16 6 2
16 6 3
16 7 -1
16 7 0
16 7 1
17 -4 -1
17 -4 0
17 -4 1
17 -3 -2
17 -3 -1
17 -3 0
17 -3 1
17 -3 2
17 -2 -3
17 -2 -2
17 -2 -1
17 -2 0
17 -2 1
17 -2 2
17 -2 3
17 -1 -4
17 -1 -3
17 -1 -2
17 -1 -1
17 -1 0
17 -1 1
17 -1 2
17 -1 3
17 -1 4
17 0 -4
17 0 -3
17 0 -2
17 0 -1
17 0 0
17 0 1
17 0 2
17 0 3
17 0 4
17 1 -4
17 1 -3
17 1 -2
17 1 -1
17 1 0
17 1 1
17 1 2
17 1 3
17 1 4
17 2 -3
17 2 -2
17 2 -1
17 2 0
17 2 1
17 2 2
17 2 3
17 3 -2
17 3 -1
17 3 0
17 3 1
17 3 2
17 4 -1
17 4 0
17 4 1
