-24 -4 -2
-24 -4 -1
-24 -4 0
-24 -4 1
-24 -4 2
-24 -3 -3
-24 -3 -2
-24 -3 -1
-24 -3 0
-24 -3 1
-24 -3 2
-24 -3 3
-24 -2 -4
-24 -2 -3
-24 -2 -2
-24 -2 -1
-24 -2 0
-24 -2 1
-24 -2 2
-24 -2 3
-24 -2 4
-24 -1 -4
-24 -1 -3
-24 -1 -2
-24 -1 -1
-24 -1 0
-24 -1 1
-24 -1 2
-24 -1 3
-24 -1 4
-24 0 -4
-24 0 -3
-24 0 -2
-24 0 -1
-24 0 0
-24 0 1
-24 0 2
-24 0 3
-24 0 4
-24 1 -4
-24 1 -3
-24 1 -2
-24 1 -1
-24 1 0
-24 1 1
-24 1 2
-24 1 3
-24 1 4
-24 2 -4
-24 2 -3
-24 2 -2
-24 2 -1
-24 2 0
-24 2 1
-24 2 2
-24 2 3
-24 2 4
-24 3 -3
-24 3 -2
-24 3 -1
-24 3 0
-24 3 1
-24 3 2
-24 3 3
-24 4 -2
-24 4 -1
-24 4 0
-24 4 1
-24 4 2
-23 -8 -2
-23 -8 -1
-23 -8 0
-23 -8 1
-23 -8 2
-23 -7 -4
-23 -7 -3
-23 -7 -2
-23 -7 -1
-23 -7 0
-23 -7 1
-23 -7 2
-23 -7 3
-23 -7 4
-23 -6 -5
-23 -6 -4
-23 -6 -3
-23 -6 -2
-23 -6 -1
-23 -6 0
-23 -6 1
-23 -6 2
-23 -6 3
-23 -6 4
-23 -6 5
-23 -5 -6
-23 -5 -5
-23 -5 -4
-23 -5 -3
-23 -5 -2
-23 -5 -1
-23 -5 0
-23 -5 1
-23 -5 2
-23 -5 3
-23 -5 4
-23 -5 5
-23 -5 6
-23 -4 -7
-23 -4 -6
-23 -4 -5
-23 -4 -4
-23 -4 -3
-23 -4 3
-23 -4 4
-23 -4 5
-23 -4 6
-23 -4 7
-23 -3 -7
-23 -3 -6
-23 -3 -5
-23 -3 -4
-23 -3 4
-23 -3 5
-23 -3 6
-23 -3 7
-23 -2 -8
-23 -2 -7
-23 -2 -6
-23 -2 -5
-23 -2 5
-23 -2 6
-23 -2 7
-23 -2 8
-23 -1 -8
-23 -1 -7
-23 -1 -6
-23 -1 -5
-23 -1 5
-23 -1 6
-23 -1 7
-23 -1 8
-23 0 -8
-23 0 -7
-23 0 -6
-23 0 -5
-23 0 5
-23 0 6
-23 0 7
-23 0 8
-23 1 -8
-23 1 -7
-23 1 -6
-23 1 -5
-23 1 5
-23 1 6
-23 1 7
-23 1 8
-23 2 -8
-23 2 -7
-23 2 -6
-23 2 -5
-23 2 5
-23 2 6
-23 2 7
-23 2 8
-23 3 -7
-23 3 -6
-23 3 -5
-23 3 -4
-23 3 4
-23 3 5
-23 3 6
-23 3 7
-23 4 -7
-23 4 -6
-23 4 -5
-23 4 -4
-23 4 -3
-23 4 3
-23 4 4
-23 4 5
-23 4 6
-23 4 7
-23 5 -6
-23 5 -5
-23 5 -4
-23 5 -3
-23 5 -2
-23 5 -1
-23 5 0
-23 5 1
-23 5 2
-23 5 3
-23 5 4
-23 5 5
-23 5 6
-23 6 -5
-23 6 -4
-23 6 -3
-23 6 -2
-23 6 -1
-23 6 0
-23 6 1
-23 6 2
-23 6 3
-23 6 4
-23 6 5
-23 7 -4
-23 7 -3
-23 7 -2
-23 7 -1
-23 7 0
-23 7 1
-23 7 2
-23 7 3
-23 7 4
-23 8 -2
-23 8 -1
-23 8 0
-23 8 1
-23 8 2
-22 -10 -4
-22 -10 -3
-22 -10 -2
-22 -10 -1
-22 -10 0
-22 -10 1
-22 -10 2
-22 -10 3
-22 -10 4
-22 -9 -5
-22 -9 -4
-22 -9 -3
-22 -9 -2
-22 -9 -1
-22 -9 0
-22 -9 1
-22 -9 2
-22 -9 3
-22 -9 4
-22 -9 5
-22 -8 -7
-22 -8 -6
-22 -8 -5
-22 -8 -4
-22 -8 -3
-22 -8 3
-22 -8 4
-22 -8 5
-22 -8 6
-22 -8 7
-22 -7 -8
-22 -7 -7
-22 -7 -6
-22 -7 -5
-22 -7 5
-22 -7 6
-22 -7 7
-22 -7 8
-22 -6 -8
-22 -6 -7
-22 -6 -6
-22 -6 6
-22 -6 7
-22 -6 8
-22 -5 -9
-22 -5 -8
-22 -5 -7
-22 -5 7
-22 -5 8
-22 -5 9
-22 -4 -10
-22 -4 -9
-22 -4 -8
-22 -4 8
-22 -4 9
-22 -4 10
-22 -3 -10
-22 -3 -9
-22 -3 -8
-22 -3 8
-22 -3 9
-22 -3 10
-22 -2 -10
-22 -2 -9
-22 -2 9
-22 -2 10
-22 -1 -10
-22 -1 -9
-22 -1 9
-22 -1 10
-22 0 -10
-22 0 -9
-22 0 9
-22 0 10
-22 1 -10
-22 1 -9
-22 1 9
-22 1 10
-22 2 -10
-22 2 -9
-22 2 9
-22 2 10
-22 3 -10
-22 3 -9
-22 3 -8
-22 3 8
-22 3 9
-22 3 10
-22 4 -10
-22 4 -9
-22 4 -8
-22 4 8
-22 4 9
-22 4 10
-22 5 -9
-22 5 -8
-22 5 -7
-22 5 7
-22 5 8
-22 5 9
-22 6 -8
-22 6 -7
-22 6 -6
-22 6 6
-22 6 7
-22 6 8
-22 7 -8
-22 7 -7
-22 7 -6
-22 7 -5
-22 7 5
-22 7 6
-22 7 7
-22 7 8
-22 8 -7
-22 8 -6
-22 8 -5
-22 8 -4
-22 8 -3
-22 8 3
-22 8 4
-22 8 5
-22 8 6
-22 8 7
-22 9 -5
-22 9 -4
-22 9 -3
-22 9 -2
-22 9 -1
-22 9 0
-22 9 1
-22 9 2
-22 9 3
-22 9 4
-22 9 5
-22 10 -4
-22 10 -3
-22 10 -2
-22 10 -1
-22 10 0
-22 10 1
-22 10 2
-22 10 3
-22 10 4
-21 -12 -3
-21 -12 -2
-21 -12 -1
-21 -12 0
-21 -12 1
-21 -12 2
-21 -12 3
-21 -11 -6
-21 -11 -5
-21 -11 -4
-21 -11 -3
-21 -11 -2
-21 -11 -1
-21 -11 0
-21 -11 1
-21 -11 2
-21 -11 3
-21 -11 4
-21 -11 5
-21 -11 6
-21 -10 -7
-21 -10 -6
-21 -10 -5
-21 -10 5
-21 -10 6
-21 -10 7
-21 -9 -8
-21 -9 -7
-21 -9 -6
-21 -9 6
-21 -9 7
-21 -9 8
-21 -8 -9
-21 -8 -8
-21 -8 8
-21 -8 9
-21 -7 -10
-21 -7 -9
-21 -7 9
-21 -7 10
-21 -6 -11
-21 -6 -10
-21 -6 -9
-21 -6 9
-21 -6 10
-21 -6 11
-21 -5 -11
-21 -5 -10
-21 -5 10
-21 -5 11
-21 -4 -11
-21 -4 11
-21 -3 -12
-21 -3 -11
-21 -3 11
-21 -3 12
-21 -2 -12
-21 -2 -11
-21 -2 11
-21 -2 12
-21 -1 -12
-21 -1 -11
-21 -1 11
-21 -1 12
-21 0 -12
-21 0 -11
-21 0 11
-21 0 12
-21 1 -12
-21 1 -11
-21 1 11
-21 1 12
-21 2 -12
-21 2 -11
-21 2 11
-21 2 12
-21 3 -12
-21 3 -11
-21 3 11
-21 3 12
-21 4 -11
-21 4 11
-21 5 -11
-21 5 -10
-21 5 10
-21 5 11
-21 6 -11
-21 6 -10
-21 6 -9
-21 6 9
-21 6 10
-21 6 11
-21 7 -10
-21 7 -9
-21 7 9
-21 7 10
-21 8 -9
-21 8 -8
-21 8 8
-21 8 9
-21 9 -8
-21 9 -7
-21 9 -6
-21 9 6
-21 9 7
-21 9 8
-21 10 -7
-21 10 -6
-21 10 -5
-21 10 5
-21 10 6
-21 10 7
-21 11 -6
-21 11 -5
-21 11 -4
-21 11 -3
-21 11 -2
-21 11 -1
-21 11 0
-21 11 1
-21 11 2
-21 11 3
-21 11 4
-21 11 5
-21 11 6
-21 12 -3
-21 12 -2
-21 12 -1
-21 12 0
-21 12 1
-21 12 2
-21 12 3
-20 -14 -2
-20 -14 -1
-20 -14 0
-20 -14 1
-20 -14 2
-20 -13 -5
-20 -13 -4
-20 -13 -3
-20 -13 -2
-20 -13 -1
-20 -13 0
-20 -13 1
-20 -13 2
-20 -13 3
-20 -13 4
-20 -13 5
-20 -12 -7
-20 -12 -6
-20 -12 -5
-20 -12 -4
-20 -12 4
-20 -12 5
-20 -12 6
-20 -12 7
-20 -11 -8
-20 -11 -7
-20 -11 7
-20 -11 8
-20 -10 -10
-20 -10 -9
-20 -10 -8
-20 -10 8
-20 -10 9
-20 -10 10
-20 -9 -10
-20 -9 -9
-20 -9 9
-20 -9 10
-20 -8 -11
-20 -8 -10
-20 -8 10
-20 -8 11
-20 -7 -12
-20 -7 -11
-20 -7 11
-20 -7 12
-20 -6 -12
-20 -6 12
-20 -5 -13
-20 -5 -12
-20 -5 12
-20 -5 13
-20 -4 -13
-20 -4 -12
-20 -4 12
-20 -4 13
-20 -3 -13
-20 -3 13
-20 -2 -14
-20 -2 -13
-20 -2 13
-20 -2 14
-20 -1 -14
-20 -1 -13
-20 -1 13
-20 -1 14
-20 0 -14
-20 0 -13
-20 0 13
-20 0 14
-20 1 -14
-20 1 -13
-20 1 13
-20 1 14
-20 2 -14
-20 2 -13
-20 2 13
-20 2 14
-20 3 -13
-20 3 13
-20 4 -13
-20 4 -12
-20 4 12
-20 4 13
-20 5 -13
-20 5 -12
-20 5 12
-20 5 13
-20 6 -12
-20 6 12
-20 7 -12
-20 7 -11
-20 7 11
-20 7 12
-20 8 -11
-20 8 -10
-20 8 10
-20 8 11
-20 9 -10
-20 9 -9
-20 9 9
-20 9 10
-20 10 -10
-20 10 -9
-20 10 -8
-20 10 8
-20 10 9
-20 10 10
-20 11 -8
-20 11 -7
-20 11 7
-20 11 8
-20 12 -7
-20 12 -6
-20 12 -5
-20 12 -4
-20 12 4
-20 12 5
-20 12 6
-20 12 7
-20 13 -5
-20 13 -4
-20 13 -3
-20 13 -2
-20 13 -1
-20 13 0
-20 13 1
-20 13 2
-20 13 3
-20 13 4
-20 13 5
-20 14 -2
-20 14 -1
-20 14 0
-20 14 1
-20 14 2
-19 -15 -3
-19 -15 -2
-19 -15 -1
-19 -15 0
-19 -15 1
-19 -15 2
-19 -15 3
-19 -14 -6
-19 -14 -5
-19 -14 -4
-19 -14 -3
-19 -14 3
-19 -14 4
-19 -14 5
-19 -14 6
-19 -13 -8
-19 -13 -7
-19 -13 -6
-19 -13 6
-19 -13 7
-19 -13 8
-19 -12 -9
-19 -12 -8
-19 -12 8
-19 -12 9
-19 -11 -10
-19 -11 -9
-19 -11 9
-19 -11 10
-19 -10 -11
-19 -10 11
-19 -9 -12
-19 -9 -11
-19 -9 11
-19 -9 12
-19 -8 -13
-19 -8 -12
-19 -8 12
-19 -8 13
-19 -7 -13
-19 -7 13
-19 -6 -14
-19 -6 -13
-19 -6 13
-19 -6 14
-19 -5 -14
-19 -5 14
-19 -4 -14
-19 -4 14
-19 -3 -15
-19 -3 -14
-19 -3 14
-19 -3 15
-19 -2 -15
-19 -2 15
-19 -1 -15
-19 -1 15
-19 0 -15
-19 0 15
-19 1 -15
-19 1 15
-19 2 -15
-19 2 15
-19 3 -15
-19 3 -14
-19 3 14
-19 3 15
-19 4 -14
-19 4 14
-19 5 -14
-19 5 14
-19 6 -14
-19 6 -13
-19 6 13
-19 6 14
-19 7 -13
-19 7 13
-19 8 -13
-19 8 -12
-19 8 12
-19 8 13
-19 9 -12
-19 9 -11
-19 9 11
-19 9 12
-19 10 -11
-19 10 11
-19 11 -10
-19 11 -9
-19 11 9
-19 11 10
-19 12 -9
-19 12 -8
-19 12 8
-19 12 9
-19 13 -8
-19 13 -7
-19 13 -6
-19 13 6
-19 13 7
-19 13 8
-19 14 -6
-19 14 -5
-19 14 -4
-19 14 -3
-19 14 3
-19 14 4
-19 14 5
-19 14 6
-19 15 -3
-19 15 -2
-19 15 -1
-19 15 0
-19 15 1
-19 15 2
-19 15 3
-18 -16 -4
-18 -16 -3
-18 -16 -2
-18 -16 -1
-18 -16 0
-18 -16 1
-18 -16 2
-18 -16 3
-18 -16 4
-18 -15 -7
-18 -15 -6
-18 -15 -5
-18 -15 -4
-18 -15 4
-18 -15 5
-18 -15 6
-18 -15 7
-18 -14 -8
-18 -14 -7
-18 -14 7
-18 -14 8
-18 -13 -10
-18 -13 -9
-18 -13 9
-18 -13 10
-18 -12 -11
-18 -12 -10
-18 -12 10
-18 -12 11
-18 -11 -12
-18 -11 -11
-18 -11 11
-18 -11 12
-18 -10 -13
-18 -10 -12
-18 -10 12
-18 -10 13
-18 -9 -13
-18 -9 13
-18 -8 -14
-18 -8 14
-18 -7 -15
-18 -7 -14
-18 -7 14
-18 -7 15
-18 -6 -15
-18 -6 15
-18 -5 -15
-18 -5 15
-18 -4 -16
-18 -4 -15
-18 -4 15
-18 -4 16
-18 -3 -16
-18 -3 16
-18 -2 -16
-18 -2 16
-18 -1 -16
-18 -1 16
-18 0 -16
-18 0 16
-18 1 -16
-18 1 16
-18 2 -16
-18 2 16
-18 3 -16
-18 3 16
-18 4 -16
-18 4 -15
-18 4 15
-18 4 16
-18 5 -15
-18 5 15
-18 6 -15
-18 6 15
-18 7 -15
-18 7 -14
-18 7 14
-18 7 15
-18 8 -14
-18 8 14
-18 9 -13
-18 9 13
-18 10 -13
-18 10 -12
-18 10 12
-18 10 13
-18 11 -12
-18 11 -11
-18 11 11
-18 11 12
-18 12 -11
-18 12 -10
-18 12 10
-18 12 11
-18 13 -10
-18 13 -9
-18 13 9
-18 13 10
-18 14 -8
-18 14 -7
-18 14 7
-18 14 8
-18 15 -7
-18 15 -6
-18 15 -5
-18 15 -4
-18 15 4
-18 15 5
-18 15 6
-18 15 7
-18 16 -4
-18 16 -3
-18 16 -2
-18 16 -1
-18 16 0
-18 16 1
-18 16 2
-18 16 3
-18 16 4
-17 -17 -4
-17 -17 -3
-17 -17 -2
-17 -17 -1
-17 -17 0
-17 -17 1
-17 -17 2
-17 -17 3
-17 -17 4
-17 -16 -7
-17 -16 -6
-17 -16 -5
-17 -16 5
-17 -16 6
-17 -16 7
-17 -15 -9
-17 -15 -8
-17 -15 8
-17 -15 9
-17 -14 -10
-17 -14 -9
-17 -14 9
-17 -14 10
-17 -13 -11
-17 -13 11
-17 -12 -12
-17 -12 12
-17 -11 -13
-17 -11 13
-17 -10 -14
-17 -10 14
-17 -9 -15
-17 -9 -14
-17 -9 14
-17 -9 15
-17 -8 -15
-17 -8 15
-17 -7 -16
-17 -7 16
-17 -6 -16
-17 -6 16
-17 -5 -16
-17 -5 16
-17 -4 -17
-17 -4 17
-17 -3 -17
-17 -3 17
-17 -2 -17
-17 -2 17
-17 -1 -17
-17 -1 17
-17 0 -17
-17 0 17
-17 1 -17
-17 1 17
-17 2 -17
-17 2 17
-17 3 -17
-17 3 17
-17 4 -17
-17 4 17
-17 5 -16
-17 5 16
-17 6 -16
-17 6 16
-17 7 -16
-17 7 16
-17 8 -15
-17 8 15
-17 9 -15
-17 9 -14
-17 9 14
-17 9 15
-17 10 -14
-17 10 14
-17 11 -13
-17 11 13
-17 12 -12
-17 12 12
-17 13 -11
-17 13 11
-17 14 -10
-17 14 -9
-17 14 9
-17 14 10
-17 15 -9
-17 15 -8
-17 15 8
-17 15 9
-17 16 -7
-17 16 -6
-17 16 -5
-17 16 5
-17 16 6
-17 16 7
-17 17 -4
-17 17 -3
-17 17 -2
-17 17 -1
-17 17 0
-17 17 1
-17 17 2
-17 17 3
-17 17 4
-16 -18 -4
-16 -18 -3
-16 -18 -2
-16 -18 -1
-16 -18 0
-16 -18 1
-16 -18 2
-16 -18 3
-16 -18 4
-16 -17 -7
-16 -17 -6
-16 -17 -5
-16 -17 5
-16 -17 6
-16 -17 7
-16 -16 -9
-16 -16 -8
-16 -16 8
-16 -16 9
-16 -15 -10
-16 -15 10
-16 -14 -12
-16 -14 -11
-16 -14 11
-16 -14 12
-16 -13 -13
-16 -13 -12
-16 -13 12
-16 -13 13
-16 -12 -14
-16 -12 -13
-16 -12 13
-16 -12 14
-16 -11 -14
-16 -11 14
-16 -10 -15
-16 -10 15
-16 -9 -16
-16 -9 16
-16 -8 -16
-16 -8 16
-16 -7 -17
-16 -7 17
-16 -6 -17
-16 -6 17
-16 -5 -17
-16 -5 17
-16 -4 -18
-16 -4 18
-16 -3 -18
-16 -3 18
-16 -2 -18
-16 -2 18
-16 -1 -18
-16 -1 18
-16 0 -18
-16 0 18
-16 1 -18
-16 1 18
-16 2 -18
-16 2 18
-16 3 -18
-16 3 18
-16 4 -18
-16 4 18
-16 5 -17
-16 5 17
-16 6 -17
-16 6 17
-16 7 -17
-16 7 17
-16 8 -16
-16 8 16
-16 9 -16
-16 9 16
-16 10 -15
-16 10 15
-16 11 -14
-16 11 14
-16 12 -14
-16 12 -13
-16 12 13
-16 12 14
-16 13 -13
-16 13 -12
-16 13 12
-16 13 13
-16 14 -12
-16 14 -11
-16 14 11
-16 14 12
-16 15 -10
-16 15 10
-16 16 -9
-16 16 -8
-16 16 8
-16 16 9
-16 17 -7
-16 17 -6
-16 17 -5
-16 17 5
-16 17 6
-16 17 7
-16 18 -4
-16 18 -3
-16 18 -2
-16 18 -1
-16 18 0
-16 18 1
-16 18 2
-16 18 3
-16 18 4
-15 -19 -3
-15 -19 -2
-15 -19 -1
-15 -19 0
-15 -19 1
-15 -19 2
-15 -19 3
-15 -18 -7
-15 -18 -6
-15 -18 -5
-15 -18 -4
-15 -18 4
-15 -18 5
-15 -18 6
-15 -18 7
-15 -17 -9
-15 -17 -8
-15 -17 8
-15 -17 9
-15 -16 -10
-15 -16 10
-15 -15 -12
-15 -15 -11
-15 -15 11
-15 -15 12
-15 -14 -13
-15 -14 13
-15 -13 -14
-15 -13 14
-15 -12 -15
-15 -12 15
-15 -11 -15
-15 -11 15
-15 -10 -16
-15 -10 16
-15 -9 -17
-15 -9 17
-15 -8 -17
-15 -8 17
-15 -7 -18
-15 -7 18
-15 -6 -18
-15 -6 18
-15 -5 -18
-15 -5 18
-15 -4 -18
-15 -4 18
-15 -3 -19
-15 -3 19
-15 -2 -19
-15 -2 19
-15 -1 -19
-15 -1 19
-15 0 -19
-15 0 19
-15 1 -19
-15 1 19
-15 2 -19
-15 2 19
-15 3 -19
-15 3 19
-15 4 -18
-15 4 18
-15 5 -18
-15 5 18
-15 6 -18
-15 6 18
-15 7 -18
-15 7 18
-15 8 -17
-15 8 17
-15 9 -17
-15 9 17
-15 10 -16
-15 10 16
-15 11 -15
-15 11 15
-15 12 -15
-15 12 15
-15 13 -14
-15 13 14
-15 14 -13
-15 14 13
-15 15 -12
-15 15 -11
-15 15 11
-15 15 12
-15 16 -10
-15 16 10
-15 17 -9
-15 17 -8
-15 17 8
-15 17 9
-15 18 -7
-15 18 -6
-15 18 -5
-15 18 -4
-15 18 4
-15 18 5
-15 18 6
-15 18 7
-15 19 -3
-15 19 -2
-15 19 -1
-15 19 0
-15 19 1
-15 19 2
-15 19 3
-14 -20 -2
-14 -20 -1
-14 -20 0
-14 -20 1
-14 -20 2
-14 -19 -6
-14 -19 -5
-14 -19 -4
-14 -19 -3
-14 -19 3
-14 -19 4
-14 -19 5
-14 -19 6
-14 -18 -8
-14 -18 -7
-14 -18 7
-14 -18 8
-14 -17 -10
-14 -17 -9
-14 -17 9
-14 -17 10
-14 -16 -12
-14 -16 -11
-14 -16 11
-14 -16 12
-14 -15 -13
-14 -15 13
-14 -14 -14
-14 -14 14
-14 -13 -15
-14 -13 15
-14 -12 -16
-14 -12 16
-14 -11 -16
-14 -11 16
-14 -10 -17
-14 -10 17
-14 -9 -17
-14 -9 17
-14 -8 -18
-14 -8 18
-14 -7 -18
-14 -7 18
-14 -6 -19
-14 -6 19
-14 -5 -19
-14 -5 19
-14 -4 -19
-14 -4 19
-14 -3 -19
-14 -3 19
-14 -2 -20
-14 -2 20
-14 -1 -20
-14 -1 20
-14 0 -20
-14 0 20
-14 1 -20
-14 1 20
-14 2 -20
-14 2 20
-14 3 -19
-14 3 19
-14 4 -19
-14 4 19
-14 5 -19
-14 5 19
-14 6 -19
-14 6 19
-14 7 -18
-14 7 18
-14 8 -18
-14 8 18
-14 9 -17
-14 9 17
-14 10 -17
-14 10 17
-14 11 -16
-14 11 16
-14 12 -16
-14 12 16
-14 13 -15
-14 13 15
-14 14 -14
-14 14 14
-14 15 -13
-14 15 13
-14 16 -12
-14 16 -11
-14 16 11
-14 16 12
-14 17 -10
-14 17 -9
-14 17 9
-14 17 10
-14 18 -8
-14 18 -7
-14 18 7
-14 18 8
-14 19 -6
-14 19 -5
-14 19 -4
-14 19 -3
-14 19 3
-14 19 4
-14 19 5
-14 19 6
-14 20 -2
-14 20 -1
-14 20 0
-14 20 1
-14 20 2
-13 -20 -5
-13 -20 -4
-13 -20 -3
-13 -20 -2
-13 -20 -1
-13 -20 0
-13 -20 1
-13 -20 2
-13 -20 3
-13 -20 4
-13 -20 5
-13 -19 -8
-13 -19 -7
-13 -19 -6
-13 -19 6
-13 -19 7
-13 -19 8
-13 -18 -10
-13 -18 -9
-13 -18 9
-13 -18 10
-13 -17 -11
-13 -17 11
-13 -16 -13
-13 -16 -12
-13 -16 12
-13 -16 13
-13 -15 -14
-13 -15 14
-13 -14 -15
-13 -14 15
-13 -13 -16
-13 -13 16
-13 -12 -16
-13 -12 16
-13 -11 -17
-13 -11 17
-13 -10 -18
-13 -10 18
-13 -9 -18
-13 -9 18
-13 -8 -19
-13 -8 19
-13 -7 -19
-13 -7 19
-13 -6 -19
-13 -6 19
-13 -5 -20
-13 -5 20
-13 -4 -20
-13 -4 20
-13 -3 -20
-13 -3 20
-13 -2 -20
-13 -2 20
-13 -1 -20
-13 -1 20
-13 0 -20
-13 0 20
-13 1 -20
-13 1 20
-13 2 -20
-13 2 20
-13 3 -20
-13 3 20
-13 4 -20
-13 4 20
-13 5 -20
-13 5 20
-13 6 -19
-13 6 19
-13 7 -19
-13 7 19
-13 8 -19
-13 8 19
-13 9 -18
-13 9 18
-13 10 -18
-13 10 18
-13 11 -17
-13 11 17
-13 12 -16
-13 12 16
-13 13 -16
-13 13 16
-13 14 -15
-13 14 15
-13 15 -14
-13 15 14
-13 16 -13
-13 16 -12
-13 16 12
-13 16 13
-13 17 -11
-13 17 11
-13 18 -10
-13 18 -9
-13 18 9
-13 18 10
-13 19 -8
-13 19 -7
-13 19 -6
-13 19 6
-13 19 7
-13 19 8
-13 20 -5
-13 20 -4
-13 20 -3
-13 20 -2
-13 20 -1
-13 20 0
-13 20 1
-13 20 2
-13 20 3
-13 20 4
-13 20 5
-12 -21 -3
-12 -21 -2
-12 -21 -1
-12 -21 0
-12 -21 1
-12 -21 2
-12 -21 3
-12 -20 -7
-12 -20 -6
-12 -20 -5
-12 -20 -4
-12 -20 4
-12 -20 5
-12 -20 6
-12 -20 7
-12 -19 -9
-12 -19 -8
-12 -19 8
-12 -19 9
-12 -18 -11
-12 -18 -10
-12 -18 10
-12 -18 11
-12 -17 -12
-12 -17 12
-12 -16 -14
-12 -16 -13
-12 -16 13
-12 -16 14
-12 -15 -15
-12 -15 15
-12 -14 -16
-12 -14 16
-12 -13 -16
-12 -13 16
-12 -12 -17
-12 -12 17
-12 -11 -18
-12 -11 18
-12 -10 -18
-12 -10 18
-12 -9 -19
-12 -9 19
-12 -8 -19
-12 -8 19
-12 -7 -20
-12 -7 20
-12 -6 -20
-12 -6 20
-12 -5 -20
-12 -5 20
-12 -4 -20
-12 -4 20
-12 -3 -21
-12 -3 21
-12 -2 -21
-12 -2 21
-12 -1 -21
-12 -1 21
-12 0 -21
-12 0 21
-12 1 -21
-12 1 21
-12 2 -21
-12 2 21
-12 3 -21
-12 3 21
-12 4 -20
-12 4 20
-12 5 -20
-12 5 20
-12 6 -20
-12 6 20
-12 7 -20
-12 7 20
-12 8 -19
-12 8 19
-12 9 -19
-12 9 19
-12 10 -18
-12 10 18
-12 11 -18
-12 11 18
-12 12 -17
-12 12 17
-12 13 -16
-12 13 16
-12 14 -16
-12 14 16
-12 15 -15
-12 15 15
-12 16 -14
-12 16 -13
-12 16 13
-12 16 14
-12 17 -12
-12 17 12
-12 18 -11
-12 18 -10
-12 18 10
-12 18 11
-12 19 -9
-12 19 -8
-12 19 8
-12 19 9
-12 20 -7
-12 20 -6
-12 20 -5
-12 20 -4
-12 20 4
-12 20 5
-12 20 6
-12 20 7
-12 21 -3
-12 21 -2
-12 21 -1
-12 21 0
-12 21 1
-12 21 2
-12 21 3
-11 -21 -6
-11 -21 -5
-11 -21 -4
-11 -21 -3
-11 -21 -2
-11 -21 -1
-11 -21 0
-11 -21 1
-11 -21 2
-11 -21 3
-11 -21 4
-11 -21 5
-11 -21 6
-11 -20 -8
-11 -20 -7
-11 -20 7
-11 -20 8
-11 -19 -10
-11 -19 -9
-11 -19 9
-11 -19 10
-11 -18 -12
-11 -18 -11
-11 -18 11
-11 -18 12
-11 -17 -13
-11 -17 13
-11 -16 -14
-11 -16 14
-11 -15 -15
-11 -15 15
-11 -14 -16
-11 -14 16
-11 -13 -17
-11 -13 17
-11 -12 -18
-11 -12 18
-11 -11 -18
-11 -11 18
-11 -10 -19
-11 -10 19
-11 -9 -19
-11 -9 19
-11 -8 -20
-11 -8 20
-11 -7 -20
-11 -7 20
-11 -6 -21
-11 -6 21
-11 -5 -21
-11 -5 21
-11 -4 -21
-11 -4 21
-11 -3 -21
-11 -3 21
-11 -2 -21
-11 -2 21
-11 -1 -21
-11 -1 21
-11 0 -21
-11 0 21
-11 1 -21
-11 1 21
-11 2 -21
-11 2 21
-11 3 -21
-11 3 21
-11 4 -21
-11 4 21
-11 5 -21
-11 5 21
-11 6 -21
-11 6 21
-11 7 -20
-11 7 20
-11 8 -20
-11 8 20
-11 9 -19
-11 9 19
-11 10 -19
-11 10 19
-11 11 -18
-11 11 18
-11 12 -18
-11 12 18
-11 13 -17
-11 13 17
-11 14 -16
-11 14 16
-11 15 -15
-11 15 15
-11 16 -14
-11 16 14
-11 17 -13
-11 17 13
-11 18 -12
-11 18 -11
-11 18 11
-11 18 12
-11 19 -10
-11 19 -9
-11 19 9
-11 19 10
-11 20 -8
-11 20 -7
-11 20 7
-11 20 8
-11 21 -6
-11 21 -5
-11 21 -4
-11 21 -3
-11 21 -2
-11 21 -1
-11 21 0
-11 21 1
-11 21 2
-11 21 3
-11 21 4
-11 21 5
-11 21 6
-10 -22 -4
-10 -22 -3
-10 -22 -2
-10 -22 -1
-10 -22 0
-10 -22 1
-10 -22 2
-10 -22 3
-10 -22 4
-10 -21 -7
-10 -21 -6
-10 -21 -5
-10 -21 5
-10 -21 6
-10 -21 7
-10 -20 -10
-10 -20 -9
-10 -20 -8
-10 -20 8
-10 -20 9
-10 -20 10
-10 -19 -11
-10 -19 11
-10 -18 -13
-10 -18 -12
-10 -18 12
-10 -18 13
-10 -17 -14
-10 -17 14
-10 -16 -15
-10 -16 15
-10 -15 -16
-10 -15 16
-10 -14 -17
-10 -14 17
-10 -13 -18
-10 -13 18
-10 -12 -18
-10 -12 18
-10 -11 -19
-10 -11 19
-10 -10 -20
-10 -10 20
-10 -9 -20
-10 -9 20
-10 -8 -20
-10 -8 20
-10 -7 -21
-10 -7 21
-10 -6 -21
-10 -6 21
-10 -5 -21
-10 -5 21
-10 -4 -22
-10 -4 22
-10 -3 -22
-10 -3 22
-10 -2 -22
-10 -2 22
-10 -1 -22
-10 -1 22
-10 0 -22
-10 0 22
-10 1 -22
-10 1 22
-10 2 -22
-10 2 22
-10 3 -22
-10 3 22
-10 4 -22
-10 4 22
-10 5 -21
-10 5 21
-10 6 -21
-10 6 21
-10 7 -21
-10 7 21
-10 8 -20
-10 8 20
-10 9 -20
-10 9 20
-10 10 -20
-10 10 20
-10 11 -19
-10 11 19
-10 12 -18
-10 12 18
-10 13 -18
-10 13 18
-10 14 -17
-10 14 17
-10 15 -16
-10 15 16
-10 16 -15
-10 16 15
-10 17 -14
-10 17 14
-10 18 -13
-10 18 -12
-10 18 12
-10 18 13
-10 19 -11
-10 19 11
-10 20 -10
-10 20 -9
-10 20 -8
-10 20 8
-10 20 9
-10 20 10
-10 21 -7
-10 21 -6
-10 21 -5
-10 21 5
-10 21 6
-10 21 7
-10 22 -4
-10 22 -3
-10 22 -2
-10 22 -1
-10 22 0
-10 22 1
-10 22 2
-10 22 3
-10 22 4
-9 -22 -5
-9 -22 -4
-9 -22 -3
-9 -22 -2
-9 -22 -1
-9 -22 0
-9 -22 1
-9 -22 2
-9 -22 3
-9 -22 4
-9 -22 5
-9 -21 -8
-9 -21 -7
-9 -21 -6
-9 -21 6
-9 -21 7
-9 -21 8
-9 -20 -10
-9 -20 -9
-9 -20 9
-9 -20 10
-9 -19 -12
-9 -19 -11
-9 -19 11
-9 -19 12
-9 -18 -13
-9 -18 13
-9 -17 -15
-9 -17 -14
-9 -17 14
-9 -17 15
-9 -16 -16
-9 -16 16
-9 -15 -17
-9 -15 17
-9 -14 -17
-9 -14 17
-9 -13 -18
-9 -13 18
-9 -12 -19
-9 -12 19
-9 -11 -19
-9 -11 19
-9 -10 -20
-9 -10 20
-9 -9 -20
-9 -9 20
-9 -8 -21
-9 -8 21
-9 -7 -21
-9 -7 21
-9 -6 -21
-9 -6 21
-9 -5 -22
-9 -5 22
-9 -4 -22
-9 -4 22
-9 -3 -22
-9 -3 22
-9 -2 -22
-9 -2 22
-9 -1 -22
-9 -1 22
-9 0 -22
-9 0 22
-9 1 -22
-9 1 22
-9 2 -22
-9 2 22
-9 3 -22
-9 3 22
-9 4 -22
-9 4 22
-9 5 -22
-9 5 22
-9 6 -21
-9 6 21
-9 7 -21
-9 7 21
-9 8 -21
-9 8 21
-9 9 -20
-9 9 20
-9 10 -20
-9 10 20
-9 11 -19
-9 11 19
-9 12 -19
-9 12 19
-9 13 -18
-9 13 18
-9 14 -17
-9 14 17
-9 15 -17
-9 15 17
-9 16 -16
-9 16 16
-9 17 -15
-9 17 -14
-9 17 14
-9 17 15
-9 18 -13
-9 18 13
-9 19 -12
-9 19 -11
-9 19 11
-9 19 12
-9 20 -10
-9 20 -9
-9 20 9
-9 20 10
-9 21 -8
-9 21 -7
-9 21 -6
-9 21 6
-9 21 7
-9 21 8
-9 22 -5
-9 22 -4
-9 22 -3
-9 22 -2
-9 22 -1
-9 22 0
-9 22 1
-9 22 2
-9 22 3
-9 22 4
-9 22 5
-8 -23 -2
-8 -23 -1
-8 -23 0
-8 -23 1
-8 -23 2
-8 -22 -7
-8 -22 -6
-8 -22 -5
-8 -22 -4
-8 -22 -3
-8 -22 3
-8 -22 4
-8 -22 5
-8 -22 6
-8 -22 7
-8 -21 -9
-8 -21 -8
-8 -21 8
-8 -21 9
-8 -20 -11
-8 -20 -10
-8 -20 10
-8 -20 11
-8 -19 -13
-8 -19 -12
-8 -19 12
-8 -19 13
-8 -18 -14
-8 -18 14
-8 -17 -15
-8 -17 15
-8 -16 -16
-8 -16 16
-8 -15 -17
-8 -15 17
-8 -14 -18
-8 -14 18
-8 -13 -19
-8 -13 19
-8 -12 -19
-8 -12 19
-8 -11 -20
-8 -11 20
-8 -10 -20
-8 -10 20
-8 -9 -21
-8 -9 21
-8 -8 -21
-8 -8 21
-8 -7 -22
-8 -7 22
-8 -6 -22
-8 -6 22
-8 -5 -22
-8 -5 22
-8 -4 -22
-8 -4 22
-8 -3 -22
-8 -3 22
-8 -2 -23
-8 -2 23
-8 -1 -23
-8 -1 23
-8 0 -23
-8 0 23
-8 1 -23
-8 1 23
-8 2 -23
-8 2 23
-8 3 -22
-8 3 22
-8 4 -22
-8 4 22
-8 5 -22
-8 5 22
-8 6 -22
-8 6 22
-8 7 -22
-8 7 22
-8 8 -21
-8 8 21
-8 9 -21
-8 9 21
-8 10 -20
-8 10 20
-8 11 -20
-8 11 20
-8 12 -19
-8 12 19
-8 13 -19
-8 13 19
-8 14 -18
-8 14 18
-8 15 -17
-8 15 17
-8 16 -16
-8 16 16
-8 17 -15
-8 17 15
-8 18 -14
-8 18 14
-8 19 -13
-8 19 -12
-8 19 12
-8 19 13
-8 20 -11
-8 20 -10
-8 20 10
-8 20 11
-8 21 -9
-8 21 -8
-8 21 8
-8 21 9
-8 22 -7
-8 22 -6
-8 22 -5
-8 22 -4
-8 22 -3
-8 22 3
-8 22 4
-8 22 5
-8 22 6
-8 22 7
-8 23 -2
-8 23 -1
-8 23 0
-8 23 1
-8 23 2
-7 -23 -4
-7 -23 -3
-7 -23 -2
-7 -23 -1
-7 -23 0
-7 -23 1
-7 -23 2
-7 -23 3
-7 -23 4
-7 -22 -8
-7 -22 -7
-7 -22 -6
-7 -22 -5
-7 -22 5
-7 -22 6
-7 -22 7
-7 -22 8
-7 -21 -10
-7 -21 -9
-7 -21 9
-7 -21 10
-7 -20 -12
-7 -20 -11
-7 -20 11
-7 -20 12
-7 -19 -13
-7 -19 13
-7 -18 -15
-7 -18 -14
-7 -18 14
-7 -18 15
-7 -17 -16
-7 -17 16
-7 -16 -17
-7 -16 17
-7 -15 -18
-7 -15 18
-7 -14 -18
-7 -14 18
-7 -13 -19
-7 -13 19
-7 -12 -20
-7 -12 20
-7 -11 -20
-7 -11 20
-7 -10 -21
-7 -10 21
-7 -9 -21
-7 -9 21
-7 -8 -22
-7 -8 22
-7 -7 -22
-7 -7 22
-7 -6 -22
-7 -6 22
-7 -5 -22
-7 -5 22
-7 -4 -23
-7 -4 23
-7 -3 -23
-7 -3 23
-7 -2 -23
-7 -2 23
-7 -1 -23
-7 -1 23
-7 0 -23
-7 0 23
-7 1 -23
-7 1 23
-7 2 -23
-7 2 23
-7 3 -23
-7 3 23
-7 4 -23
-7 4 23
-7 5 -22
-7 5 22
-7 6 -22
-7 6 22
-7 7 -22
-7 7 22
-7 8 -22
-7 8 22
-7 9 -21
-7 9 21
-7 10 -21
-7 10 21
-7 11 -20
-7 11 20
-7 12 -20
-7 12 20
-7 13 -19
-7 13 19
-7 14 -18
-7 14 18
-7 15 -18
-7 15 18
-7 16 -17
-7 16 17
-7 17 -16
-7 17 16
-7 18 -15
-7 18 -14
-7 18 14
-7 18 15
-7 19 -13
-7 19 13
-7 20 -12
-7 20 -11
-7 20 11
-7 20 12
-7 21 -10
-7 21 -9
-7 21 9
-7 21 10
-7 22 -8
-7 22 -7
-7 22 -6
-7 22 -5
-7 22 5
-7 22 6
-7 22 7
-7 22 8
-7 23 -4
-7 23 -3
-7 23 -2
-7 23 -1
-7 23 0
-7 23 1
-7 23 2
-7 23 3
-7 23 4
-6 -23 -5
-6 -23 -4
-6 -23 -3
-6 -23 -2
-6 -23 -1
-6 -23 0
-6 -23 1
-6 -23 2
-6 -23 3
-6 -23 4
-6 -23 5
-6 -22 -8
-6 -22 -7
-6 -22 -6
-6 -22 6
-6 -22 7
-6 -22 8
-6 -21 -11
-6 -21 -10
-6 -21 -9
-6 -21 9
-6 -21 10
-6 -21 11
-6 -20 -12
-6 -20 12
-6 -19 -14
-6 -19 -13
-6 -19 13
-6 -19 14
-6 -18 -15
-6 -18 15
-6 -17 -16
-6 -17 16
-6 -16 -17
-6 -16 17
-6 -15 -18
-6 -15 18
-6 -14 -19
-6 -14 19
-6 -13 -19
-6 -13 19
-6 -12 -20
-6 -12 20
-6 -11 -21
-6 -11 21
-6 -10 -21
-6 -10 21
-6 -9 -21
-6 -9 21
-6 -8 -22
-6 -8 22
-6 -7 -22
-6 -7 22
-6 -6 -22
-6 -6 22
-6 -5 -23
-6 -5 23
-6 -4 -23
-6 -4 23
-6 -3 -23
-6 -3 23
-6 -2 -23
-6 -2 23
-6 -1 -23
-6 -1 23
-6 0 -23
-6 0 23
-6 1 -23
-6 1 23
-6 2 -23
-6 2 23
-6 3 -23
-6 3 23
-6 4 -23
-6 4 23
-6 5 -23
-6 5 23
-6 6 -22
-6 6 22
-6 7 -22
-6 7 22
-6 8 -22
-6 8 22
-6 9 -21
-6 9 21
-6 10 -21
-6 10 21
-6 11 -21
-6 11 21
-6 12 -20
-6 12 20
-6 13 -19
-6 13 19
-6 14 -19
-6 14 19
-6 15 -18
-6 15 18
-6 16 -17
-6 16 17
-6 17 -16
-6 17 16
-6 18 -15
-6 18 15
-6 19 -14
-6 19 -13
-6 19 13
-6 19 14
-6 20 -12
-6 20 12
-6 21 -11
-6 21 -10
-6 21 -9
-6 21 9
-6 21 10
-6 21 11
-6 22 -8
-6 22 -7
-6 22 -6
-6 22 6
-6 22 7
-6 22 8
-6 23 -5
-6 23 -4
-6 23 -3
-6 23 -2
-6 23 -1
-6 23 0
-6 23 1
-6 23 2
-6 23 3
-6 23 4
-6 23 5
-5 -23 -6
-5 -23 -5
-5 -23 -4
-5 -23 -3
-5 -23 -2
-5 -23 -1
-5 -23 0
-5 -23 1
-5 -23 2
-5 -23 3
-5 -23 4
-5 -23 5
-5 -23 6
-5 -22 -9
-5 -22 -8
-5 -22 -7
-5 -22 7
-5 -22 8
-5 -22 9
-5 -21 -11
-5 -21 -10
-5 -21 10
-5 -21 11
-5 -20 -13
-5 -20 -12
-5 -20 12
-5 -20 13
-5 -19 -14
-5 -19 14
-5 -18 -15
-5 -18 15
-5 -17 -16
-5 -17 16
-5 -16 -17
-5 -16 17
-5 -15 -18
-5 -15 18
-5 -14 -19
-5 -14 19
-5 -13 -20
-5 -13 20
-5 -12 -20
-5 -12 20
-5 -11 -21
-5 -11 21
-5 -10 -21
-5 -10 21
-5 -9 -22
-5 -9 22
-5 -8 -22
-5 -8 22
-5 -7 -22
-5 -7 22
-5 -6 -23
-5 -6 23
-5 -5 -23
-5 -5 23
-5 -4 -23
-5 -4 23
-5 -3 -23
-5 -3 23
-5 -2 -23
-5 -2 23
-5 -1 -23
-5 -1 23
-5 0 -23
-5 0 23
-5 1 -23
-5 1 23
-5 2 -23
-5 2 23
-5 3 -23
-5 3 23
-5 4 -23
-5 4 23
-5 5 -23
-5 5 23
-5 6 -23
-5 6 23
-5 7 -22
-5 7 22
-5 8 -22
-5 8 22
-5 9 -22
-5 9 22
-5 10 -21
-5 10 21
-5 11 -21
-5 11 21
-5 12 -20
-5 12 20
-5 13 -20
-5 13 20
-5 14 -19
-5 14 19
-5 15 -18
-5 15 18
-5 16 -17
-5 16 17
-5 17 -16
-5 17 16
-5 18 -15
-5 18 15
-5 19 -14
-5 19 14
-5 20 -13
-5 20 -12
-5 20 12
-5 20 13
-5 21 -11
-5 21 -10
-5 21 10
-5 21 11
-5 22 -9
-5 22 -8
-5 22 -7
-5 22 7
-5 22 8
-5 22 9
-5 23 -6
-5 23 -5
-5 23 -4
-5 23 -3
-5 23 -2
-5 23 -1
-5 23 0
-5 23 1
-5 23 2
-5 23 3
-5 23 4
-5 23 5
-5 23 6
-4 -24 -2
-4 -24 -1
-4 -24 0
-4 -24 1
-4 -24 2
-4 -23 -7
-4 -23 -6
-4 -23 -5
-4 -23 -4
-4 -23 -3
-4 -23 3
-4 -23 4
-4 -23 5
-4 -23 6
-4 -23 7
-4 -22 -10
-4 -22 -9
-4 -22 -8
-4 -22 8
-4 -22 9
-4 -22 10
-4 -21 -11
-4 -21 11
-4 -20 -13
-4 -20 -12
-4 -20 12
-4 -20 13
-4 -19 -14
-4 -19 14
-4 -18 -16
-4 -18 -15
-4 -18 15
-4 -18 16
-4 -17 -17
-4 -17 17
-4 -16 -18
-4 -16 18
-4 -15 -18
-4 -15 18
-4 -14 -19
-4 -14 19
-4 -13 -20
-4 -13 20
-4 -12 -20
-4 -12 20
-4 -11 -21
-4 -11 21
-4 -10 -22
-4 -10 22
-4 -9 -22
-4 -9 22
-4 -8 -22
-4 -8 22
-4 -7 -23
-4 -7 23
-4 -6 -23
-4 -6 23
-4 -5 -23
-4 -5 23
-4 -4 -23
-4 -4 23
-4 -3 -23
-4 -3 23
-4 -2 -24
-4 -2 24
-4 -1 -24
-4 -1 24
-4 0 -24
-4 0 24
-4 1 -24
-4 1 24
-4 2 -24
-4 2 24
-4 3 -23
-4 3 23
-4 4 -23
-4 4 23
-4 5 -23
-4 5 23
-4 6 -23
-4 6 23
-4 7 -23
-4 7 23
-4 8 -22
-4 8 22
-4 9 -22
-4 9 22
-4 10 -22
-4 10 22
-4 11 -21
-4 11 21
-4 12 -20
-4 12 20
-4 13 -20
-4 13 20
-4 14 -19
-4 14 19
-4 15 -18
-4 15 18
-4 16 -18
-4 16 18
-4 17 -17
-4 17 17
-4 18 -16
-4 18 -15
-4 18 15
-4 18 16
-4 19 -14
-4 19 14
-4 20 -13
-4 20 -12
-4 20 12
-4 20 13
-4 21 -11
-4 21 11
-4 22 -10
-4 22 -9
-4 22 -8
-4 22 8
-4 22 9
-4 22 10
-4 23 -7
-4 23 -6
-4 23 -5
-4 23 -4
-4 23 -3
-4 23 3
-4 23 4
-4 23 5
-4 23 6
-4 23 7
-4 24 -2
-4 24 -1
-4 24 0
-4 24 1
-4 24 2
-3 -24 -3
-3 -24 -2
-3 -24 -1
-3 -24 0
-3 -24 1
-3 -24 2
-3 -24 3
-3 -23 -7
-3 -23 -6
-3 -23 -5
-3 -23 -4
-3 -23 4
-3 -23 5
-3 -23 6
-3 -23 7
-3 -22 -10
-3 -22 -9
-3 -22 -8
-3 -22 8
-3 -22 9
-3 -22 10
-3 -21 -12
-3 -21 -11
-3 -21 11
-3 -21 12
-3 -20 -13
-3 -20 13
-3 -19 -15
-3 -19 -14
-3 -19 14
-3 -19 15
-3 -18 -16
-3 -18 16
-3 -17 -17
-3 -17 17
-3 -16 -18
-3 -16 18
-3 -15 -19
-3 -15 19
-3 -14 -19
-3 -14 19
-3 -13 -20
-3 -13 20
-3 -12 -21
-3 -12 21
-3 -11 -21
-3 -11 21
-3 -10 -22
-3 -10 22
-3 -9 -22
-3 -9 22
-3 -8 -22
-3 -8 22
-3 -7 -23
-3 -7 23
-3 -6 -23
-3 -6 23
-3 -5 -23
-3 -5 23
-3 -4 -23
-3 -4 23
-3 -3 -24
-3 -3 24
-3 -2 -24
-3 -2 24
-3 -1 -24
-3 -1 24
-3 0 -24
-3 0 24
-3 1 -24
-3 1 24
-3 2 -24
-3 2 24
-3 3 -24
-3 3 24
-3 4 -23
-3 4 23
-3 5 -23
-3 5 23
-3 6 -23
-3 6 23
-3 7 -23
-3 7 23
-3 8 -22
-3 8 22
-3 9 -22
-3 9 22
-3 10 -22
-3 10 22
-3 11 -21
-3 11 21
-3 12 -21
-3 12 21
-3 13 -20
-3 13 20
-3 14 -19
-3 14 19
-3 15 -19
-3 15 19
-3 16 -18
-3 16 18
-3 17 -17
-3 17 17
-3 18 -16
-3 18 16
-3 19 -15
-3 19 -14
-3 19 14
-3 19 15
-3 20 -13
-3 20 13
-3 21 -12
-3 21 -11
-3 21 11
-3 21 12
-3 22 -10
-3 22 -9
-3 22 -8
-3 22 8
-3 22 9
-3 22 10
-3 23 -7
-3 23 -6
-3 23 -5
-3 23 -4
-3 23 4
-3 23 5
-3 23 6
-3 23 7
-3 24 -3
-3 24 -2
-3 24 -1
-3 24 0
-3 24 1
-3 24 2
-3 24 3
-2 -24 -4
-2 -24 -3
-2 -24 -2
-2 -24 -1
-2 -24 0
-2 -24 1
-2 -24 2
-2 -24 3
-2 -24 4
-2 -23 -8
-2 -23 -7
-2 -23 -6
-2 -23 -5
-2 -23 5
-2 -23 6
-2 -23 7
-2 -23 8
-2 -22 -10
-2 -22 -9
-2 -22 9
-2 -22 10
-2 -21 -12
-2 -21 -11
-2 -21 11
-2 -21 12
-2 -20 -14
-2 -20 -13
-2 -20 13
-2 -20 14
-2 -19 -15
-2 -19 15
-2 -18 -16
-2 -18 16
-2 -17 -17
-2 -17 17
-2 -16 -18
-2 -16 18
-2 -15 -19
-2 -15 19
-2 -14 -20
-2 -14 20
-2 -13 -20
-2 -13 20
-2 -12 -21
-2 -12 21
-2 -11 -21
-2 -11 21
-2 -10 -22
-2 -10 22
-2 -9 -22
-2 -9 22
-2 -8 -23
-2 -8 23
-2 -7 -23
-2 -7 23
-2 -6 -23
-2 -6 23
-2 -5 -23
-2 -5 23
-2 -4 -24
-2 -4 24
-2 -3 -24
-2 -3 24
-2 -2 -24
-2 -2 24
-2 -1 -24
-2 -1 24
-2 0 -24
-2 0 24
-2 1 -24
-2 1 24
-2 2 -24
-2 2 24
-2 3 -24
-2 3 24
-2 4 -24
-2 4 24
-2 5 -23
-2 5 23
-2 6 -23
-2 6 23
-2 7 -23
-2 7 23
-2 8 -23
-2 8 23
-2 9 -22
-2 9 22
-2 10 -22
-2 10 22
-2 11 -21
-2 11 21
-2 12 -21
-2 12 21
-2 13 -20
-2 13 20
-2 14 -20
-2 14 20
-2 15 -19
-2 15 19
-2 16 -18
-2 16 18
-2 17 -17
-2 17 17
-2 18 -16
-2 18 16
-2 19 -15
-2 19 15
-2 20 -14
-2 20 -13
-2 20 13
-2 20 14
-2 21 -12
-2 21 -11
-2 21 11
-2 21 12
-2 22 -10
-2 22 -9
-2 22 9
-2 22 10
-2 23 -8
-2 23 -7
-2 23 -6
-2 23 -5
-2 23 5
-2 23 6
-2 23 7
-2 23 8
-2 24 -4
-2 24 -3
-2 24 -2
-2 24 -1
-2 24 0
-2 24 1
-2 24 2
-2 24 3
-2 24 4
-1 -24 -4
-1 -24 -3
-1 -24 -2
-1 -24 -1
-1 -24 0
-1 -24 1
-1 -24 2
-1 -24 3
-1 -24 4
-1 -23 -8
-1 -23 -7
-1 -23 -6
-1 -23 -5
-1 -23 5
-1 -23 6
-1 -23 7
-1 -23 8
-1 -22 -10
-1 -22 -9
-1 -22 9
-1 -22 10
-1 -21 -12
-1 -21 -11
-1 -21 11
-1 -21 12
-1 -20 -14
-1 -20 -13
-1 -20 13
-1 -20 14
-1 -19 -15
-1 -19 15
-1 -18 -16
-1 -18 16
-1 -17 -17
-1 -17 17
-1 -16 -18
-1 -16 18
-1 -15 -19
-1 -15 19
-1 -14 -20
-1 -14 20
-1 -13 -20
-1 -13 20
-1 -12 -21
-1 -12 21
-1 -11 -21
-1 -11 21
-1 -10 -22
-1 -10 22
-1 -9 -22
-1 -9 22
-1 -8 -23
-1 -8 23
-1 -7 -23
-1 -7 23
-1 -6 -23
-1 -6 23
-1 -5 -23
-1 -5 23
-1 -4 -24
-1 -4 24
-1 -3 -24
-1 -3 24
-1 -2 -24
-1 -2 24
-1 -1 -24
-1 -1 24
-1 0 -24
-1 0 24
-1 1 -24
-1 1 24
-1 2 -24
-1 2 24
-1 3 -24
-1 3 24
-1 4 -24
-1 4 24
-1 5 -23
-1 5 23
-1 6 -23
-1 6 23
-1 7 -23
-1 7 23
-1 8 -23
-1 8 23
-1 9 -22
-1 9 22
-1 10 -22
-1 10 22
-1 11 -21
-1 11 21
-1 12 -21
-1 12 21
-1 13 -20
-1 13 20
-1 14 -20
-1 14 20
-1 15 -19
-1 15 19
-1 16 -18
-1 16 18
-1 17 -17
-1 17 17
-1 18 -16
-1 18 16
-1 19 -15
-1 19 15
-1 20 -14
-1 20 -13
-1 20 13
-1 20 14
-1 21 -12
-1 21 -11
-1 21 11
-1 21 12
-1 22 -10
-1 22 -9
-1 22 9
-1 22 10
-1 23 -8
-1 23 -7
-1 23 -6
-1 23 -5
-1 23 5
-1 23 6
-1 23 7
-1 23 8
-1 24 -4
-1 24 -3
-1 24 -2
-1 24 -1
-1 24 0
-1 24 1
-1 24 2
-1 24 3
-1 24 4
0 -24 -4
0 -24 -3
0 -24 -2
0 -24 -1
0 -24 0
0 -24 1
0 -24 2
0 -24 3
0 -24 4
0 -23 -8
0 -23 -7
0 -23 -6
0 -23 -5
0 -23 5
0 -23 6
0 -23 7
0 -23 8
0 -22 -10
0 -22 -9
0 -22 9
0 -22 10
0 -21 -12
0 -21 -11
0 -21 11
0 -21 12
0 -20 -14
0 -20 -13
0 -20 13
0 -20 14
0 -19 -15
0 -19 15
0 -18 -16
0 -18 16
0 -17 -17
0 -17 17
0 -16 -18
0 -16 18
0 -15 -19
0 -15 19
0 -14 -20
0 -14 20
0 -13 -20
0 -13 20
0 -12 -21
0 -12 21
0 -11 -21
0 -11 21
0 -10 -22
0 -10 22
0 -9 -22
0 -9 22
0 -8 -23
0 -8 23
0 -7 -23
0 -7 23
0 -6 -23
0 -6 23
0 -5 -23
0 -5 23
0 -4 -24
0 -4 24
0 -3 -24
0 -3 24
0 -2 -24
0 -2 24
0 -1 -24
0 -1 24
0 0 -24
0 0 24
0 1 -24
0 1 24
0 2 -24
0 2 24
0 3 -24
0 3 24
0 4 -24
0 4 24
0 5 -23
0 5 23
0 6 -23
0 6 23
0 7 -23
0 7 23
0 8 -23
0 8 23
0 9 -22
0 9 22
0 10 -22
0 10 22
0 11 -21
0 11 21
0 12 -21
0 12 21
0 13 -20
0 13 20
0 14 -20
0 14 20
0 15 -19
0 15 19
0 16 -18
0 16 18
0 17 -17
0 17 17
0 18 -16
0 18 16
0 19 -15
0 19 15
0 20 -14
0 20 -13
0 20 13
0 20 14
0 21 -12
0 21 -11
0 21 11
0 21 12
0 22 -10
0 22 -9
0 22 9
0 22 10
0 23 -8
0 23 -7
0 23 -6
0 23 -5
0 23 5
0 23 6
0 23 7
0 23 8
0 24 -4
0 24 -3
0 24 -2
0 24 -1
0 24 0
0 24 1
0 24 2
0 24 3
0 24 4
1 -24 -4
1 -24 -3
1 -24 -2
1 -24 -1
1 -24 0
1 -24 1
1 -24 2
1 -24 3
1 -24 4
1 -23 -8
1 -23 -7
1 -23 -6
1 -23 -5
1 -23 5
1 -23 6
1 -23 7
1 -23 8
1 -22 -10
1 -22 -9
1 -22 9
1 -22 10
1 -21 -12
1 -21 -11
1 -21 11
1 -21 12
1 -20 -14
1 -20 -13
1 -20 13
1 -20 14
1 -19 -15
1 -19 15
1 -18 -16
1 -18 16
1 -17 -17
1 -17 17
1 -16 -18
1 -16 18
1 -15 -19
1 -15 19
1 -14 -20
1 -14 20
1 -13 -20
1 -13 20
1 -12 -21
1 -12 21
1 -11 -21
1 -11 21
1 -10 -22
1 -10 22
1 -9 -22
1 -9 22
1 -8 -23
1 -8 23
1 -7 -23
1 -7 23
1 -6 -23
1 -6 23
1 -5 -23
1 -5 23
1 -4 -24
1 -4 24
1 -3 -24
1 -3 24
1 -2 -24
1 -2 24
1 -1 -24
1 -1 24
1 0 -24
1 0 24
1 1 -24
1 1 24
1 2 -24
1 2 24
1 3 -24
1 3 24
1 4 -24
1 4 24
1 5 -23
1 5 23
1 6 -23
1 6 23
1 7 -23
1 7 23
1 8 -23
1 8 23
1 9 -22
1 9 22
1 10 -22
1 10 22
1 11 -21
1 11 21
1 12 -21
1 12 21
1 13 -20
1 13 20
1 14 -20
1 14 20
1 15 -19
1 15 19
1 16 -18
1 16 18
1 17 -17
1 17 17
1 18 -16
1 18 16
1 19 -15
1 19 15
1 20 -14
1 20 -13
1 20 13
1 20 14
1 21 -12
1 21 -11
1 21 11
1 21 12
1 22 -10
1 22 -9
1 22 9
1 22 10
1 23 -8
1 23 -7
1 23 -6
1 23 -5
1 23 5
1 23 6
1 23 7
1 23 8
1 24 -4
1 24 -3
1 24 -2
1 24 -1
1 24 0
1 24 1
1 24 2
1 24 3
1 24 4
2 -24 -4
2 -24 -3
2 -24 -2
2 -24 -1
2 -24 0
2 -24 1
2 -24 2
2 -24 3
2 -24 4
2 -23 -8
2 -23 -7
2 -23 -6
2 -23 -5
2 -23 5
2 -23 6
2 -23 7
2 -23 8
2 -22 -10
2 -22 -9
2 -22 9
2 -22 10
2 -21 -12
2 -21 -11
2 -21 11
2 -21 12
2 -20 -14
2 -20 -13
2 -20 13
2 -20 14
2 -19 -15
2 -19 15
2 -18 -16
2 -18 16
2 -17 -17
2 -17 17
2 -16 -18
2 -16 18
2 -15 -19
2 -15 19
2 -14 -20
2 -14 20
2 -13 -20
2 -13 20
2 -12 -21
2 -12 21
2 -11 -21
2 -11 21
2 -10 -22
2 -10 22
2 -9 -22
2 -9 22
2 -8 -23
2 -8 23
2 -7 -23
2 -7 23
2 -6 -23
2 -6 23
2 -5 -23
2 -5 23
2 -4 -24
2 -4 24
2 -3 -24
2 -3 24
2 -2 -24
2 -2 24
2 -1 -24
2 -1 24
2 0 -24
2 0 24
2 1 -24
2 1 24
2 2 -24
2 2 24
2 3 -24
2 3 24
2 4 -24
2 4 24
2 5 -23
2 5 23
2 6 -23
2 6 23
2 7 -23
2 7 23
2 8 -23
2 8 23
2 9 -22
2 9 22
2 10 -22
2 10 22
2 11 -21
2 11 21
2 12 -21
2 12 21
2 13 -20
2 13 20
2 14 -20
2 14 20
2 15 -19
2 15 19
2 16 -18
2 16 18
2 17 -17
2 17 17
2 18 -16
2 18 16
2 19 -15
2 19 15
2 20 -14
2 20 -13
2 20 13
2 20 14
2 21 -12
2 21 -11
2 21 11
2 21 12
2 22 -10
2 22 -9
2 22 9
2 22 10
2 23 -8
2 23 -7
2 23 -6
2 23 -5
2 23 5
2 23 6
2 23 7
2 23 8
2 24 -4
2 24 -3
2 24 -2
2 24 -1
2 24 0
2 24 1
2 24 2
2 24 3
2 24 4
3 -24 -3
3 -24 -2
3 -24 -1
3 -24 0
3 -24 1
3 -24 2
3 -24 3
3 -23 -7
3 -23 -6
3 -23 -5
3 -23 -4
3 -23 4
3 -23 5
3 -23 6
3 -23 7
3 -22 -10
3 -22 -9
3 -22 -8
3 -22 8
3 -22 9
3 -22 10
3 -21 -12
3 -21 -11
3 -21 11
3 -21 12
3 -20 -13
3 -20 13
3 -19 -15
3 -19 -14
3 -19 14
3 -19 15
3 -18 -16
3 -18 16
3 -17 -17
3 -17 17
3 -16 -18
3 -16 18
3 -15 -19
3 -15 19
3 -14 -19
3 -14 19
3 -13 -20
3 -13 20
3 -12 -21
3 -12 21
3 -11 -21
3 -11 21
3 -10 -22
3 -10 22
3 -9 -22
3 -9 22
3 -8 -22
3 -8 22
3 -7 -23
3 -7 23
3 -6 -23
3 -6 23
3 -5 -23
3 -5 23
3 -4 -23
3 -4 23
3 -3 -24
3 -3 24
3 -2 -24
3 -2 24
3 -1 -24
3 -1 24
3 0 -24
3 0 24
3 1 -24
3 1 24
3 2 -24
3 2 24
3 3 -24
3 3 24
3 4 -23
3 4 23
3 5 -23
3 5 23
3 6 -23
3 6 23
3 7 -23
3 7 23
3 8 -22
3 8 22
3 9 -22
3 9 22
3 10 -22
3 10 22
3 11 -21
3 11 21
3 12 -21
3 12 21
3 13 -20
3 13 20
3 14 -19
3 14 19
3 15 -19
3 15 19
3 16 -18
3 16 18
3 17 -17
3 17 17
3 18 -16
3 18 16
3 19 -15
3 19 -14
3 19 14
3 19 15
3 20 -13
3 20 13
3 21 -12
3 21 -11
3 21 11
3 21 12
3 22 -10
3 22 -9
3 22 -8
3 22 8
3 22 9
3 22 10
3 23 -7
3 23 -6
3 23 -5
3 23 -4
3 23 4
3 23 5
3 23 6
3 23 7
3 24 -3
3 24 -2
3 24 -1
3 24 0
3 24 1
3 24 2
3 24 3
4 -24 -2
4 -24 -1
4 -24 0
4 -24 1
4 -24 2
4 -23 -7
4 -23 -6
4 -23 -5
4 -23 -4
4 -23 -3
4 -23 3
4 -23 4
4 -23 5
4 -23 6
4 -23 7
4 -22 -10
4 -22 -9
4 -22 -8
4 -22 8
4 -22 9
4 -22 10
4 -21 -11
4 -21 11
4 -20 -13
4 -20 -12
4 -20 12
4 -20 13
4 -19 -14
4 -19 14
4 -18 -16
4 -18 -15
4 -18 15
4 -18 16
4 -17 -17
4 -17 17
4 -16 -18
4 -16 18
4 -15 -18
4 -15 18
4 -14 -19
4 -14 19
4 -13 -20
4 -13 20
4 -12 -20
4 -12 20
4 -11 -21
4 -11 21
4 -10 -22
4 -10 22
4 -9 -22
4 -9 22
4 -8 -22
4 -8 22
4 -7 -23
4 -7 23
4 -6 -23
4 -6 23
4 -5 -23
4 -5 23
4 -4 -23
4 -4 23
4 -3 -23
4 -3 23
4 -2 -24
4 -2 24
4 -1 -24
4 -1 24
4 0 -24
4 0 24
4 1 -24
4 1 24
4 2 -24
4 2 24
4 3 -23
4 3 23
4 4 -23
4 4 23
4 5 -23
4 5 23
4 6 -23
4 6 23
4 7 -23
4 7 23
4 8 -22
4 8 22
4 9 -22
4 9 22
4 10 -22
4 10 22
4 11 -21
4 11 21
4 12 -20
4 12 20
4 13 -20
4 13 20
4 14 -19
4 14 19
4 15 -18
4 15 18
4 16 -18
4 16 18
4 17 -17
4 17 17
4 18 -16
4 18 -15
4 18 15
4 18 16
4 19 -14
4 19 14
4 20 -13
4 20 -12
4 20 12
4 20 13
4 21 -11
4 21 11
4 22 -10
4 22 -9
4 22 -8
4 22 8
4 22 9
4 22 10
4 23 -7
4 23 -6
4 23 -5
4 23 -4
4 23 -3
4 23 3
4 23 4
4 23 5
4 23 6
4 23 7
4 24 -2
4 24 -1
4 24 0
4 24 1
4 24 2
5 -23 -6
5 -23 -5
5 -23 -4
5 -23 -3
5 -23 -2
5 -23 -1
5 -23 0
5 -23 1
5 -23 2
5 -23 3
5 -23 4
5 -23 5
5 -23 6
5 -22 -9
5 -22 -8
5 -22 -7
5 -22 7
5 -22 8
5 -22 9
5 -21 -11
5 -21 -10
5 -21 10
5 -21 11
5 -20 -13
5 -20 -12
5 -20 12
5 -20 13
5 -19 -14
5 -19 14
5 -18 -15
5 -18 15
5 -17 -16
5 -17 16
5 -16 -17
5 -16 17
5 -15 -18
5 -15 18
5 -14 -19
5 -14 19
5 -13 -20
5 -13 20
5 -12 -20
5 -12 20
5 -11 -21
5 -11 21
5 -10 -21
5 -10 21
5 -9 -22
5 -9 22
5 -8 -22
5 -8 22
5 -7 -22
5 -7 22
5 -6 -23
5 -6 23
5 -5 -23
5 -5 23
5 -4 -23
5 -4 23
5 -3 -23
5 -3 23
5 -2 -23
5 -2 23
5 -1 -23
5 -1 23
5 0 -23
5 0 23
5 1 -23
5 1 23
5 2 -23
5 2 23
5 3 -23
5 3 23
5 4 -23
5 4 23
5 5 -23
5 5 23
5 6 -23
5 6 23
5 7 -22
5 7 22
5 8 -22
5 8 22
5 9 -22
5 9 22
5 10 -21
5 10 21
5 11 -21
5 11 21
5 12 -20
5 12 20
5 13 -20
5 13 20
5 14 -19
5 14 19
5 15 -18
5 15 18
5 16 -17
5 16 17
5 17 -16
5 17 16
5 18 -15
5 18 15
5 19 -14
5 19 14
5 20 -13
5 20 -12
5 20 12
5 20 13
5 21 -11
5 21 -10
5 21 10
5 21 11
5 22 -9
5 22 -8
5 22 -7
5 22 7
5 22 8
5 22 9
5 23 -6
5 23 -5
5 23 -4
5 23 -3
5 23 -2
5 23 -1
5 23 0
5 23 1
5 23 2
5 23 3
5 23 4
5 23 5
5 23 6
6 -23 -5
6 -23 -4
6 -23 -3
6 -23 -2
6 -23 -1
6 -23 0
6 -23 1
6 -23 2
6 -23 3
6 -23 4
6 -23 5
6 -22 -8
6 -22 -7
6 -22 -6
6 -22 6
6 -22 7
6 -22 8
6 -21 -11
6 -21 -10
6 -21 -9
6 -21 9
6 -21 10
6 -21 11
6 -20 -12
6 -20 12
6 -19 -14
6 -19 -13
6 -19 13
6 -19 14
6 -18 -15
6 -18 15
6 -17 -16
6 -17 16
6 -16 -17
6 -16 17
6 -15 -18
6 -15 18
6 -14 -19
6 -14 19
6 -13 -19
6 -13 19
6 -12 -20
6 -12 20
6 -11 -21
6 -11 21
6 -10 -21
6 -10 21
6 -9 -21
6 -9 21
6 -8 -22
6 -8 22
6 -7 -22
6 -7 22
6 -6 -22
6 -6 22
6 -5 -23
6 -5 23
6 -4 -23
6 -4 23
6 -3 -23
6 -3 23
6 -2 -23
6 -2 23
6 -1 -23
6 -1 23
6 0 -23
6 0 23
6 1 -23
6 1 23
6 2 -23
6 2 23
6 3 -23
6 3 23
6 4 -23
6 4 23
6 5 -23
6 5 23
6 6 -22
6 6 22
6 7 -22
6 7 22
6 8 -22
6 8 22
6 9 -21
6 9 21
6 10 -21
6 10 21
6 11 -21
6 11 21
6 12 -20
6 12 20
6 13 -19
6 13 19
6 14 -19
6 14 19
6 15 -18
6 15 18
6 16 -17
6 16 17
6 17 -16
6 17 16
6 18 -15
6 18 15
6 19 -14
6 19 -13
6 19 13
6 19 14
6 20 -12
6 20 12
6 21 -11
6 21 -10
6 21 -9
6 21 9
6 21 10
6 21 11
6 22 -8
6 22 -7
6 22 -6
6 22 6
6 22 7
6 22 8
6 23 -5
6 23 -4
6 23 -3
6 23 -2
6 23 -1
6 23 0
6 23 1
6 23 2
6 23 3
6 23 4
6 23 5
7 -23 -4
7 -23 -3
7 -23 -2
7 -23 -1
7 -23 0
7 -23 1
7 -23 2
7 -23 3
7 -23 4
7 -22 -8
7 -22 -7
7 -22 -6
7 -22 -5
7 -22 5
7 -22 6
7 -22 7
7 -22 8
7 -21 -10
7 -21 -9
7 -21 9
7 -21 10
7 -20 -12
7 -20 -11
7 -20 11
7 -20 12
7 -19 -13
7 -19 13
7 -18 -15
7 -18 -14
7 -18 14
7 -18 15
7 -17 -16
7 -17 16
7 -16 -17
7 -16 17
7 -15 -18
7 -15 18
7 -14 -18
7 -14 18
7 -13 -19
7 -13 19
7 -12 -20
7 -12 20
7 -11 -20
7 -11 20
7 -10 -21
7 -10 21
7 -9 -21
7 -9 21
7 -8 -22
7 -8 22
7 -7 -22
7 -7 22
7 -6 -22
7 -6 22
7 -5 -22
7 -5 22
7 -4 -23
7 -4 23
7 -3 -23
7 -3 23
7 -2 -23
7 -2 23
7 -1 -23
7 -1 23
7 0 -23
7 0 23
7 1 -23
7 1 23
7 2 -23
7 2 23
7 3 -23
7 3 23
7 4 -23
7 4 23
7 5 -22
7 5 22
7 6 -22
7 6 22
7 7 -22
7 7 22
7 8 -22
7 8 22
7 9 -21
7 9 21
7 10 -21
7 10 21
7 11 -20
7 11 20
7 12 -20
7 12 20
7 13 -19
7 13 19
7 14 -18
7 14 18
7 15 -18
7 15 18
7 16 -17
7 16 17
7 17 -16
7 17 16
7 18 -15
7 18 -14
7 18 14
7 18 15
7 19 -13
7 19 13
7 20 -12
7 20 -11
7 20 11
7 20 12
7 21 -10
7 21 -9
7 21 9
7 21 10
7 22 -8
7 22 -7
7 22 -6
7 22 -5
7 22 5
7 22 6
7 22 7
7 22 8
7 23 -4
7 23 -3
7 23 -2
7 23 -1
7 23 0
7 23 1
7 23 2
7 23 3
7 23 4
8 -23 -2
8 -23 -1
8 -23 0
8 -23 1
8 -23 2
8 -22 -7
8 -22 -6
8 -22 -5
8 -22 -4
8 -22 -3
8 -22 3
8 -22 4
8 -22 5
8 -22 6
8 -22 7
8 -21 -9
8 -21 -8
8 -21 8
8 -21 9
8 -20 -11
8 -20 -10
8 -20 10
8 -20 11
8 -19 -13
8 -19 -12
8 -19 12
8 -19 13
8 -18 -14
8 -18 14
8 -17 -15
8 -17 15
8 -16 -16
8 -16 16
8 -15 -17
8 -15 17
8 -14 -18
8 -14 18
8 -13 -19
8 -13 19
8 -12 -19
8 -12 19
8 -11 -20
8 -11 20
8 -10 -20
8 -10 20
8 -9 -21
8 -9 21
8 -8 -21
8 -8 21
8 -7 -22
8 -7 22
8 -6 -22
8 -6 22
8 -5 -22
8 -5 22
8 -4 -22
8 -4 22
8 -3 -22
8 -3 22
8 -2 -23
8 -2 23
8 -1 -23
8 -1 23
8 0 -23
8 0 23
8 1 -23
8 1 23
8 2 -23
8 2 23
8 3 -22
8 3 22
8 4 -22
8 4 22
8 5 -22
8 5 22
8 6 -22
8 6 22
8 7 -22
8 7 22
8 8 -21
8 8 21
8 9 -21
8 9 21
8 10 -20
8 10 20
8 11 -20
8 11 20
8 12 -19
8 12 19
8 13 -19
8 13 19
8 14 -18
8 14 18
8 15 -17
8 15 17
8 16 -16
8 16 16
8 17 -15
8 17 15
8 18 -14
8 18 14
8 19 -13
8 19 -12
8 19 12
8 19 13
8 20 -11
8 20 -10
8 20 10
8 20 11
8 21 -9
8 21 -8
8 21 8
8 21 9
8 22 -7
8 22 -6
8 22 -5
8 22 -4
8 22 -3
8 22 3
8 22 4
8 22 5
8 22 6
8 22 7
8 23 -2
8 23 -1
8 23 0
8 23 1
8 23 2
9 -22 -5
9 -22 -4
9 -22 -3
9 -22 -2
9 -22 -1
9 -22 0
9 -22 1
9 -22 2
9 -22 3
9 -22 4
9 -22 5
9 -21 -8
9 -21 -7
9 -21 -6
9 -21 6
9 -21 7
9 -21 8
9 -20 -10
9 -20 -9
9 -20 9
9 -20 10
9 -19 -12
9 -19 -11
9 -19 11
9 -19 12
9 -18 -13
9 -18 13
9 -17 -15
9 -17 -14
9 -17 14
9 -17 15
9 -16 -16
9 -16 16
9 -15 -17
9 -15 17
9 -14 -17
9 -14 17
9 -13 -18
9 -13 18
9 -12 -19
9 -12 19
9 -11 -19
9 -11 19
9 -10 -20
9 -10 20
9 -9 -20
9 -9 20
9 -8 -21
9 -8 21
9 -7 -21
9 -7 21
9 -6 -21
9 -6 21
9 -5 -22
9 -5 22
9 -4 -22
9 -4 22
9 -3 -22
9 -3 22
9 -2 -22
9 -2 22
9 -1 -22
9 -1 22
9 0 -22
9 0 22
9 1 -22
9 1 22
9 2 -22
9 2 22
9 3 -22
9 3 22
9 4 -22
9 4 22
9 5 -22
9 5 22
9 6 -21
9 6 21
9 7 -21
9 7 21
9 8 -21
9 8 21
9 9 -20
9 9 20
9 10 -20
9 10 20
9 11 -19
9 11 19
9 12 -19
9 12 19
9 13 -18
9 13 18
9 14 -17
9 14 17
9 15 -17
9 15 17
9 16 -16
9 16 16
9 17 -15
9 17 -14
9 17 14
9 17 15
9 18 -13
9 18 13
9 19 -12
9 19 -11
9 19 11
9 19 12
9 20 -10
9 20 -9
9 20 9
9 20 10
9 21 -8
9 21 -7
9 21 -6
9 21 6
9 21 7
9 21 8
9 22 -5
9 22 -4
9 22 -3
9 22 -2
9 22 -1
9 22 0
9 22 1
9 22 2
9 22 3
9 22 4
9 22 5
10 -22 -4
10 -22 -3
10 -22 -2
10 -22 -1
10 -22 0
10 -22 1
10 -22 2
10 -22 3
10 -22 4
10 -21 -7
10 -21 -6
10 -21 -5
10 -21 5
10 -21 6
10 -21 7
10 -20 -10
10 -20 -9
10 -20 -8
10 -20 8
10 -20 9
10 -20 10
10 -19 -11
10 -19 11
10 -18 -13
10 -18 -12
10 -18 12
10 -18 13
10 -17 -14
10 -17 14
10 -16 -15
10 -16 15
10 -15 -16
10 -15 16
10 -14 -17
10 -14 17
10 -13 -18
10 -13 18
10 -12 -18
10 -12 18
10 -11 -19
10 -11 19
10 -10 -20
10 -10 20
10 -9 -20
10 -9 20
10 -8 -20
10 -8 20
10 -7 -21
10 -7 21
10 -6 -21
10 -6 21
10 -5 -21
10 -5 21
10 -4 -22
10 -4 22
10 -3 -22
10 -3 22
10 -2 -22
10 -2 22
10 -1 -22
10 -1 22
10 0 -22
10 0 22
10 1 -22
10 1 22
10 2 -22
10 2 22
10 3 -22
10 3 22
10 4 -22
10 4 22
10 5 -21
10 5 21
10 6 -21
10 6 21
10 7 -21
10 7 21
10 8 -20
10 8 20
10 9 -20
10 9 20
10 10 -20
10 10 20
10 11 -19
10 11 19
10 12 -18
10 12 18
10 13 -18
10 13 18
10 14 -17
10 14 17
10 15 -16
10 15 16
10 16 -15
10 16 15
10 17 -14
10 17 14
10 18 -13
10 18 -12
10 18 12
10 18 13
10 19 -11
10 19 11
10 20 -10
10 20 -9
10 20 -8
10 20 8
10 20 9
10 20 10
10 21 -7
10 21 -6
10 21 -5
10 21 5
10 21 6
10 21 7
10 22 -4
10 22 -3
10 22 -2
10 22 -1
10 22 0
10 22 1
10 22 2
10 22 3
10 22 4
11 -21 -6
11 -21 -5
11 -21 -4
11 -21 -3
11 -21 -2
11 -21 -1
11 -21 0
11 -21 1
11 -21 2
11 -21 3
11 -21 4
11 -21 5
11 -21 6
11 -20 -8
11 -20 -7
11 -20 7
11 -20 8
11 -19 -10
11 -19 -9
11 -19 9
11 -19 10
11 -18 -12
11 -18 -11
11 -18 11
11 -18 12
11 -17 -13
11 -17 13
11 -16 -14
11 -16 14
11 -15 -15
11 -15 15
11 -14 -16
11 -14 16
11 -13 -17
11 -13 17
11 -12 -18
11 -12 18
11 -11 -18
11 -11 18
11 -10 -19
11 -10 19
11 -9 -19
11 -9 19
11 -8 -20
11 -8 20
11 -7 -20
11 -7 20
11 -6 -21
11 -6 21
11 -5 -21
11 -5 21
11 -4 -21
11 -4 21
11 -3 -21
11 -3 21
11 -2 -21
11 -2 21
11 -1 -21
11 -1 21
11 0 -21
11 0 21
11 1 -21
11 1 21
11 2 -21
11 2 21
11 3 -21
11 3 21
11 4 -21
11 4 21
11 5 -21
11 5 21
11 6 -21
11 6 21
11 7 -20
11 7 20
11 8 -20
11 8 20
11 9 -19
11 9 19
11 10 -19
11 10 19
11 11 -18
11 11 18
11 12 -18
11 12 18
11 13 -17
11 13 17
11 14 -16
11 14 16
11 15 -15
11 15 15
11 16 -14
11 16 14
11 17 -13
11 17 13
11 18 -12
11 18 -11
11 18 11
11 18 12
11 19 -10
11 19 -9
11 19 9
11 19 10
11 20 -8
11 20 -7
11 20 7
11 20 8
11 21 -6
11 21 -5
11 21 -4
11 21 -3
11 21 -2
11 21 -1
11 21 0
11 21 1
11 21 2
11 21 3
11 21 4
11 21 5
11 21 6
12 -21 -3
12 -21 -2
12 -21 -1
12 -21 0
12 -21 1
12 -21 2
12 -21 3
12 -20 -7
12 -20 -6
12 -20 -5
12 -20 -4
12 -20 4
12 -20 5
12 -20 6
12 -20 7
12 -19 -9
12 -19 -8
12 -19 8
12 -19 9
12 -18 -11
12 -18 -10
12 -18 10
12 -18 11
12 -17 -12
12 -17 12
12 -16 -14
12 -16 -13
12 -16 13
12 -16 14
12 -15 -15
12 -15 15
12 -14 -16
12 -14 16
12 -13 -16
12 -13 16
12 -12 -17
12 -12 17
12 -11 -18
12 -11 18
12 -10 -18
12 -10 18
12 -9 -19
12 -9 19
12 -8 -19
12 -8 19
12 -7 -20
12 -7 20
12 -6 -20
12 -6 20
12 -5 -20
12 -5 20
12 -4 -20
12 -4 20
12 -3 -21
12 -3 21
12 -2 -21
12 -2 21
12 -1 -21
12 -1 21
12 0 -21
12 0 21
12 1 -21
12 1 21
12 2 -21
12 2 21
12 3 -21
12 3 21
12 4 -20
12 4 20
12 5 -20
12 5 20
12 6 -20
12 6 20
12 7 -20
12 7 20
12 8 -19
12 8 19
12 9 -19
12 9 19
12 10 -18
12 10 18
12 11 -18
12 11 18
12 12 -17
12 12 17
12 13 -16
12 13 16
12 14 -16
12 14 16
12 15 -15
12 15 15
12 16 -14
12 16 -13
12 16 13
12 16 14
12 17 -12
12 17 12
12 18 -11
12 18 -10
12 18 10
12 18 11
12 19 -9
12 19 -8
12 19 8
12 19 9
12 20 -7
12 20 -6
12 20 -5
12 20 -4
12 20 4
12 20 5
12 20 6
12 20 7
12 21 -3
12 21 -2
12 21 -1
12 21 0
12 21 1
12 21 2
12 21 3
13 -20 -5
13 -20 -4
13 -20 -3
13 -20 -2
13 -20 -1
13 -20 0
13 -20 1
13 -20 2
13 -20 3
13 -20 4
13 -20 5
13 -19 -8
13 -19 -7
13 -19 -6
13 -19 6
13 -19 7
13 -19 8
13 -18 -10
13 -18 -9
13 -18 9
13 -18 10
13 -17 -11
13 -17 11
13 -16 -13
13 -16 -12
13 -16 12
13 -16 13
13 -15 -14
13 -15 14
13 -14 -15
13 -14 15
13 -13 -16
13 -13 16
13 -12 -16
13 -12 16
13 -11 -17
13 -11 17
13 -10 -18
13 -10 18
13 -9 -18
13 -9 18
13 -8 -19
13 -8 19
13 -7 -19
13 -7 19
13 -6 -19
13 -6 19
13 -5 -20
13 -5 20
13 -4 -20
13 -4 20
13 -3 -20
13 -3 20
13 -2 -20
13 -2 20
13 -1 -20
13 -1 20
13 0 -20
13 0 20
13 1 -20
13 1 20
13 2 -20
13 2 20
13 3 -20
13 3 20
13 4 -20
13 4 20
13 5 -20
13 5 20
13 6 -19
13 6 19
13 7 -19
13 7 19
13 8 -19
13 8 19
13 9 -18
13 9 18
13 10 -18
13 10 18
13 11 -17
13 11 17
13 12 -16
13 12 16
13 13 -16
13 13 16
13 14 -15
13 14 15
13 15 -14
13 15 14
13 16 -13
13 16 -12
13 16 12
13 16 13
13 17 -11
13 17 11
13 18 -10
13 18 -9
13 18 9
13 18 10
13 19 -8
13 19 -7
13 19 -6
13 19 6
13 19 7
13 19 8
13 20 -5
13 20 -4
13 20 -3
13 20 -2
13 20 -1
13 20 0
13 20 1
13 20 2
13 20 3
13 20 4
13 20 5
14 -20 -2
14 -20 -1
14 -20 0
14 -20 1
14 -20 2
14 -19 -6
14 -19 -5
14 -19 -4
14 -19 -3
14 -19 3
14 -19 4
14 -19 5
14 -19 6
14 -18 -8
14 -18 -7
14 -18 7
14 -18 8
14 -17 -10
14 -17 -9
14 -17 9
14 -17 10
14 -16 -12
14 -16 -11
14 -16 11
14 -16 12
14 -15 -13
14 -15 13
14 -14 -14
14 -14 14
14 -13 -15
14 -13 15
14 -12 -16
14 -12 16
14 -11 -16
14 -11 16
14 -10 -17
14 -10 17
14 -9 -17
14 -9 17
14 -8 -18
14 -8 18
14 -7 -18
14 -7 18
14 -6 -19
14 -6 19
14 -5 -19
14 -5 19
14 -4 -19
14 -4 19
14 -3 -19
14 -3 19
14 -2 -20
14 -2 20
14 -1 -20
14 -1 20
14 0 -20
14 0 20
14 1 -20
14 1 20
14 2 -20
14 2 20
14 3 -19
14 3 19
14 4 -19
14 4 19
14 5 -19
14 5 19
14 6 -19
14 6 19
14 7 -18
14 7 18
14 8 -18
14 8 18
14 9 -17
14 9 17
14 10 -17
14 10 17
14 11 -16
14 11 16
14 12 -16
14 12 16
14 13 -15
14 13 15
14 14 -14
14 14 14
14 15 -13
14 15 13
14 16 -12
14 16 -11
14 16 11
14 16 12
14 17 -10
14 17 -9
14 17 9
14 17 10
14 18 -8
14 18 -7
14 18 7
14 18 8
14 19 -6
14 19 -5
14 19 -4
14 19 -3
14 19 3
14 19 4
14 19 5
14 19 6
14 20 -2
14 20 -1
14 20 0
14 20 1
14 20 2
15 -19 -3
15 -19 -2
15 -19 -1
15 -19 0
15 -19 1
15 -19 2
15 -19 3
15 -18 -7
15 -18 -6
15 -18 -5
15 -18 -4
15 -18 4
15 -18 5
15 -18 6
15 -18 7
15 -17 -9
15 -17 -8
15 -17 8
15 -17 9
15 -16 -10
15 -16 10
15 -15 -12
15 -15 -11
15 -15 11
15 -15 12
15 -14 -13
15 -14 13
15 -13 -14
15 -13 14
15 -12 -15
15 -12 15
15 -11 -15
15 -11 15
15 -10 -16
15 -10 16
15 -9 -17
15 -9 17
15 -8 -17
15 -8 17
15 -7 -18
15 -7 18
15 -6 -18
15 -6 18
15 -5 -18
15 -5 18
15 -4 -18
15 -4 18
15 -3 -19
15 -3 19
15 -2 -19
15 -2 19
15 -1 -19
15 -1 19
15 0 -19
15 0 19
15 1 -19
15 1 19
15 2 -19
15 2 19
15 3 -19
15 3 19
15 4 -18
15 4 18
15 5 -18
15 5 18
15 6 -18
15 6 18
15 7 -18
15 7 18
15 8 -17
15 8 17
15 9 -17
15 9 17
15 10 -16
15 10 16
15 11 -15
15 11 15
15 12 -15
15 12 15
15 13 -14
15 13 14
15 14 -13
15 14 13
15 15 -12
15 15 -11
15 15 11
15 15 12
15 16 -10
15 16 10
15 17 -9
15 17 -8
15 17 8
15 17 9
15 18 -7
15 18 -6
15 18 -5
15 18 -4
15 18 4
15 18 5
15 18 6
15 18 7
15 19 -3
15 19 -2
15 19 -1
15 19 0
15 19 1
15 19 2
15 19 3
16 -18 -4
16 -18 -3
16 -18 -2
16 -18 -1
16 -18 0
16 -18 1
16 -18 2
16 -18 3
16 -18 4
16 -17 -7
16 -17 -6
16 -17 -5
16 -17 5
16 -17 6
16 -17 7
16 -16 -9
16 -16 -8
16 -16 8
16 -16 9
16 -15 -10
16 -15 10
16 -14 -12
16 -14 -11
16 -14 11
16 -14 12
16 -13 -13
16 -13 -12
16 -13 12
16 -13 13
16 -12 -14
16 -12 -13
16 -12 13
16 -12 14
16 -11 -14
16 -11 14
16 -10 -15
16 -10 15
16 -9 -16
16 -9 16
16 -8 -16
16 -8 16
16 -7 -17
16 -7 17
16 -6 -17
16 -6 17
16 -5 -17
16 -5 17
16 -4 -18
16 -4 18
16 -3 -18
16 -3 18
16 -2 -18
16 -2 18
16 -1 -18
16 -1 18
16 0 -18
16 0 18
16 1 -18
16 1 18
16 2 -18
16 2 18
16 3 -18
16 3 18
16 4 -18
16 4 18
16 5 -17
16 5 17
16 6 -17
16 6 17
16 7 -17
16 7 17
16 8 -16
16 8 16
16 9 -16
16 9 16
16 10 -15
16 10 15
16 11 -14
16 11 14
16 12 -14
16 12 -13
16 12 13
16 12 14
16 13 -13
16 13 -12
16 13 12
16 13 13
16 14 -12
16 14 -11
16 14 11
16 14 12
16 15 -10
16 15 10
16 16 -9
16 16 -8
16 16 8
16 16 9
16 17 -7
16 17 -6
16 17 -5
16 17 5
16 17 6
16 17 7
16 18 -4
16 18 -3
16 18 -2
16 18 -1
16 18 0
16 18 1
16 18 2
16 18 3
16 18 4
17 -17 -4
17 -17 -3
17 -17 -2
17 -17 -1
17 -17 0
17 -17 1
17 -17 2
17 -17 3
17 -17 4
17 -16 -7
17 -16 -6
17 -16 -5
17 -16 5
17 -16 6
17 -16 7
17 -15 -9
17 -15 -8
17 -15 8
17 -15 9
17 -14 -10
17 -14 -9
17 -14 9
17 -14 10
17 -13 -11
17 -13 11
17 -12 -12
17 -12 12
17 -11 -13
17 -11 13
17 -10 -14
17 -10 14
17 -9 -15
17 -9 -14
17 -9 14
17 -9 15
17 -8 -15
17 -8 15
17 -7 -16
17 -7 16
17 -6 -16
17 -6 16
17 -5 -16
17 -5 16
17 -4 -17
17 -4 17
17 -3 -17
17 -3 17
17 -2 -17
17 -2 17
17 -1 -17
17 -1 17
17 0 -17
17 0 17
17 1 -17
17 1 17
17 2 -17
17 2 17
17 3 -17
17 3 17
17 4 -17
17 4 17
17 5 -16
17 5 16
17 6 -16
17 6 16
17 7 -16
17 7 16
17 8 -15
17 8 15
17 9 -15
17 9 -14
17 9 14
17 9 15
17 10 -14
17 10 14
17 11 -13
17 11 13
17 12 -12
17 12 12
17 13 -11
17 13 11
17 14 -10
17 14 -9
17 14 9
17 14 10
17 15 -9
17 15 -8
17 15 8
17 15 9
17 16 -7
17 16 -6
17 16 -5
17 16 5
17 16 6
17 16 7
17 17 -4
17 17 -3
17 17 -2
17 17 -1
17 17 0
17 17 1
17 17 2
17 17 3
17 17 4
18 -16 -4
18 -16 -3
18 -16 -2
18 -16 -1
18 -16 0
18 -16 1
18 -16 2
18 -16 3
18 -16 4
18 -15 -7
18 -15 -6
18 -15 -5
18 -15 -4
18 -15 4
18 -15 5
18 -15 6
18 -15 7
18 -14 -8
18 -14 -7
18 -14 7
18 -14 8
18 -13 -10
18 -13 -9
18 -13 9
18 -13 10
18 -12 -11
18 -12 -10
18 -12 10
18 -12 11
18 -11 -12
18 -11 -11
18 -11 11
18 -11 12
18 -10 -13
18 -10 -12
18 -10 12
18 -10 13
18 -9 -13
18 -9 13
18 -8 -14
18 -8 14
18 -7 -15
18 -7 -14
18 -7 14
18 -7 15
18 -6 -15
18 -6 15
18 -5 -15
18 -5 15
18 -4 -16
18 -4 -15
18 -4 15
18 -4 16
18 -3 -16
18 -3 16
18 -2 -16
18 -2 16
18 -1 -16
18 -1 16
18 0 -16
18 0 16
18 1 -16
18 1 16
18 2 -16
18 2 16
18 3 -16
18 3 16
18 4 -16
18 4 -15
18 4 15
18 4 16
18 5 -15
18 5 15
18 6 -15
18 6 15
18 7 -15
18 7 -14
18 7 14
18 7 15
18 8 -14
18 8 14
18 9 -13
18 9 13
18 10 -13
18 10 -12
18 10 12
18 10 13
18 11 -12
18 11 -11
18 11 11
18 11 12
18 12 -11
18 12 -10
18 12 10
18 12 11
18 13 -10
18 13 -9
18 13 9
18 13 10
18 14 -8
18 14 -7
18 14 7
18 14 8
18 15 -7
18 15 -6
18 15 -5
18 15 -4
18 15 4
18 15 5
18 15 6
18 15 7
18 16 -4
18 16 -3
18 16 -2
18 16 -1
18 16 0
18 16 1
18 16 2
18 16 3
18 16 4
19 -15 -3
19 -15 -2
19 -15 -1
19 -15 0
19 -15 1
19 -15 2
19 -15 3
19 -14 -6
19 -14 -5
19 -14 -4
19 -14 -3
19 -14 3
19 -14 4
19 -14 5
19 -14 6
19 -13 -8
19 -13 -7
19 -13 -6
19 -13 6
19 -13 7
19 -13 8
19 -12 -9
19 -12 -8
19 -12 8
19 -12 9
19 -11 -10
19 -11 -9
19 -11 9
19 -11 10
19 -10 -11
19 -10 11
19 -9 -12
19 -9 -11
19 -9 11
19 -9 12
19 -8 -13
19 -8 -12
19 -8 12
19 -8 13
19 -7 -13
19 -7 13
19 -6 -14
19 -6 -13
19 -6 13
19 -6 14
19 -5 -14
19 -5 14
19 -4 -14
19 -4 14
19 -3 -15
19 -3 -14
19 -3 14
19 -3 15
19 -2 -15
19 -2 15
19 -1 -15
19 -1 15
19 0 -15
19 0 15
19 1 -15
19 1 15
19 2 -15
19 2 15
19 3 -15
19 3 -14
19 3 14
19 3 15
19 4 -14
19 4 14
19 5 -14
19 5 14
19 6 -14
19 6 -13
19 6 13
19 6 14
19 7 -13
19 7 13
19 8 -13
19 8 -12
19 8 12
19 8 13
19 9 -12
19 9 -11
19 9 11
19 9 12
19 10 -11
19 10 11
19 11 -10
19 11 -9
19 11 9
19 11 10
19 12 -9
19 12 -8
19 12 8
19 12 9
19 13 -8
19 13 -7
19 13 -6
19 13 6
19 13 7
19 13 8
19 14 -6
19 14 -5
19 14 -4
19 14 -3
19 14 3
19 14 4
19 14 5
19 14 6
19 15 -3
19 15 -2
19 15 -1
19 15 0
19 15 1
19 15 2
19 15 3
20 -14 -2
20 -14 -1
20 -14 0
20 -14 1
20 -14 2
20 -13 -5
20 -13 -4
20 -13 -3
20 -13 -2
20 -13 -1
20 -13 0
20 -13 1
20 -13 2
20 -13 3
20 -13 4
20 -13 5
20 -12 -7
20 -12 -6
20 -12 -5
20 -12 -4
20 -12 4
20 -12 5
20 -12 6
20 -12 7
20 -11 -8
20 -11 -7
20 -11 7
20 -11 8
20 -10 -10
20 -10 -9
20 -10 -8
20 -10 8
20 -10 9
20 -10 10
20 -9 -10
20 -9 -9
20 -9 9
20 -9 10
20 -8 -11
20 -8 -10
20 -8 10
20 -8 11
20 -7 -12
20 -7 -11
20 -7 11
20 -7 12
20 -6 -12
20 -6 12
20 -5 -13
20 -5 -12
20 -5 12
20 -5 13
20 -4 -13
20 -4 -12
20 -4 12
20 -4 13
20 -3 -13
20 -3 13
20 -2 -14
20 -2 -13
20 -2 13
20 -2 14
20 -1 -14
20 -1 -13
20 -1 13
20 -1 14
20 0 -14
20 0 -13
20 0 13
20 0 14
20 1 -14
20 1 -13
20 1 13
20 1 14
20 2 -14
20 2 -13
20 2 13
20 2 14
20 3 -13
20 3 13
20 4 -13
20 4 -12
20 4 12
20 4 13
20 5 -13
20 5 -12
20 5 12
20 5 13
20 6 -12
20 6 12
20 7 -12
20 7 -11
20 7 11
20 7 12
20 8 -11
20 8 -10
20 8 10
20 8 11
20 9 -10
20 9 -9
20 9 9
20 9 10
20 10 -10
20 10 -9
20 10 -8
20 10 8
20 10 9
20 10 10
20 11 -8
20 11 -7
20 11 7
20 11 8
20 12 -7
20 12 -6
20 12 -5
20 12 -4
20 12 4
20 12 5
20 12 6
20 12 7
20 13 -5
20 13 -4
20 13 -3
20 13 -2
20 13 -1
20 13 0
20 13 1
20 13 2
20 13 3
20 13 4
20 13 5
20 14 -2
20 14 -1
20 14 0
20 14 1
20 14 2
21 -12 -3
21 -12 -2
21 -12 -1
21 -12 0
21 -12 1
21 -12 2
21 -12 3
21 -11 -6
21 -11 -5
21 -11 -4
21 -11 -3
21 -11 -2
21 -11 -1
21 -11 0
21 -11 1
21 -11 2
21 -11 3
21 -11 4
21 -11 5
21 -11 6
21 -10 -7
21 -10 -6
21 -10 -5
21 -10 5
21 -10 6
21 -10 7
21 -9 -8
21 -9 -7
21 -9 -6
21 -9 6
21 -9 7
21 -9 8
21 -8 -9
21 -8 -8
21 -8 8
21 -8 9
21 -7 -10
21 -7 -9
21 -7 9
21 -7 10
21 -6 -11
21 -6 -10
21 -6 -9
21 -6 9
21 -6 10
21 -6 11
21 -5 -11
21 -5 -10
21 -5 10
21 -5 11
21 -4 -11
21 -4 11
21 -3 -12
21 -3 -11
21 -3 11
21 -3 12
21 -2 -12
21 -2 -11
21 -2 11
21 -2 12
21 -1 -12
21 -1 -11
21 -1 11
21 -1 12
21 0 -12
21 0 -11
21 0 11
21 0 12
21 1 -12
21 1 -11
21 1 11
21 1 12
21 2 -12
21 2 -11
21 2 11
21 2 12
21 3 -12
21 3 -11
21 3 11
21 3 12
21 4 -11
21 4 11
21 5 -11
21 5 -10
21 5 10
21 5 11
21 6 -11
21 6 -10
21 6 -9
21 6 9
21 6 10
21 6 11
21 7 -10
21 7 -9
21 7 9
21 7 10
21 8 -9
21 8 -8
21 8 8
21 8 9
21 9 -8
21 9 -7
21 9 -6
21 9 6
21 9 7
21 9 8
21 10 -7
21 10 -6
21 10 -5
21 10 5
21 10 6
21 10 7
21 11 -6
21 11 -5
21 11 -4
21 11 -3
21 11 -2
21 11 -1
21 11 0
21 11 1
21 11 2
21 11 3
21 11 4
21 11 5
21 11 6
21 12 -3
21 12 -2
21 12 -1
21 12 0
21 12 1
21 12 2
21 12 3
22 -10 -4
22 -10 -3
22 -10 -2
22 -10 -1
22 -10 0
22 -10 1
22 -10 2
22 -10 3
22 -10 4
22 -9 -5
22 -9 -4
22 -9 -3
22 -9 -2
22 -9 -1
22 -9 0
22 -9 1
22 -9 2
22 -9 3
22 -9 4
22 -9 5
22 -8 -7
22 -8 -6
22 -8 -5
22 -8 -4
22 -8 -3
22 -8 3
22 -8 4
22 -8 5
22 -8 6
22 -8 7
22 -7 -8
22 -7 -7
22 -7 -6
22 -7 -5
22 -7 5
22 -7 6
22 -7 7
22 -7 8
22 -6 -8
22 -6 -7
22 -6 -6
22 -6 6
22 -6 7
22 -6 8
22 -5 -9
22 -5 -8
22 -5 -7
22 -5 7
22 -5 8
22 -5 9
22 -4 -10
22 -4 -9
22 -4 -8
22 -4 8
22 -4 9
22 -4 10
22 -3 -10
22 -3 -9
22 -3 -8
22 -3 8
22 -3 9
22 -3 10
22 -2 -10
22 -2 -9
22 -2 9
22 -2 10
22 -1 -10
22 -1 -9
22 -1 9
22 -1 10
22 0 -10
22 0 -9
22 0 9
22 0 10
22 1 -10
22 1 -9
22 1 9
22 1 10
22 2 -10
22 2 -9
22 2 9
22 2 10
22 3 -10
22 3 -9
22 3 -8
22 3 8
22 3 9
22 3 10
22 4 -10
22 4 -9
22 4 -8
22 4 8
22 4 9
22 4 10
22 5 -9
22 5 -8
22 5 -7
22 5 7
22 5 8
22 5 9
22 6 -8
22 6 -7
22 6 -6
22 6 6
22 6 7
22 6 8
22 7 -8
22 7 -7
22 7 -6
22 7 -5
22 7 5
22 7 6
22 7 7
22 7 8
22 8 -7
22 8 -6
22 8 -5
22 8 -4
22 8 -3
22 8 3
22 8 4
22 8 5
22 8 6
22 8 7
22 9 -5
22 9 -4
22 9 -3
22 9 -2
22 9 -1
22 9 0
22 9 1
22 9 2
22 9 3
22 9 4
22 9 5
22 10 -4
22 10 -3
22 10 -2
22 10 -1
22 10 0
22 10 1
22 10 2
22 10 3
22 10 4
23 -8 -2
23 -8 -1
23 -8 0
23 -8 1
23 -8 2
23 -7 -4
23 -7 -3
23 -7 -2
23 -7 -1
23 -7 0
23 -7 1
23 -7 2
23 -7 3
23 -7 4
23 -6 -5
23 -6 -4
23 -6 -3
23 -6 -2
23 -6 -1
23 -6 0
23 -6 1
23 -6 2
23 -6 3
23 -6 4
23 -6 5
23 -5 -6
23 -5 -5
23 -5 -4
23 -5 -3
23 -5 -2
23 -5 -1
23 -5 0
23 -5 1
23 -5 2
23 -5 3
23 -5 4
23 -5 5
23 -5 6
23 -4 -7
23 -4 -6
23 -4 -5
23 -4 -4
23 -4 -3
23 -4 3
23 -4 4
23 -4 5
23 -4 6
23 -4 7
23 -3 -7
23 -3 -6
23 -3 -5
23 -3 -4
23 -3 4
23 -3 5
23 -3 6
23 -3 7
23 -2 -8
23 -2 -7
23 -2 -6
23 -2 -5
23 -2 5
23 -2 6
23 -2 7
23 -2 8
23 -1 -8
23 -1 -7
23 -1 -6
23 -1 -5
23 -1 5
23 -1 6
23 -1 7
23 -1 8
23 0 -8
23 0 -7
23 0 -6
23 0 -5
23 0 5
23 0 6
23 0 7
23 0 8
23 1 -8
23 1 -7
23 1 -6
23 1 -5
23 1 5
23 1 6
23 1 7
23 1 8
23 2 -8
23 2 -7
23 2 -6
23 2 -5
23 2 5
23 2 6
23 2 7
23 2 8
23 3 -7
23 3 -6
23 3 -5
23 3 -4
23 3 4
23 3 5
23 3 6
23 3 7
23 4 -7
23 4 -6
23 4 -5
23 4 -4
23 4 -3
23 4 3
23 4 4
23 4 5
23 4 6
23 4 7
23 5 -6
23 5 -5
23 5 -4
23 5 -3
23 5 -2
23 5 -1
23 5 0
23 5 1
23 5 2
23 5 3
23 5 4
23 5 5
23 5 6
23 6 -5
23 6 -4
23 6 -3
23 6 -2
23 6 -1
23 6 0
23 6 1
23 6 2
23 6 3
23 6 4
23 6 5
23 7 -4
23 7 -3
23 7 -2
23 7 -1
23 7 0
23 7 1
23 7 2
23 7 3
23 7 4
23 8 -2
23 8 -1
23 8 0
23 8 1
23 8 2
24 -4 -2
24 -4 -1
24 -4 0
24 -4 1
24 -4 2
24 -3 -3
24 -3 -2
24 -3 -1
24 -3 0
24 -3 1
24 -3 2
24 -3 3
24 -2 -4
24 -2 -3
24 -2 -2
24 -2 -1
24 -2 0
24 -2 1
24 -2 2
24 -2 3
24 -2 4
24 -1 -4
24 -1 -3
24 -1 -2
24 -1 -1
24 -1 0
24 -1 1
24 -1 2
24 -1 3
24 -1 4
24 0 -4
24 0 -3
24 0 -2
24 0 -1
24 0 0
24 0 1
24 0 2
24 0 3
24 0 4
24 1 -4
24 1 -3
24 1 -2
24 1 -1
24 1 0
24 1 1
24 1 2
24 1 3
24 1 4
24 2 -4
24 2 -3
24 2 -2
24 2 -1
24 2 0
24 2 1
24 2 2
24 2 3
24 2 4
24 3 -3
24 3 -2
24 3 -1
24 3 0
24 3 1
24 3 2
24 3 3
24 4 -2
24 4 -1
24 4 0
24 4 1
24 4 2
