-30 -5 -2
-30 -5 -1
-30 -5 0
-30 -5 1
-30 -5 2
-30 -4 -3
-30 -4 -2
-30 -4 -1
-30 -4 0
-30 -4 1
-30 -4 2
-30 -4 3
-30 -3 -4
-30 -3 -3
-30 -3 -2
-30 -3 -1
-30 -3 0
-30 -3 1
-30 -3 2
-30 -3 3
-30 -3 4
-30 -2 -5
-30 -2 -4
-30 -2 -3
-30 -2 -2
-30 -2 -1
-30 -2 0
-30 -2 1
-30 -2 2
-30 -2 3
-30 -2 4
-30 -2 5
-30 -1 -5
-30 -1 -4
-30 -1 -3
-30 -1 -2
-30 -1 -1
-30 -1 0
-30 -1 1
-30 -1 2
-30 -1 3
-30 -1 4
-30 -1 5
-30 0 -5
-30 0 -4
-30 0 -3
-30 0 -2
-30 0 -1
-30 0 0
-30 0 1
-30 0 2
-30 0 3
-30 0 4
-30 0 5
-30 1 -5
-30 1 -4
-30 1 -3
-30 1 -2
-30 1 -1
-30 1 0
-30 1 1
-30 1 2
-30 1 3
-30 1 4
-30 1 5
-30 2 -5
-30 2 -4
-30 2 -3
-30 2 -2
-30 2 -1
-30 2 0
-30 2 1
-30 2 2
-30 2 3
-30 2 4
-30 2 5
-30 3 -4
-30 3 -3
-30 3 -2
-30 3 -1
-30 3 0
-30 3 1
-30 3 2
-30 3 3
-30 3 4
-30 4 -3
-30 4 -2
-30 4 -1
-30 4 0
-30 4 1
-30 4 2
-30 4 3
-30 5 -2
-30 5 -1
-30 5 0
-30 5 1
-30 5 2
-29 -9 -2
-29 -9 -1
-29 -9 0
-29 -9 1
-29 -9 2
-29 -8 -5
-29 -8 -4
-29 -8 -3
-29 -8 -2
-29 -8 -1
-29 -8 0
-29 -8 1
-29 -8 2
-29 -8 3
-29 -8 4
-29 -8 5
-29 -7 -6
-29 -7 -5
-29 -7 -4
-29 -7 -3
-29 -7 -2
-29 -7 -1
-29 -7 0
-29 -7 1
-29 -7 2
-29 -7 3
-29 -7 4
-29 -7 5
-29 -7 6
-29 -6 -7
-29 -6 -6
-29 -6 -5
-29 -6 -4
-29 -6 -3
-29 -6 -2
-29 -6 -1
-29 -6 0
-29 -6 1
-29 -6 2
-29 -6 3
-29 -6 4
-29 -6 5
-29 -6 6
-29 -6 7
-29 -5 -8
-29 -5 -7
-29 -5 -6
-29 -5 -5
-29 -5 -4
-29 -5 -3
-29 -5 3
-29 -5 4
-29 -5 5
-29 -5 6
-29 -5 7
-29 -5 8
-29 -4 -8
-29 -4 -7
-29 -4 -6
-29 -4 -5
-29 -4 -4
-29 -4 4
-29 -4 5
-29 -4 6
-29 -4 7
-29 -4 8
-29 -3 -8
-29 -3 -7
-29 -3 -6
-29 -3 -5
-29 -3 5
-29 -3 6
-29 -3 7
-29 -3 8
-29 -2 -9
-29 -2 -8
-29 -2 -7
-29 -2 -6
-29 -2 6
-29 -2 7
-29 -2 8
-29 -2 9
-29 -1 -9
-29 -1 -8
-29 -1 -7
-29 -1 -6
-29 -1 6
-29 -1 7
-29 -1 8
-29 -1 9
-29 0 -9
-29 0 -8
-29 0 -7
-29 0 -6
-29 0 6
-29 0 7
-29 0 8
-29 0 9
-29 1 -9
-29 1 -8
-29 1 -7
-29 1 -6
-29 1 6
-29 1 7
-29 1 8
-29 1 9
-29 2 -9
-29 2 -8
-29 2 -7
-29 2 -6
-29 2 6
-29 2 7
-29 2 8
-29 2 9
-29 3 -8
-29 3 -7
-29 3 -6
-29 3 -5
-29 3 5
-29 3 6
-29 3 7
-29 3 8
-29 4 -8
-29 4 -7
-29 4 -6
-29 4 -5
-29 4 -4
-29 4 4
-29 4 5
-29 4 6
-29 4 7
-29 4 8
-29 5 -8
-29 5 -7
-29 5 -6
-29 5 -5
-29 5 -4
-29 5 -3
-29 5 3
-29 5 4
-29 5 5
-29 5 6
-29 5 7
-29 5 8
-29 6 -7
-29 6 -6
-29 6 -5
-29 6 -4
-29 6 -3
-29 6 -2
-29 6 -1
-29 6 0
-29 6 1
-29 6 2
-29 6 3
-29 6 4
-29 6 5
-29 6 6
-29 6 7
-29 7 -6
-29 7 -5
-29 7 -4
-29 7 -3
-29 7 -2
-29 7 -1
-29 7 0
-29 7 1
-29 7 2
-29 7 3
-29 7 4
-29 7 5
-29 7 6
-29 8 -5
-29 8 -4
-29 8 -3
-29 8 -2
-29 8 -1
-29 8 0
-29 8 1
-29 8 2
-29 8 3
-29 8 4
-29 8 5
-29 9 -2
-29 9 -1
-29 9 0
-29 9 1
-29 9 2
-28 -12 -1
-28 -12 0
-28 -12 1
-28 -11 -5
-28 -11 -4
-28 -11 -3
-28 -11 -2
-28 -11 -1
-28 -11 0
-28 -11 1
-28 -11 2
-28 -11 3
-28 -11 4
-28 -11 5
-28 -10 -6
-28 -10 -5
-28 -10 -4
-28 -10 -3
-28 -10 -2
-28 -10 -1
-28 -10 0
-28 -10 1
-28 -10 2
-28 -10 3
-28 -10 4
-28 -10 5
-28 -10 6
-28 -9 -8
-28 -9 -7
-28 -9 -6
-28 -9 -5
-28 -9 -4
-28 -9 -3
-28 -9 3
-28 -9 4
-28 -9 5
-28 -9 6
-28 -9 7
-28 -9 8
-28 -8 -9
-28 -8 -8
-28 -8 -7
-28 -8 -6
-28 -8 6
-28 -8 7
-28 -8 8
-28 -8 9
-28 -7 -9
-28 -7 -8
-28 -7 -7
-28 -7 7
-28 -7 8
-28 -7 9
-28 -6 -10
-28 -6 -9
-28 -6 -8
-28 -6 8
-28 -6 9
-28 -6 10
-28 -5 -11
-28 -5 -10
-28 -5 -9
-28 -5 9
-28 -5 10
-28 -5 11
-28 -4 -11
-28 -4 -10
-28 -4 -9
-28 -4 9
-28 -4 10
-28 -4 11
-28 -3 -11
-28 -3 -10
-28 -3 -9
-28 -3 9
-28 -3 10
-28 -3 11
-28 -2 -11
-28 -2 -10
-28 -2 10
-28 -2 11
-28 -1 -12
-28 -1 -11
-28 -1 -10
-28 -1 10
-28 -1 11
-28 -1 12
-28 0 -12
-28 0 -11
-28 0 -10
-28 0 10
-28 0 11
-28 0 12
-28 1 -12
-28 1 -11
-28 1 -10
-28 1 10
-28 1 11
-28 1 12
-28 2 -11
-28 2 -10
-28 2 10
-28 2 11
-28 3 -11
-28 3 -10
-28 3 -9
-28 3 9
-28 3 10
-28 3 11
-28 4 -11
-28 4 -10
-28 4 -9
-28 4 9
-28 4 10
-28 4 11
-28 5 -11
-28 5 -10
-28 5 -9
-28 5 9
-28 5 10
-28 5 11
-28 6 -10
-28 6 -9
-28 6 -8
-28 6 8
-28 6 9
-28 6 10
-28 7 -9
-28 7 -8
-28 7 -7
-28 7 7
-28 7 8
-28 7 9
-28 8 -9
-28 8 -8
-28 8 -7
-28 8 -6
-28 8 6
-28 8 7
-28 8 8
-28 8 9
-28 9 -8
-28 9 -7
-28 9 -6
-28 9 -5
-28 9 -4
-28 9 -3
-28 9 3
-28 9 4
-28 9 5
-28 9 6
-28 9 7
-28 9 8
-28 10 -6
-28 10 -5
-28 10 -4
-28 10 -3
-28 10 -2
-28 10 -1
-28 10 0
-28 10 1
-28 10 2
-28 10 3
-28 10 4
-28 10 5
-28 10 6
-28 11 -5
-28 11 -4
-28 11 -3
-28 11 -2
-28 11 -1
-28 11 0
-28 11 1
-28 11 2
-28 11 3
-28 11 4
-28 11 5
-28 12 -1
-28 12 0
-28 12 1
-27 -14 -2
-27 -14 -1
-27 -14 0
-27 -14 1
-27 -14 2
-27 -13 -5
-27 -13 -4
-27 -13 -3
-27 -13 -2
-27 -13 -1
-27 -13 0
-27 -13 1
-27 -13 2
-27 -13 3
-27 -13 4
-27 -13 5
-27 -12 -7
-27 -12 -6
-27 -12 -5
-27 -12 -4
-27 -12 -3
-27 -12 -2
-27 -12 2
-27 -12 3
-27 -12 4
-27 -12 5
-27 -12 6
-27 -12 7
-27 -11 -8
-27 -11 -7
-27 -11 -6
-27 -11 6
-27 -11 7
-27 -11 8
-27 -10 -10
-27 -10 -9
-27 -10 -8
-27 -10 -7
-27 -10 7
-27 -10 8
-27 -10 9
-27 -10 10
-27 -9 -10
-27 -9 -9
-27 -9 9
-27 -9 10
-27 -8 -11
-27 -8 -10
-27 -8 10
-27 -8 11
-27 -7 -12
-27 -7 -11
-27 -7 -10
-27 -7 10
-27 -7 11
-27 -7 12
-27 -6 -12
-27 -6 -11
-27 -6 11
-27 -6 12
-27 -5 -13
-27 -5 -12
-27 -5 12
-27 -5 13
-27 -4 -13
-27 -4 -12
-27 -4 12
-27 -4 13
-27 -3 -13
-27 -3 -12
-27 -3 12
-27 -3 13
-27 -2 -14
-27 -2 -13
-27 -2 -12
-27 -2 12
-27 -2 13
-27 -2 14
-27 -1 -14
-27 -1 -13
-27 -1 13
-27 -1 14
-27 0 -14
-27 0 -13
-27 0 13
-27 0 14
-27 1 -14
-27 1 -13
-27 1 13
-27 1 14
-27 2 -14
-27 2 -13
-27 2 -12
-27 2 12
-27 2 13
-27 2 14
-27 3 -13
-27 3 -12
-27 3 12
-27 3 13
-27 4 -13
-27 4 -12
-27 4 12
-27 4 13
-27 5 -13
-27 5 -12
-27 5 12
-27 5 13
-27 6 -12
-27 6 -11
-27 6 11
-27 6 12
-27 7 -12
-27 7 -11
-27 7 -10
-27 7 10
-27 7 11
-27 7 12
-27 8 -11
-27 8 -10
-27 8 10
-27 8 11
-27 9 -10
-27 9 -9
-27 9 9
-27 9 10
-27 10 -10
-27 10 -9
-27 10 -8
-27 10 -7
-27 10 7
-27 10 8
-27 10 9
-27 10 10
-27 11 -8
-27 11 -7
-27 11 -6
-27 11 6
-27 11 7
-27 11 8
-27 12 -7
-27 12 -6
-27 12 -5
-27 12 -4
-27 12 -3
-27 12 -2
-27 12 2
-27 12 3
-27 12 4
-27 12 5
-27 12 6
-27 12 7
-27 13 -5
-27 13 -4
-27 13 -3
-27 13 -2
-27 13 -1
-27 13 0
-27 13 1
-27 13 2
-27 13 3
-27 13 4
-27 13 5
-27 14 -2
-27 14 -1
-27 14 0
-27 14 1
-27 14 2
-26 -15 -5
-26 -15 -4
-26 -15 -3
-26 -15 -2
-26 -15 -1
-26 -15 0
-26 -15 1
-26 -15 2
-26 -15 3
-26 -15 4
-26 -15 5
-26 -14 -7
-26 -14 -6
-26 -14 -5
-26 -14 -4
-26 -14 -3
-26 -14 3
-26 -14 4
-26 -14 5
-26 -14 6
-26 -14 7
-26 -13 -9
-26 -13 -8
-26 -13 -7
-26 -13 -6
-26 -13 6
-26 -13 7
-26 -13 8
-26 -13 9
-26 -12 -10
-26 -12 -9
-26 -12 -8
-26 -12 8
-26 -12 9
-26 -12 10
-26 -11 -11
-26 -11 -10
-26 -11 -9
-26 -11 9
-26 -11 10
-26 -11 11
-26 -10 -12
-26 -10 -11
-26 -10 11
-26 -10 12
-26 -9 -13
-26 -9 -12
-26 -9 -11
-26 -9 11
-26 -9 12
-26 -9 13
-26 -8 -13
-26 -8 -12
-26 -8 12
-26 -8 13
-26 -7 -14
-26 -7 -13
-26 -7 13
-26 -7 14
-26 -6 -14
-26 -6 -13
-26 -6 13
-26 -6 14
-26 -5 -15
-26 -5 -14
-26 -5 14
-26 -5 15
-26 -4 -15
-26 -4 -14
-26 -4 14
-26 -4 15
-26 -3 -15
-26 -3 -14
-26 -3 14
-26 -3 15
-26 -2 -15
-26 -2 15
-26 -1 -15
-26 -1 15
-26 0 -15
-26 0 15
-26 1 -15
-26 1 15
-26 2 -15
-26 2 15
-26 3 -15
-26 3 -14
-26 3 14
-26 3 15
-26 4 -15
-26 4 -14
-26 4 14
-26 4 15
-26 5 -15
-26 5 -14
-26 5 14
-26 5 15
-26 6 -14
-26 6 -13
-26 6 13
-26 6 14
-26 7 -14
-26 7 -13
-26 7 13
-26 7 14
-26 8 -13
-26 8 -12
-26 8 12
-26 8 13
-26 9 -13
-26 9 -12
-26 9 -11
-26 9 11
-26 9 12
-26 9 13
-26 10 -12
-26 10 -11
-26 10 11
-26 10 12
-26 11 -11
-26 11 -10
-26 11 -9
-26 11 9
-26 11 10
-26 11 11
-26 12 -10
-26 12 -9
-26 12 -8
-26 12 8
-26 12 9
-26 12 10
-26 13 -9
-26 13 -8
-26 13 -7
-26 13 -6
-26 13 6
-26 13 7
-26 13 8
-26 13 9
-26 14 -7
-26 14 -6
-26 14 -5
-26 14 -4
-26 14 -3
-26 14 3
-26 14 4
-26 14 5
-26 14 6
-26 14 7
-26 15 -5
-26 15 -4
-26 15 -3
-26 15 -2
-26 15 -1
-26 15 0
-26 15 1
-26 15 2
-26 15 3
-26 15 4
-26 15 5
-25 -17 -4
-25 -17 -3
-25 -17 -2
-25 -17 -1
-25 -17 0
-25 -17 1
-25 -17 2
-25 -17 3
-25 -17 4
-25 -16 -7
-25 -16 -6
-25 -16 -5
-25 -16 -4
-25 -16 -3
-25 -16 -2
-25 -16 -1
-25 -16 0
-25 -16 1
-25 -16 2
-25 -16 3
-25 -16 4
-25 -16 5
-25 -16 6
-25 -16 7
-25 -15 -8
-25 -15 -7
-25 -15 -6
-25 -15 6
-25 -15 7
-25 -15 8
-25 -14 -10
-25 -14 -9
-25 -14 -8
-25 -14 8
-25 -14 9
-25 -14 10
-25 -13 -11
-25 -13 -10
-25 -13 10
-25 -13 11
-25 -12 -12
-25 -12 -11
-25 -12 11
-25 -12 12
-25 -11 -13
-25 -11 -12
-25 -11 12
-25 -11 13
-25 -10 -14
-25 -10 -13
-25 -10 13
-25 -10 14
-25 -9 -14
-25 -9 14
-25 -8 -15
-25 -8 -14
-25 -8 14
-25 -8 15
-25 -7 -16
-25 -7 -15
-25 -7 15
-25 -7 16
-25 -6 -16
-25 -6 -15
-25 -6 15
-25 -6 16
-25 -5 -16
-25 -5 16
-25 -4 -17
-25 -4 -16
-25 -4 16
-25 -4 17
-25 -3 -17
-25 -3 -16
-25 -3 16
-25 -3 17
-25 -2 -17
-25 -2 -16
-25 -2 16
-25 -2 17
-25 -1 -17
-25 -1 -16
-25 -1 16
-25 -1 17
-25 0 -17
-25 0 -16
-25 0 16
-25 0 17
-25 1 -17
-25 1 -16
-25 1 16
-25 1 17
-25 2 -17
-25 2 -16
-25 2 16
-25 2 17
-25 3 -17
-25 3 -16
-25 3 16
-25 3 17
-25 4 -17
-25 4 -16
-25 4 16
-25 4 17
-25 5 -16
-25 5 16
-25 6 -16
-25 6 -15
-25 6 15
-25 6 16
-25 7 -16
-25 7 -15
-25 7 15
-25 7 16
-25 8 -15
-25 8 -14
-25 8 14
-25 8 15
-25 9 -14
-25 9 14
-25 10 -14
-25 10 -13
-25 10 13
-25 10 14
-25 11 -13
-25 11 -12
-25 11 12
-25 11 13
-25 12 -12
-25 12 -11
-25 12 11
-25 12 12
-25 13 -11
-25 13 -10
-25 13 10
-25 13 11
-25 14 -10
-25 14 -9
-25 14 -8
-25 14 8
-25 14 9
-25 14 10
-25 15 -8
-25 15 -7
-25 15 -6
-25 15 6
-25 15 7
-25 15 8
-25 16 -7
-25 16 -6
-25 16 -5
-25 16 -4
-25 16 -3
-25 16 -2
-25 16 -1
-25 16 0
-25 16 1
-25 16 2
-25 16 3
-25 16 4
-25 16 5
-25 16 6
-25 16 7
-25 17 -4
-25 17 -3
-25 17 -2
-25 17 -1
-25 17 0
-25 17 1
-25 17 2
-25 17 3
-25 17 4
-24 -18 -5
-24 -18 -4
-24 -18 -3
-24 -18 -2
-24 -18 -1
-24 -18 0
-24 -18 1
-24 -18 2
-24 -18 3
-24 -18 4
-24 -18 5
-24 -17 -8
-24 -17 -7
-24 -17 -6
-24 -17 -5
-24 -17 5
-24 -17 6
-24 -17 7
-24 -17 8
-24 -16 -9
-24 -16 -8
-24 -16 8
-24 -16 9
-24 -15 -11
-24 -15 -10
-24 -15 -9
-24 -15 9
-24 -15 10
-24 -15 11
-24 -14 -12
-24 -14 -11
-24 -14 11
-24 -14 12
-24 -13 -13
-24 -13 -12
-24 -13 12
-24 -13 13
-24 -12 -14
-24 -12 -13
-24 -12 13
-24 -12 14
-24 -11 -15
-24 -11 -14
-24 -11 14
-24 -11 15
-24 -10 -15
-24 -10 15
-24 -9 -16
-24 -9 -15
-24 -9 15
-24 -9 16
-24 -8 -17
-24 -8 -16
-24 -8 16
-24 -8 17
-24 -7 -17
-24 -7 17
-24 -6 -17
-24 -6 17
-24 -5 -18
-24 -5 -17
-24 -5 17
-24 -5 18
-24 -4 -18
-24 -4 18
-24 -3 -18
-24 -3 18
-24 -2 -18
-24 -2 18
-24 -1 -18
-24 -1 18
-24 0 -18
-24 0 18
-24 1 -18
-24 1 18
-24 2 -18
-24 2 18
-24 3 -18
-24 3 18
-24 4 -18
-24 4 18
-24 5 -18
-24 5 -17
-24 5 17
-24 5 18
-24 6 -17
-24 6 17
-24 7 -17
-24 7 17
-24 8 -17
-24 8 -16
-24 8 16
-24 8 17
-24 9 -16
-24 9 -15
-24 9 15
-24 9 16
-24 10 -15
-24 10 15
-24 11 -15
-24 11 -14
-24 11 14
-24 11 15
-24 12 -14
-24 12 -13
-24 12 13
-24 12 14
-24 13 -13
-24 13 -12
-24 13 12
-24 13 13
-24 14 -12
-24 14 -11
-24 14 11
-24 14 12
-24 15 -11
-24 15 -10
-24 15 -9
-24 15 9
-24 15 10
-24 15 11
-24 16 -9
-24 16 -8
-24 16 8
-24 16 9
-24 17 -8
-24 17 -7
-24 17 -6
-24 17 -5
-24 17 5
-24 17 6
-24 17 7
-24 17 8
-24 18 -5
-24 18 -4
-24 18 -3
-24 18 -2
-24 18 -1
-24 18 0
-24 18 1
-24 18 2
-24 18 3
-24 18 4
-24 18 5
-23 -20 -1
-23 -20 0
-23 -20 1
-23 -19 -6
-23 -19 -5
-23 -19 -4
-23 -19 -3
-23 -19 -2
-23 -19 -1
-23 -19 0
-23 -19 1
-23 -19 2
-23 -19 3
-23 -19 4
-23 -19 5
-23 -19 6
-23 -18 -8
-23 -18 -7
-23 -18 -6
-23 -18 6
-23 -18 7
-23 -18 8
-23 -17 -10
-23 -17 -9
-23 -17 9
-23 -17 10
-23 -16 -12
-23 -16 -11
-23 -16 -10
-23 -16 10
-23 -16 11
-23 -16 12
-23 -15 -13
-23 -15 -12
-23 -15 12
-23 -15 13
-23 -14 -14
-23 -14 -13
-23 -14 13
-23 -14 14
-23 -13 -15
-23 -13 -14
-23 -13 14
-23 -13 15
-23 -12 -16
-23 -12 -15
-23 -12 15
-23 -12 16
-23 -11 -16
-23 -11 16
-23 -10 -17
-23 -10 -16
-23 -10 16
-23 -10 17
-23 -9 -17
-23 -9 17
-23 -8 -18
-23 -8 18
-23 -7 -18
-23 -7 18
-23 -6 -19
-23 -6 -18
-23 -6 18
-23 -6 19
-23 -5 -19
-23 -5 19
-23 -4 -19
-23 -4 19
-23 -3 -19
-23 -3 19
-23 -2 -19
-23 -2 19
-23 -1 -20
-23 -1 -19
-23 -1 19
-23 -1 20
-23 0 -20
-23 0 -19
-23 0 19
-23 0 20
-23 1 -20
-23 1 -19
-23 1 19
-23 1 20
-23 2 -19
-23 2 19
-23 3 -19
-23 3 19
-23 4 -19
-23 4 19
-23 5 -19
-23 5 19
-23 6 -19
-23 6 -18
-23 6 18
-23 6 19
-23 7 -18
-23 7 18
-23 8 -18
-23 8 18
-23 9 -17
-23 9 17
-23 10 -17
-23 10 -16
-23 10 16
-23 10 17
-23 11 -16
-23 11 16
-23 12 -16
-23 12 -15
-23 12 15
-23 12 16
-23 13 -15
-23 13 -14
-23 13 14
-23 13 15
-23 14 -14
-23 14 -13
-23 14 13
-23 14 14
-23 15 -13
-23 15 -12
-23 15 12
-23 15 13
-23 16 -12
-23 16 -11
-23 16 -10
-23 16 10
-23 16 11
-23 16 12
-23 17 -10
-23 17 -9
-23 17 9
-23 17 10
-23 18 -8
-23 18 -7
-23 18 -6
-23 18 6
-23 18 7
-23 18 8
-23 19 -6
-23 19 -5
-23 19 -4
-23 19 -3
-23 19 -2
-23 19 -1
-23 19 0
-23 19 1
-23 19 2
-23 19 3
-23 19 4
-23 19 5
-23 19 6
-23 20 -1
-23 20 0
-23 20 1
-22 -21 -2
-22 -21 -1
-22 -21 0
-22 -21 1
-22 -21 2
-22 -20 -6
-22 -20 -5
-22 -20 -4
-22 -20 -3
-22 -20 -2
-22 -20 2
-22 -20 3
-22 -20 4
-22 -20 5
-22 -20 6
-22 -19 -9
-22 -19 -8
-22 -19 -7
-22 -19 7
-22 -19 8
-22 -19 9
-22 -18 -11
-22 -18 -10
-22 -18 -9
-22 -18 9
-22 -18 10
-22 -18 11
-22 -17 -12
-22 -17 -11
-22 -17 11
-22 -17 12
-22 -16 -13
-22 -16 13
-22 -15 -14
-22 -15 14
-22 -14 -15
-22 -14 15
-22 -13 -16
-22 -13 16
-22 -12 -17
-22 -12 17
-22 -11 -18
-22 -11 -17
-22 -11 17
-22 -11 18
-22 -10 -18
-22 -10 18
-22 -9 -19
-22 -9 -18
-22 -9 18
-22 -9 19
-22 -8 -19
-22 -8 19
-22 -7 -19
-22 -7 19
-22 -6 -20
-22 -6 20
-22 -5 -20
-22 -5 20
-22 -4 -20
-22 -4 20
-22 -3 -20
-22 -3 20
-22 -2 -21
-22 -2 -20
-22 -2 20
-22 -2 21
-22 -1 -21
-22 -1 21
-22 0 -21
-22 0 21
-22 1 -21
-22 1 21
-22 2 -21
-22 2 -20
-22 2 20
-22 2 21
-22 3 -20
-22 3 20
-22 4 -20
-22 4 20
-22 5 -20
-22 5 20
-22 6 -20
-22 6 20
-22 7 -19
-22 7 19
-22 8 -19
-22 8 19
-22 9 -19
-22 9 -18
-22 9 18
-22 9 19
-22 10 -18
-22 10 18
-22 11 -18
-22 11 -17
-22 11 17
-22 11 18
-22 12 -17
-22 12 17
-22 13 -16
-22 13 16
-22 14 -15
-22 14 15
-22 15 -14
-22 15 14
-22 16 -13
-22 16 13
-22 17 -12
-22 17 -11
-22 17 11
-22 17 12
-22 18 -11
-22 18 -10
-22 18 -9
-22 18 9
-22 18 10
-22 18 11
-22 19 -9
-22 19 -8
-22 19 -7
-22 19 7
-22 19 8
-22 19 9
-22 20 -6
-22 20 -5
-22 20 -4
-22 20 -3
-22 20 -2
-22 20 2
-22 20 3
-22 20 4
-22 20 5
-22 20 6
-22 21 -2
-22 21 -1
-22 21 0
-22 21 1
-22 21 2
-21 -22 -2
-21 -22 -1
-21 -22 0
-21 -22 1
-21 -22 2
-21 -21 -6
-21 -21 -5
-21 -21 -4
-21 -21 -3
-21 -21 3
-21 -21 4
-21 -21 5
-21 -21 6
-21 -20 -9
-21 -20 -8
-21 -20 -7
-21 -20 7
-21 -20 8
-21 -20 9
-21 -19 -11
-21 -19 -10
-21 -19 10
-21 -19 11
-21 -18 -12
-21 -18 12
-21 -17 -14
-21 -17 -13
-21 -17 13
-21 -17 14
-21 -16 -15
-21 -16 -14
-21 -16 14
-21 -16 15
-21 -15 -16
-21 -15 -15
-21 -15 15
-21 -15 16
-21 -14 -17
-21 -14 -16
-21 -14 16
-21 -14 17
-21 -13 -17
-21 -13 17
-21 -12 -18
-21 -12 18
-21 -11 -19
-21 -11 19
-21 -10 -19
-21 -10 19
-21 -9 -20
-21 -9 20
-21 -8 -20
-21 -8 20
-21 -7 -20
-21 -7 20
-21 -6 -21
-21 -6 21
-21 -5 -21
-21 -5 21
-21 -4 -21
-21 -4 21
-21 -3 -21
-21 -3 21
-21 -2 -22
-21 -2 22
-21 -1 -22
-21 -1 22
-21 0 -22
-21 0 22
-21 1 -22
-21 1 22
-21 2 -22
-21 2 22
-21 3 -21
-21 3 21
-21 4 -21
-21 4 21
-21 5 -21
-21 5 21
-21 6 -21
-21 6 21
-21 7 -20
-21 7 20
-21 8 -20
-21 8 20
-21 9 -20
-21 9 20
-21 10 -19
-21 10 19
-21 11 -19
-21 11 19
-21 12 -18
-21 12 18
-21 13 -17
-21 13 17
-21 14 -17
-21 14 -16
-21 14 16
-21 14 17
-21 15 -16
-21 15 -15
-21 15 15
-21 15 16
-21 16 -15
-21 16 -14
-21 16 14
-21 16 15
-21 17 -14
-21 17 -13
-21 17 13
-21 17 14
-21 18 -12
-21 18 12
-21 19 -11
-21 19 -10
-21 19 10
-21 19 11
-21 20 -9
-21 20 -8
-21 20 -7
-21 20 7
-21 20 8
-21 20 9
-21 21 -6
-21 21 -5
-21 21 -4
-21 21 -3
-21 21 3
-21 21 4
-21 21 5
-21 21 6
-21 22 -2
-21 22 -1
-21 22 0
-21 22 1
-21 22 2
-20 -23 -1
-20 -23 0
-20 -23 1
-20 -22 -6
-20 -22 -5
-20 -22 -4
-20 -22 -3
-20 -22 -2
-20 -22 2
-20 -22 3
-20 -22 4
-20 -22 5
-20 -22 6
-20 -21 -9
-20 -21 -8
-20 -21 -7
-20 -21 7
-20 -21 8
-20 -21 9
-20 -20 -11
-20 -20 -10
-20 -20 10
-20 -20 11
-20 -19 -13
-20 -19 -12
-20 -19 12
-20 -19 13
-20 -18 -14
-20 -18 -13
-20 -18 13
-20 -18 14
-20 -17 -15
-20 -17 15
-20 -16 -16
-20 -16 16
-20 -15 -17
-20 -15 17
-20 -14 -18
-20 -14 18
-20 -13 -19
-20 -13 -18
-20 -13 18
-20 -13 19
-20 -12 -19
-20 -12 19
-20 -11 -20
-20 -11 20
-20 -10 -20
-20 -10 20
-20 -9 -21
-20 -9 21
-20 -8 -21
-20 -8 21
-20 -7 -21
-20 -7 21
-20 -6 -22
-20 -6 22
-20 -5 -22
-20 -5 22
-20 -4 -22
-20 -4 22
-20 -3 -22
-20 -3 22
-20 -2 -22
-20 -2 22
-20 -1 -23
-20 -1 23
-20 0 -23
-20 0 23
-20 1 -23
-20 1 23
-20 2 -22
-20 2 22
-20 3 -22
-20 3 22
-20 4 -22
-20 4 22
-20 5 -22
-20 5 22
-20 6 -22
-20 6 22
-20 7 -21
-20 7 21
-20 8 -21
-20 8 21
-20 9 -21
-20 9 21
-20 10 -20
-20 10 20
-20 11 -20
-20 11 20
-20 12 -19
-20 12 19
-20 13 -19
-20 13 -18
-20 13 18
-20 13 19
-20 14 -18
-20 14 18
-20 15 -17
-20 15 17
-20 16 -16
-20 16 16
-20 17 -15
-20 17 15
-20 18 -14
-20 18 -13
-20 18 13
-20 18 14
-20 19 -13
-20 19 -12
-20 19 12
-20 19 13
-20 20 -11
-20 20 -10
-20 20 10
-20 20 11
-20 21 -9
-20 21 -8
-20 21 -7
-20 21 7
-20 21 8
-20 21 9
-20 22 -6
-20 22 -5
-20 22 -4
-20 22 -3
-20 22 -2
-20 22 2
-20 22 3
-20 22 4
-20 22 5
-20 22 6
-20 23 -1
-20 23 0
-20 23 1
-19 -23 -6
-19 -23 -5
-19 -23 -4
-19 -23 -3
-19 -23 -2
-19 -23 -1
-19 -23 0
-19 -23 1
-19 -23 2
-19 -23 3
-19 -23 4
-19 -23 5
-19 -23 6
-19 -22 -9
-19 -22 -8
-19 -22 -7
-19 -22 7
-19 -22 8
-19 -22 9
-19 -21 -11
-19 -21 -10
-19 -21 10
-19 -21 11
-19 -20 -13
-19 -20 -12
-19 -20 12
-19 -20 13
-19 -19 -14
-19 -19 14
-19 -18 -15
-19 -18 15
-19 -17 -16
-19 -17 16
-19 -16 -17
-19 -16 17
-19 -15 -18
-19 -15 18
-19 -14 -19
-19 -14 19
-19 -13 -20
-19 -13 20
-19 -12 -20
-19 -12 20
-19 -11 -21
-19 -11 21
-19 -10 -21
-19 -10 21
-19 -9 -22
-19 -9 22
-19 -8 -22
-19 -8 22
-19 -7 -22
-19 -7 22
-19 -6 -23
-19 -6 23
-19 -5 -23
-19 -5 23
-19 -4 -23
-19 -4 23
-19 -3 -23
-19 -3 23
-19 -2 -23
-19 -2 23
-19 -1 -23
-19 -1 23
-19 0 -23
-19 0 23
-19 1 -23
-19 1 23
-19 2 -23
-19 2 23
-19 3 -23
-19 3 23
-19 4 -23
-19 4 23
-19 5 -23
-19 5 23
-19 6 -23
-19 6 23
-19 7 -22
-19 7 22
-19 8 -22
-19 8 22
-19 9 -22
-19 9 22
-19 10 -21
-19 10 21
-19 11 -21
-19 11 21
-19 12 -20
-19 12 20
-19 13 -20
-19 13 20
-19 14 -19
-19 14 19
-19 15 -18
-19 15 18
-19 16 -17
-19 16 17
-19 17 -16
-19 17 16
-19 18 -15
-19 18 15
-19 19 -14
-19 19 14
-19 20 -13
-19 20 -12
-19 20 12
-19 20 13
-19 21 -11
-19 21 -10
-19 21 10
-19 21 11
-19 22 -9
-19 22 -8
-19 22 -7
-19 22 7
-19 22 8
-19 22 9
-19 23 -6
-19 23 -5
-19 23 -4
-19 23 -3
-19 23 -2
-19 23 -1
-19 23 0
-19 23 1
-19 23 2
-19 23 3
-19 23 4
-19 23 5
-19 23 6
-18 -24 -5
-18 -24 -4
-18 -24 -3
-18 -24 -2
-18 -24 -1
-18 -24 0
-18 -24 1
-18 -24 2
-18 -24 3
-18 -24 4
-18 -24 5
-18 -23 -8
-18 -23 -7
-18 -23 -6
-18 -23 6
-18 -23 7
-18 -23 8
-18 -22 -11
-18 -22 -10
-18 -22 -9
-18 -22 9
-18 -22 10
-18 -22 11
-18 -21 -12
-18 -21 12
-18 -20 -14
-18 -20 -13
-18 -20 13
-18 -20 14
-18 -19 -15
-18 -19 15
-18 -18 -16
-18 -18 16
-18 -17 -17
-18 -17 17
-18 -16 -18
-18 -16 18
-18 -15 -19
-18 -15 19
-18 -14 -20
-18 -14 20
-18 -13 -20
-18 -13 20
-18 -12 -21
-18 -12 21
-18 -11 -22
-18 -11 22
-18 -10 -22
-18 -10 22
-18 -9 -22
-18 -9 22
-18 -8 -23
-18 -8 23
-18 -7 -23
-18 -7 23
-18 -6 -23
-18 -6 23
-18 -5 -24
-18 -5 24
-18 -4 -24
-18 -4 24
-18 -3 -24
-18 -3 24
-18 -2 -24
-18 -2 24
-18 -1 -24
-18 -1 24
-18 0 -24
-18 0 24
-18 1 -24
-18 1 24
-18 2 -24
-18 2 24
-18 3 -24
-18 3 24
-18 4 -24
-18 4 24
-18 5 -24
-18 5 24
-18 6 -23
-18 6 23
-18 7 -23
-18 7 23
-18 8 -23
-18 8 23
-18 9 -22
-18 9 22
-18 10 -22
-18 10 22
-18 11 -22
-18 11 22
-18 12 -21
-18 12 21
-18 13 -20
-18 13 20
-18 14 -20
-18 14 20
-18 15 -19
-18 15 19
-18 16 -18
-18 16 18
-18 17 -17
-18 17 17
-18 18 -16
-18 18 16
-18 19 -15
-18 19 15
-18 20 -14
-18 20 -13
-18 20 13
-18 20 14
-18 21 -12
-18 21 12
-18 22 -11
-18 22 -10
-18 22 -9
-18 22 9
-18 22 10
-18 22 11
-18 23 -8
-18 23 -7
-18 23 -6
-18 23 6
-18 23 7
-18 23 8
-18 24 -5
-18 24 -4
-18 24 -3
-18 24 -2
-18 24 -1
-18 24 0
-18 24 1
-18 24 2
-18 24 3
-18 24 4
-18 24 5
-17 -25 -4
-17 -25 -3
-17 -25 -2
-17 -25 -1
-17 -25 0
-17 -25 1
-17 -25 2
-17 -25 3
-17 -25 4
-17 -24 -8
-17 -24 -7
-17 -24 -6
-17 -24 -5
-17 -24 5
-17 -24 6
-17 -24 7
-17 -24 8
-17 -23 -10
-17 -23 -9
-17 -23 9
-17 -23 10
-17 -22 -12
-17 -22 -11
-17 -22 11
-17 -22 12
-17 -21 -14
-17 -21 -13
-17 -21 13
-17 -21 14
-17 -20 -15
-17 -20 15
-17 -19 -16
-17 -19 16
-17 -18 -17
-17 -18 17
-17 -17 -18
-17 -17 18
-17 -16 -19
-17 -16 19
-17 -15 -20
-17 -15 20
-17 -14 -21
-17 -14 21
-17 -13 -21
-17 -13 21
-17 -12 -22
-17 -12 22
-17 -11 -22
-17 -11 22
-17 -10 -23
-17 -10 23
-17 -9 -23
-17 -9 23
-17 -8 -24
-17 -8 24
-17 -7 -24
-17 -7 24
-17 -6 -24
-17 -6 24
-17 -5 -24
-17 -5 24
-17 -4 -25
-17 -4 25
-17 -3 -25
-17 -3 25
-17 -2 -25
-17 -2 25
-17 -1 -25
-17 -1 25
-17 0 -25
-17 0 25
-17 1 -25
-17 1 25
-17 2 -25
-17 2 25
-17 3 -25
-17 3 25
-17 4 -25
-17 4 25
-17 5 -24
-17 5 24
-17 6 -24
-17 6 24
-17 7 -24
-17 7 24
-17 8 -24
-17 8 24
-17 9 -23
-17 9 23
-17 10 -23
-17 10 23
-17 11 -22
-17 11 22
-17 12 -22
-17 12 22
-17 13 -21
-17 13 21
-17 14 -21
-17 14 21
-17 15 -20
-17 15 20
-17 16 -19
-17 16 19
-17 17 -18
-17 17 18
-17 18 -17
-17 18 17
-17 19 -16
-17 19 16
-17 20 -15
-17 20 15
-17 21 -14
-17 21 -13
-17 21 13
-17 21 14
-17 22 -12
-17 22 -11
-17 22 11
-17 22 12
-17 23 -10
-17 23 -9
-17 23 9
-17 23 10
-17 24 -8
-17 24 -7
-17 24 -6
-17 24 -5
-17 24 5
-17 24 6
-17 24 7
-17 24 8
-17 25 -4
-17 25 -3
-17 25 -2
-17 25 -1
-17 25 0
-17 25 1
-17 25 2
-17 25 3
-17 25 4
-16 -25 -7
-16 -25 -6
-16 -25 -5
-16 -25 -4
-16 -25 -3
-16 -25 -2
-16 -25 -1
-16 -25 0
-16 -25 1
-16 -25 2
-16 -25 3
-16 -25 4
-16 -25 5
-16 -25 6
-16 -25 7
-16 -24 -9
-16 -24 -8
-16 -24 8
-16 -24 9
-16 -23 -12
-16 -23 -11
-16 -23 -10
-16 -23 10
-16 -23 11
-16 -23 12
-16 -22 -13
-16 -22 13
-16 -21 -15
-16 -21 -14
-16 -21 14
-16 -21 15
-16 -20 -16
-16 -20 16
-16 -19 -17
-16 -19 17
-16 -18 -18
-16 -18 18
-16 -17 -19
-16 -17 19
-16 -16 -20
-16 -16 20
-16 -15 -21
-16 -15 21
-16 -14 -21
-16 -14 21
-16 -13 -22
-16 -13 22
-16 -12 -23
-16 -12 23
-16 -11 -23
-16 -11 23
-16 -10 -23
-16 -10 23
-16 -9 -24
-16 -9 24
-16 -8 -24
-16 -8 24
-16 -7 -25
-16 -7 25
-16 -6 -25
-16 -6 25
-16 -5 -25
-16 -5 25
-16 -4 -25
-16 -4 25
-16 -3 -25
-16 -3 25
-16 -2 -25
-16 -2 25
-16 -1 -25
-16 -1 25
-16 0 -25
-16 0 25
-16 1 -25
-16 1 25
-16 2 -25
-16 2 25
-16 3 -25
-16 3 25
-16 4 -25
-16 4 25
-16 5 -25
-16 5 25
-16 6 -25
-16 6 25
-16 7 -25
-16 7 25
-16 8 -24
-16 8 24
-16 9 -24
-16 9 24
-16 10 -23
-16 10 23
-16 11 -23
-16 11 23
-16 12 -23
-16 12 23
-16 13 -22
-16 13 22
-16 14 -21
-16 14 21
-16 15 -21
-16 15 21
-16 16 -20
-16 16 20
-16 17 -19
-16 17 19
-16 18 -18
-16 18 18
-16 19 -17
-16 19 17
-16 20 -16
-16 20 16
-16 21 -15
-16 21 -14
-16 21 14
-16 21 15
-16 22 -13
-16 22 13
-16 23 -12
-16 23 -11
-16 23 -10
-16 23 10
-16 23 11
-16 23 12
-16 24 -9
-16 24 -8
-16 24 8
-16 24 9
-16 25 -7
-16 25 -6
-16 25 -5
-16 25 -4
-16 25 -3
-16 25 -2
-16 25 -1
-16 25 0
-16 25 1
-16 25 2
-16 25 3
-16 25 4
-16 25 5
-16 25 6
-16 25 7
-15 -26 -5
-15 -26 -4
-15 -26 -3
-15 -26 -2
-15 -26 -1
-15 -26 0
-15 -26 1
-15 -26 2
-15 -26 3
-15 -26 4
-15 -26 5
-15 -25 -8
-15 -25 -7
-15 -25 -6
-15 -25 6
-15 -25 7
-15 -25 8
-15 -24 -11
-15 -24 -10
-15 -24 -9
-15 -24 9
-15 -24 10
-15 -24 11
-15 -23 -13
-15 -23 -12
-15 -23 12
-15 -23 13
-15 -22 -14
-15 -22 14
-15 -21 -16
-15 -21 -15
-15 -21 15
-15 -21 16
-15 -20 -17
-15 -20 17
-15 -19 -18
-15 -19 18
-15 -18 -19
-15 -18 19
-15 -17 -20
-15 -17 20
-15 -16 -21
-15 -16 21
-15 -15 -21
-15 -15 21
-15 -14 -22
-15 -14 22
-15 -13 -23
-15 -13 23
-15 -12 -23
-15 -12 23
-15 -11 -24
-15 -11 24
-15 -10 -24
-15 -10 24
-15 -9 -24
-15 -9 24
-15 -8 -25
-15 -8 25
-15 -7 -25
-15 -7 25
-15 -6 -25
-15 -6 25
-15 -5 -26
-15 -5 26
-15 -4 -26
-15 -4 26
-15 -3 -26
-15 -3 26
-15 -2 -26
-15 -2 26
-15 -1 -26
-15 -1 26
-15 0 -26
-15 0 26
-15 1 -26
-15 1 26
-15 2 -26
-15 2 26
-15 3 -26
-15 3 26
-15 4 -26
-15 4 26
-15 5 -26
-15 5 26
-15 6 -25
-15 6 25
-15 7 -25
-15 7 25
-15 8 -25
-15 8 25
-15 9 -24
-15 9 24
-15 10 -24
-15 10 24
-15 11 -24
-15 11 24
-15 12 -23
-15 12 23
-15 13 -23
-15 13 23
-15 14 -22
-15 14 22
-15 15 -21
-15 15 21
-15 16 -21
-15 16 21
-15 17 -20
-15 17 20
-15 18 -19
-15 18 19
-15 19 -18
-15 19 18
-15 20 -17
-15 20 17
-15 21 -16
-15 21 -15
-15 21 15
-15 21 16
-15 22 -14
-15 22 14
-15 23 -13
-15 23 -12
-15 23 12
-15 23 13
-15 24 -11
-15 24 -10
-15 24 -9
-15 24 9
-15 24 10
-15 24 11
-15 25 -8
-15 25 -7
-15 25 -6
-15 25 6
-15 25 7
-15 25 8
-15 26 -5
-15 26 -4
-15 26 -3
-15 26 -2
-15 26 -1
-15 26 0
-15 26 1
-15 26 2
-15 26 3
-15 26 4
-15 26 5
-14 -27 -2
-14 -27 -1
-14 -27 0
-14 -27 1
-14 -27 2
-14 -26 -7
-14 -26 -6
-14 -26 -5
-14 -26 -4
-14 -26 -3
-14 -26 3
-14 -26 4
-14 -26 5
-14 -26 6
-14 -26 7
-14 -25 -10
-14 -25 -9
-14 -25 -8
-14 -25 8
-14 -25 9
-14 -25 10
-14 -24 -12
-14 -24 -11
-14 -24 11
-14 -24 12
-14 -23 -14
-14 -23 -13
-14 -23 13
-14 -23 14
-14 -22 -15
-14 -22 15
-14 -21 -17
-14 -21 -16
-14 -21 16
-14 -21 17
-14 -20 -18
-14 -20 18
-14 -19 -19
-14 -19 19
-14 -18 -20
-14 -18 20
-14 -17 -21
-14 -17 21
-14 -16 -21
-14 -16 21
-14 -15 -22
-14 -15 22
-14 -14 -23
-14 -14 23
-14 -13 -23
-14 -13 23
-14 -12 -24
-14 -12 24
-14 -11 -24
-14 -11 24
-14 -10 -25
-14 -10 25
-14 -9 -25
-14 -9 25
-14 -8 -25
-14 -8 25
-14 -7 -26
-14 -7 26
-14 -6 -26
-14 -6 26
-14 -5 -26
-14 -5 26
-14 -4 -26
-14 -4 26
-14 -3 -26
-14 -3 26
-14 -2 -27
-14 -2 27
-14 -1 -27
-14 -1 27
-14 0 -27
-14 0 27
-14 1 -27
-14 1 27
-14 2 -27
-14 2 27
-14 3 -26
-14 3 26
-14 4 -26
-14 4 26
-14 5 -26
-14 5 26
-14 6 -26
-14 6 26
-14 7 -26
-14 7 26
-14 8 -25
-14 8 25
-14 9 -25
-14 9 25
-14 10 -25
-14 10 25
-14 11 -24
-14 11 24
-14 12 -24
-14 12 24
-14 13 -23
-14 13 23
-14 14 -23
-14 14 23
-14 15 -22
-14 15 22
-14 16 -21
-14 16 21
-14 17 -21
-14 17 21
-14 18 -20
-14 18 20
-14 19 -19
-14 19 19
-14 20 -18
-14 20 18
-14 21 -17
-14 21 -16
-14 21 16
-14 21 17
-14 22 -15
-14 22 15
-14 23 -14
-14 23 -13
-14 23 13
-14 23 14
-14 24 -12
-14 24 -11
-14 24 11
-14 24 12
-14 25 -10
-14 25 -9
-14 25 -8
-14 25 8
-14 25 9
-14 25 10
-14 26 -7
-14 26 -6
-14 26 -5
-14 26 -4
-14 26 -3
-14 26 3
-14 26 4
-14 26 5
-14 26 6
-14 26 7
-14 27 -2
-14 27 -1
-14 27 0
-14 27 1
-14 27 2
-13 -27 -5
-13 -27 -4
-13 -27 -3
-13 -27 -2
-13 -27 -1
-13 -27 0
-13 -27 1
-13 -27 2
-13 -27 3
-13 -27 4
-13 -27 5
-13 -26 -9
-13 -26 -8
-13 -26 -7
-13 -26 -6
-13 -26 6
-13 -26 7
-13 -26 8
-13 -26 9
-13 -25 -11
-13 -25 -10
-13 -25 10
-13 -25 11
-13 -24 -13
-13 -24 -12
-13 -24 12
-13 -24 13
-13 -23 -15
-13 -23 -14
-13 -23 14
-13 -23 15
-13 -22 -16
-13 -22 16
-13 -21 -17
-13 -21 17
-13 -20 -19
-13 -20 -18
-13 -20 18
-13 -20 19
-13 -19 -20
-13 -19 20
-13 -18 -20
-13 -18 20
-13 -17 -21
-13 -17 21
-13 -16 -22
-13 -16 22
-13 -15 -23
-13 -15 23
-13 -14 -23
-13 -14 23
-13 -13 -24
-13 -13 24
-13 -12 -24
-13 -12 24
-13 -11 -25
-13 -11 25
-13 -10 -25
-13 -10 25
-13 -9 -26
-13 -9 26
-13 -8 -26
-13 -8 26
-13 -7 -26
-13 -7 26
-13 -6 -26
-13 -6 26
-13 -5 -27
-13 -5 27
-13 -4 -27
-13 -4 27
-13 -3 -27
-13 -3 27
-13 -2 -27
-13 -2 27
-13 -1 -27
-13 -1 27
-13 0 -27
-13 0 27
-13 1 -27
-13 1 27
-13 2 -27
-13 2 27
-13 3 -27
-13 3 27
-13 4 -27
-13 4 27
-13 5 -27
-13 5 27
-13 6 -26
-13 6 26
-13 7 -26
-13 7 26
-13 8 -26
-13 8 26
-13 9 -26
-13 9 26
-13 10 -25
-13 10 25
-13 11 -25
-13 11 25
-13 12 -24
-13 12 24
-13 13 -24
-13 13 24
-13 14 -23
-13 14 23
-13 15 -23
-13 15 23
-13 16 -22
-13 16 22
-13 17 -21
-13 17 21
-13 18 -20
-13 18 20
-13 19 -20
-13 19 20
-13 20 -19
-13 20 -18
-13 20 18
-13 20 19
-13 21 -17
-13 21 17
-13 22 -16
-13 22 16
-13 23 -15
-13 23 -14
-13 23 14
-13 23 15
-13 24 -13
-13 24 -12
-13 24 12
-13 24 13
-13 25 -11
-13 25 -10
-13 25 10
-13 25 11
-13 26 -9
-13 26 -8
-13 26 -7
-13 26 -6
-13 26 6
-13 26 7
-13 26 8
-13 26 9
-13 27 -5
-13 27 -4
-13 27 -3
-13 27 -2
-13 27 -1
-13 27 0
-13 27 1
-13 27 2
-13 27 3
-13 27 4
-13 27 5
-12 -28 -1
-12 -28 0
-12 -28 1
-12 -27 -7
-12 -27 -6
-12 -27 -5
-12 -27 -4
-12 -27 -3
-12 -27 -2
-12 -27 2
-12 -27 3
-12 -27 4
-12 -27 5
-12 -27 6
-12 -27 7
-12 -26 -10
-12 -26 -9
-12 -26 -8
-12 -26 8
-12 -26 9
-12 -26 10
-12 -25 -12
-12 -25 -11
-12 -25 11
-12 -25 12
-12 -24 -14
-12 -24 -13
-12 -24 13
-12 -24 14
-12 -23 -16
-12 -23 -15
-12 -23 15
-12 -23 16
-12 -22 -17
-12 -22 17
-12 -21 -18
-12 -21 18
-12 -20 -19
-12 -20 19
-12 -19 -20
-12 -19 20
-12 -18 -21
-12 -18 21
-12 -17 -22
-12 -17 22
-12 -16 -23
-12 -16 23
-12 -15 -23
-12 -15 23
-12 -14 -24
-12 -14 24
-12 -13 -24
-12 -13 24
-12 -12 -25
-12 -12 25
-12 -11 -25
-12 -11 25
-12 -10 -26
-12 -10 26
-12 -9 -26
-12 -9 26
-12 -8 -26
-12 -8 26
-12 -7 -27
-12 -7 27
-12 -6 -27
-12 -6 27
-12 -5 -27
-12 -5 27
-12 -4 -27
-12 -4 27
-12 -3 -27
-12 -3 27
-12 -2 -27
-12 -2 27
-12 -1 -28
-12 -1 28
-12 0 -28
-12 0 28
-12 1 -28
-12 1 28
-12 2 -27
-12 2 27
-12 3 -27
-12 3 27
-12 4 -27
-12 4 27
-12 5 -27
-12 5 27
-12 6 -27
-12 6 27
-12 7 -27
-12 7 27
-12 8 -26
-12 8 26
-12 9 -26
-12 9 26
-12 10 -26
-12 10 26
-12 11 -25
-12 11 25
-12 12 -25
-12 12 25
-12 13 -24
-12 13 24
-12 14 -24
-12 14 24
-12 15 -23
-12 15 23
-12 16 -23
-12 16 23
-12 17 -22
-12 17 22
-12 18 -21
-12 18 21
-12 19 -20
-12 19 20
-12 20 -19
-12 20 19
-12 21 -18
-12 21 18
-12 22 -17
-12 22 17
-12 23 -16
-12 23 -15
-12 23 15
-12 23 16
-12 24 -14
-12 24 -13
-12 24 13
-12 24 14
-12 25 -12
-12 25 -11
-12 25 11
-12 25 12
-12 26 -10
-12 26 -9
-12 26 -8
-12 26 8
-12 26 9
-12 26 10
-12 27 -7
-12 27 -6
-12 27 -5
-12 27 -4
-12 27 -3
-12 27 -2
-12 27 2
-12 27 3
-12 27 4
-12 27 5
-12 27 6
-12 27 7
-12 28 -1
-12 28 0
-12 28 1
-11 -28 -5
-11 -28 -4
-11 -28 -3
-11 -28 -2
-11 -28 -1
-11 -28 0
-11 -28 1
-11 -28 2
-11 -28 3
-11 -28 4
-11 -28 5
-11 -27 -8
-11 -27 -7
-11 -27 -6
-11 -27 6
-11 -27 7
-11 -27 8
-11 -26 -11
-11 -26 -10
-11 -26 -9
-11 -26 9
-11 -26 10
-11 -26 11
-11 -25 -13
-11 -25 -12
-11 -25 12
-11 -25 13
-11 -24 -15
-11 -24 -14
-11 -24 14
-11 -24 15
-11 -23 -16
-11 -23 16
-11 -22 -18
-11 -22 -17
-11 -22 17
-11 -22 18
-11 -21 -19
-11 -21 19
-11 -20 -20
-11 -20 20
-11 -19 -21
-11 -19 21
-11 -18 -22
-11 -18 22
-11 -17 -22
-11 -17 22
-11 -16 -23
-11 -16 23
-11 -15 -24
-11 -15 24
-11 -14 -24
-11 -14 24
-11 -13 -25
-11 -13 25
-11 -12 -25
-11 -12 25
-11 -11 -26
-11 -11 26
-11 -10 -26
-11 -10 26
-11 -9 -26
-11 -9 26
-11 -8 -27
-11 -8 27
-11 -7 -27
-11 -7 27
-11 -6 -27
-11 -6 27
-11 -5 -28
-11 -5 28
-11 -4 -28
-11 -4 28
-11 -3 -28
-11 -3 28
-11 -2 -28
-11 -2 28
-11 -1 -28
-11 -1 28
-11 0 -28
-11 0 28
-11 1 -28
-11 1 28
-11 2 -28
-11 2 28
-11 3 -28
-11 3 28
-11 4 -28
-11 4 28
-11 5 -28
-11 5 28
-11 6 -27
-11 6 27
-11 7 -27
-11 7 27
-11 8 -27
-11 8 27
-11 9 -26
-11 9 26
-11 10 -26
-11 10 26
-11 11 -26
-11 11 26
-11 12 -25
-11 12 25
-11 13 -25
-11 13 25
-11 14 -24
-11 14 24
-11 15 -24
-11 15 24
-11 16 -23
-11 16 23
-11 17 -22
-11 17 22
-11 18 -22
-11 18 22
-11 19 -21
-11 19 21
-11 20 -20
-11 20 20
-11 21 -19
-11 21 19
-11 22 -18
-11 22 -17
-11 22 17
-11 22 18
-11 23 -16
-11 23 16
-11 24 -15
-11 24 -14
-11 24 14
-11 24 15
-11 25 -13
-11 25 -12
-11 25 12
-11 25 13
-11 26 -11
-11 26 -10
-11 26 -9
-11 26 9
-11 26 10
-11 26 11
-11 27 -8
-11 27 -7
-11 27 -6
-11 27 6
-11 27 7
-11 27 8
-11 28 -5
-11 28 -4
-11 28 -3
-11 28 -2
-11 28 -1
-11 28 0
-11 28 1
-11 28 2
-11 28 3
-11 28 4
-11 28 5
-10 -28 -6
-10 -28 -5
-10 -28 -4
-10 -28 -3
-10 -28 -2
-10 -28 -1
-10 -28 0
-10 -28 1
-10 -28 2
-10 -28 3
-10 -28 4
-10 -28 5
-10 -28 6
-10 -27 -10
-10 -27 -9
-10 -27 -8
-10 -27 -7
-10 -27 7
-10 -27 8
-10 -27 9
-10 -27 10
-10 -26 -12
-10 -26 -11
-10 -26 11
-10 -26 12
-10 -25 -14
-10 -25 -13
-10 -25 13
-10 -25 14
-10 -24 -15
-10 -24 15
-10 -23 -17
-10 -23 -16
-10 -23 16
-10 -23 17
-10 -22 -18
-10 -22 18
-10 -21 -19
-10 -21 19
-10 -20 -20
-10 -20 20
-10 -19 -21
-10 -19 21
-10 -18 -22
-10 -18 22
-10 -17 -23
-10 -17 23
-10 -16 -23
-10 -16 23
-10 -15 -24
-10 -15 24
-10 -14 -25
-10 -14 25
-10 -13 -25
-10 -13 25
-10 -12 -26
-10 -12 26
-10 -11 -26
-10 -11 26
-10 -10 -27
-10 -10 27
-10 -9 -27
-10 -9 27
-10 -8 -27
-10 -8 27
-10 -7 -27
-10 -7 27
-10 -6 -28
-10 -6 28
-10 -5 -28
-10 -5 28
-10 -4 -28
-10 -4 28
-10 -3 -28
-10 -3 28
-10 -2 -28
-10 -2 28
-10 -1 -28
-10 -1 28
-10 0 -28
-10 0 28
-10 1 -28
-10 1 28
-10 2 -28
-10 2 28
-10 3 -28
-10 3 28
-10 4 -28
-10 4 28
-10 5 -28
-10 5 28
-10 6 -28
-10 6 28
-10 7 -27
-10 7 27
-10 8 -27
-10 8 27
-10 9 -27
-10 9 27
-10 10 -27
-10 10 27
-10 11 -26
-10 11 26
-10 12 -26
-10 12 26
-10 13 -25
-10 13 25
-10 14 -25
-10 14 25
-10 15 -24
-10 15 24
-10 16 -23
-10 16 23
-10 17 -23
-10 17 23
-10 18 -22
-10 18 22
-10 19 -21
-10 19 21
-10 20 -20
-10 20 20
-10 21 -19
-10 21 19
-10 22 -18
-10 22 18
-10 23 -17
-10 23 -16
-10 23 16
-10 23 17
-10 24 -15
-10 24 15
-10 25 -14
-10 25 -13
-10 25 13
-10 25 14
-10 26 -12
-10 26 -11
-10 26 11
-10 26 12
-10 27 -10
-10 27 -9
-10 27 -8
-10 27 -7
-10 27 7
-10 27 8
-10 27 9
-10 27 10
-10 28 -6
-10 28 -5
-10 28 -4
-10 28 -3
-10 28 -2
-10 28 -1
-10 28 0
-10 28 1
-10 28 2
-10 28 3
-10 28 4
-10 28 5
-10 28 6
-9 -29 -2
-9 -29 -1
-9 -29 0
-9 -29 1
-9 -29 2
-9 -28 -8
-9 -28 -7
-9 -28 -6
-9 -28 -5
-9 -28 -4
-9 -28 -3
-9 -28 3
-9 -28 4
-9 -28 5
-9 -28 6
-9 -28 7
-9 -28 8
-9 -27 -10
-9 -27 -9
-9 -27 9
-9 -27 10
-9 -26 -13
-9 -26 -12
-9 -26 -11
-9 -26 11
-9 -26 12
-9 -26 13
-9 -25 -14
-9 -25 14
-9 -24 -16
-9 -24 -15
-9 -24 15
-9 -24 16
-9 -23 -17
-9 -23 17
-9 -22 -19
-9 -22 -18
-9 -22 18
-9 -22 19
-9 -21 -20
-9 -21 20
-9 -20 -21
-9 -20 21
-9 -19 -22
-9 -19 22
-9 -18 -22
-9 -18 22
-9 -17 -23
-9 -17 23
-9 -16 -24
-9 -16 24
-9 -15 -24
-9 -15 24
-9 -14 -25
-9 -14 25
-9 -13 -26
-9 -13 26
-9 -12 -26
-9 -12 26
-9 -11 -26
-9 -11 26
-9 -10 -27
-9 -10 27
-9 -9 -27
-9 -9 27
-9 -8 -28
-9 -8 28
-9 -7 -28
-9 -7 28
-9 -6 -28
-9 -6 28
-9 -5 -28
-9 -5 28
-9 -4 -28
-9 -4 28
-9 -3 -28
-9 -3 28
-9 -2 -29
-9 -2 29
-9 -1 -29
-9 -1 29
-9 0 -29
-9 0 29
-9 1 -29
-9 1 29
-9 2 -29
-9 2 29
-9 3 -28
-9 3 28
-9 4 -28
-9 4 28
-9 5 -28
-9 5 28
-9 6 -28
-9 6 28
-9 7 -28
-9 7 28
-9 8 -28
-9 8 28
-9 9 -27
-9 9 27
-9 10 -27
-9 10 27
-9 11 -26
-9 11 26
-9 12 -26
-9 12 26
-9 13 -26
-9 13 26
-9 14 -25
-9 14 25
-9 15 -24
-9 15 24
-9 16 -24
-9 16 24
-9 17 -23
-9 17 23
-9 18 -22
-9 18 22
-9 19 -22
-9 19 22
-9 20 -21
-9 20 21
-9 21 -20
-9 21 20
-9 22 -19
-9 22 -18
-9 22 18
-9 22 19
-9 23 -17
-9 23 17
-9 24 -16
-9 24 -15
-9 24 15
-9 24 16
-9 25 -14
-9 25 14
-9 26 -13
-9 26 -12
-9 26 -11
-9 26 11
-9 26 12
-9 26 13
-9 27 -10
-9 27 -9
-9 27 9
-9 27 10
-9 28 -8
-9 28 -7
-9 28 -6
-9 28 -5
-9 28 -4
-9 28 -3
-9 28 3
-9 28 4
-9 28 5
-9 28 6
-9 28 7
-9 28 8
-9 29 -2
-9 29 -1
-9 29 0
-9 29 1
-9 29 2
-8 -29 -5
-8 -29 -4
-8 -29 -3
-8 -29 -2
-8 -29 -1
-8 -29 0
-8 -29 1
-8 -29 2
-8 -29 3
-8 -29 4
-8 -29 5
-8 -28 -9
-8 -28 -8
-8 -28 -7
-8 -28 -6
-8 -28 6
-8 -28 7
-8 -28 8
-8 -28 9
-8 -27 -11
-8 -27 -10
-8 -27 10
-8 -27 11
-8 -26 -13
-8 -26 -12
-8 -26 12
-8 -26 13
-8 -25 -15
-8 -25 -14
-8 -25 14
-8 -25 15
-8 -24 -17
-8 -24 -16
-8 -24 16
-8 -24 17
-8 -23 -18
-8 -23 18
-8 -22 -19
-8 -22 19
-8 -21 -20
-8 -21 20
-8 -20 -21
-8 -20 21
-8 -19 -22
-8 -19 22
-8 -18 -23
-8 -18 23
-8 -17 -24
-8 -17 24
-8 -16 -24
-8 -16 24
-8 -15 -25
-8 -15 25
-8 -14 -25
-8 -14 25
-8 -13 -26
-8 -13 26
-8 -12 -26
-8 -12 26
-8 -11 -27
-8 -11 27
-8 -10 -27
-8 -10 27
-8 -9 -28
-8 -9 28
-8 -8 -28
-8 -8 28
-8 -7 -28
-8 -7 28
-8 -6 -28
-8 -6 28
-8 -5 -29
-8 -5 29
-8 -4 -29
-8 -4 29
-8 -3 -29
-8 -3 29
-8 -2 -29
-8 -2 29
-8 -1 -29
-8 -1 29
-8 0 -29
-8 0 29
-8 1 -29
-8 1 29
-8 2 -29
-8 2 29
-8 3 -29
-8 3 29
-8 4 -29
-8 4 29
-8 5 -29
-8 5 29
-8 6 -28
-8 6 28
-8 7 -28
-8 7 28
-8 8 -28
-8 8 28
-8 9 -28
-8 9 28
-8 10 -27
-8 10 27
-8 11 -27
-8 11 27
-8 12 -26
-8 12 26
-8 13 -26
-8 13 26
-8 14 -25
-8 14 25
-8 15 -25
-8 15 25
-8 16 -24
-8 16 24
-8 17 -24
-8 17 24
-8 18 -23
-8 18 23
-8 19 -22
-8 19 22
-8 20 -21
-8 20 21
-8 21 -20
-8 21 20
-8 22 -19
-8 22 19
-8 23 -18
-8 23 18
-8 24 -17
-8 24 -16
-8 24 16
-8 24 17
-8 25 -15
-8 25 -14
-8 25 14
-8 25 15
-8 26 -13
-8 26 -12
-8 26 12
-8 26 13
-8 27 -11
-8 27 -10
-8 27 10
-8 27 11
-8 28 -9
-8 28 -8
-8 28 -7
-8 28 -6
-8 28 6
-8 28 7
-8 28 8
-8 28 9
-8 29 -5
-8 29 -4
-8 29 -3
-8 29 -2
-8 29 -1
-8 29 0
-8 29 1
-8 29 2
-8 29 3
-8 29 4
-8 29 5
-7 -29 -6
-7 -29 -5
-7 -29 -4
-7 -29 -3
-7 -29 -2
-7 -29 -1
-7 -29 0
-7 -29 1
-7 -29 2
-7 -29 3
-7 -29 4
-7 -29 5
-7 -29 6
-7 -28 -9
-7 -28 -8
-7 -28 -7
-7 -28 7
-7 -28 8
-7 -28 9
-7 -27 -12
-7 -27 -11
-7 -27 -10
-7 -27 10
-7 -27 11
-7 -27 12
-7 -26 -14
-7 -26 -13
-7 -26 13
-7 -26 14
-7 -25 -16
-7 -25 -15
-7 -25 15
-7 -25 16
-7 -24 -17
-7 -24 17
-7 -23 -18
-7 -23 18
-7 -22 -19
-7 -22 19
-7 -21 -20
-7 -21 20
-7 -20 -21
-7 -20 21
-7 -19 -22
-7 -19 22
-7 -18 -23
-7 -18 23
-7 -17 -24
-7 -17 24
-7 -16 -25
-7 -16 25
-7 -15 -25
-7 -15 25
-7 -14 -26
-7 -14 26
-7 -13 -26
-7 -13 26
-7 -12 -27
-7 -12 27
-7 -11 -27
-7 -11 27
-7 -10 -27
-7 -10 27
-7 -9 -28
-7 -9 28
-7 -8 -28
-7 -8 28
-7 -7 -28
-7 -7 28
-7 -6 -29
-7 -6 29
-7 -5 -29
-7 -5 29
-7 -4 -29
-7 -4 29
-7 -3 -29
-7 -3 29
-7 -2 -29
-7 -2 29
-7 -1 -29
-7 -1 29
-7 0 -29
-7 0 29
-7 1 -29
-7 1 29
-7 2 -29
-7 2 29
-7 3 -29
-7 3 29
-7 4 -29
-7 4 29
-7 5 -29
-7 5 29
-7 6 -29
-7 6 29
-7 7 -28
-7 7 28
-7 8 -28
-7 8 28
-7 9 -28
-7 9 28
-7 10 -27
-7 10 27
-7 11 -27
-7 11 27
-7 12 -27
-7 12 27
-7 13 -26
-7 13 26
-7 14 -26
-7 14 26
-7 15 -25
-7 15 25
-7 16 -25
-7 16 25
-7 17 -24
-7 17 24
-7 18 -23
-7 18 23
-7 19 -22
-7 19 22
-7 20 -21
-7 20 21
-7 21 -20
-7 21 20
-7 22 -19
-7 22 19
-7 23 -18
-7 23 18
-7 24 -17
-7 24 17
-7 25 -16
-7 25 -15
-7 25 15
-7 25 16
-7 26 -14
-7 26 -13
-7 26 13
-7 26 14
-7 27 -12
-7 27 -11
-7 27 -10
-7 27 10
-7 27 11
-7 27 12
-7 28 -9
-7 28 -8
-7 28 -7
-7 28 7
-7 28 8
-7 28 9
-7 29 -6
-7 29 -5
-7 29 -4
-7 29 -3
-7 29 -2
-7 29 -1
-7 29 0
-7 29 1
-7 29 2
-7 29 3
-7 29 4
-7 29 5
-7 29 6
-6 -29 -7
-6 -29 -6
-6 -29 -5
-6 -29 -4
-6 -29 -3
-6 -29 -2
-6 -29 -1
-6 -29 0
-6 -29 1
-6 -29 2
-6 -29 3
-6 -29 4
-6 -29 5
-6 -29 6
-6 -29 7
-6 -28 -10
-6 -28 -9
-6 -28 -8
-6 -28 8
-6 -28 9
-6 -28 10
-6 -27 -12
-6 -27 -11
-6 -27 11
-6 -27 12
-6 -26 -14
-6 -26 -13
-6 -26 13
-6 -26 14
-6 -25 -16
-6 -25 -15
-6 -25 15
-6 -25 16
-6 -24 -17
-6 -24 17
-6 -23 -19
-6 -23 -18
-6 -23 18
-6 -23 19
-6 -22 -20
-6 -22 20
-6 -21 -21
-6 -21 21
-6 -20 -22
-6 -20 22
-6 -19 -23
-6 -19 23
-6 -18 -23
-6 -18 23
-6 -17 -24
-6 -17 24
-6 -16 -25
-6 -16 25
-6 -15 -25
-6 -15 25
-6 -14 -26
-6 -14 26
-6 -13 -26
-6 -13 26
-6 -12 -27
-6 -12 27
-6 -11 -27
-6 -11 27
-6 -10 -28
-6 -10 28
-6 -9 -28
-6 -9 28
-6 -8 -28
-6 -8 28
-6 -7 -29
-6 -7 29
-6 -6 -29
-6 -6 29
-6 -5 -29
-6 -5 29
-6 -4 -29
-6 -4 29
-6 -3 -29
-6 -3 29
-6 -2 -29
-6 -2 29
-6 -1 -29
-6 -1 29
-6 0 -29
-6 0 29
-6 1 -29
-6 1 29
-6 2 -29
-6 2 29
-6 3 -29
-6 3 29
-6 4 -29
-6 4 29
-6 5 -29
-6 5 29
-6 6 -29
-6 6 29
-6 7 -29
-6 7 29
-6 8 -28
-6 8 28
-6 9 -28
-6 9 28
-6 10 -28
-6 10 28
-6 11 -27
-6 11 27
-6 12 -27
-6 12 27
-6 13 -26
-6 13 26
-6 14 -26
-6 14 26
-6 15 -25
-6 15 25
-6 16 -25
-6 16 25
-6 17 -24
-6 17 24
-6 18 -23
-6 18 23
-6 19 -23
-6 19 23
-6 20 -22
-6 20 22
-6 21 -21
-6 21 21
-6 22 -20
-6 22 20
-6 23 -19
-6 23 -18
-6 23 18
-6 23 19
-6 24 -17
-6 24 17
-6 25 -16
-6 25 -15
-6 25 15
-6 25 16
-6 26 -14
-6 26 -13
-6 26 13
-6 26 14
-6 27 -12
-6 27 -11
-6 27 11
-6 27 12
-6 28 -10
-6 28 -9
-6 28 -8
-6 28 8
-6 28 9
-6 28 10
-6 29 -7
-6 29 -6
-6 29 -5
-6 29 -4
-6 29 -3
-6 29 -2
-6 29 -1
-6 29 0
-6 29 1
-6 29 2
-6 29 3
-6 29 4
-6 29 5
-6 29 6
-6 29 7
-5 -30 -2
-5 -30 -1
-5 -30 0
-5 -30 1
-5 -30 2
-5 -29 -8
-5 -29 -7
-5 -29 -6
-5 -29 -5
-5 -29 -4
-5 -29 -3
-5 -29 3
-5 -29 4
-5 -29 5
-5 -29 6
-5 -29 7
-5 -29 8
-5 -28 -11
-5 -28 -10
-5 -28 -9
-5 -28 9
-5 -28 10
-5 -28 11
-5 -27 -13
-5 -27 -12
-5 -27 12
-5 -27 13
-5 -26 -15
-5 -26 -14
-5 -26 14
-5 -26 15
-5 -25 -16
-5 -25 16
-5 -24 -18
-5 -24 -17
-5 -24 17
-5 -24 18
-5 -23 -19
-5 -23 19
-5 -22 -20
-5 -22 20
-5 -21 -21
-5 -21 21
-5 -20 -22
-5 -20 22
-5 -19 -23
-5 -19 23
-5 -18 -24
-5 -18 24
-5 -17 -24
-5 -17 24
-5 -16 -25
-5 -16 25
-5 -15 -26
-5 -15 26
-5 -14 -26
-5 -14 26
-5 -13 -27
-5 -13 27
-5 -12 -27
-5 -12 27
-5 -11 -28
-5 -11 28
-5 -10 -28
-5 -10 28
-5 -9 -28
-5 -9 28
-5 -8 -29
-5 -8 29
-5 -7 -29
-5 -7 29
-5 -6 -29
-5 -6 29
-5 -5 -29
-5 -5 29
-5 -4 -29
-5 -4 29
-5 -3 -29
-5 -3 29
-5 -2 -30
-5 -2 30
-5 -1 -30
-5 -1 30
-5 0 -30
-5 0 30
-5 1 -30
-5 1 30
-5 2 -30
-5 2 30
-5 3 -29
-5 3 29
-5 4 -29
-5 4 29
-5 5 -29
-5 5 29
-5 6 -29
-5 6 29
-5 7 -29
-5 7 29
-5 8 -29
-5 8 29
-5 9 -28
-5 9 28
-5 10 -28
-5 10 28
-5 11 -28
-5 11 28
-5 12 -27
-5 12 27
-5 13 -27
-5 13 27
-5 14 -26
-5 14 26
-5 15 -26
-5 15 26
-5 16 -25
-5 16 25
-5 17 -24
-5 17 24
-5 18 -24
-5 18 24
-5 19 -23
-5 19 23
-5 20 -22
-5 20 22
-5 21 -21
-5 21 21
-5 22 -20
-5 22 20
-5 23 -19
-5 23 19
-5 24 -18
-5 24 -17
-5 24 17
-5 24 18
-5 25 -16
-5 25 16
-5 26 -15
-5 26 -14
-5 26 14
-5 26 15
-5 27 -13
-5 27 -12
-5 27 12
-5 27 13
-5 28 -11
-5 28 -10
-5 28 -9
-5 28 9
-5 28 10
-5 28 11
-5 29 -8
-5 29 -7
-5 29 -6
-5 29 -5
-5 29 -4
-5 29 -3
-5 29 3
-5 29 4
-5 29 5
-5 29 6
-5 29 7
-5 29 8
-5 30 -2
-5 30 -1
-5 30 0
-5 30 1
-5 30 2
-4 -30 -3
-4 -30 -2
-4 -30 -1
-4 -30 0
-4 -30 1
-4 -30 2
-4 -30 3
-4 -29 -8
-4 -29 -7
-4 -29 -6
-4 -29 -5
-4 -29 -4
-4 -29 4
-4 -29 5
-4 -29 6
-4 -29 7
-4 -29 8
-4 -28 -11
-4 -28 -10
-4 -28 -9
-4 -28 9
-4 -28 10
-4 -28 11
-4 -27 -13
-4 -27 -12
-4 -27 12
-4 -27 13
-4 -26 -15
-4 -26 -14
-4 -26 14
-4 -26 15
-4 -25 -17
-4 -25 -16
-4 -25 16
-4 -25 17
-4 -24 -18
-4 -24 18
-4 -23 -19
-4 -23 19
-4 -22 -20
-4 -22 20
-4 -21 -21
-4 -21 21
-4 -20 -22
-4 -20 22
-4 -19 -23
-4 -19 23
-4 -18 -24
-4 -18 24
-4 -17 -25
-4 -17 25
-4 -16 -25
-4 -16 25
-4 -15 -26
-4 -15 26
-4 -14 -26
-4 -14 26
-4 -13 -27
-4 -13 27
-4 -12 -27
-4 -12 27
-4 -11 -28
-4 -11 28
-4 -10 -28
-4 -10 28
-4 -9 -28
-4 -9 28
-4 -8 -29
-4 -8 29
-4 -7 -29
-4 -7 29
-4 -6 -29
-4 -6 29
-4 -5 -29
-4 -5 29
-4 -4 -29
-4 -4 29
-4 -3 -30
-4 -3 30
-4 -2 -30
-4 -2 30
-4 -1 -30
-4 -1 30
-4 0 -30
-4 0 30
-4 1 -30
-4 1 30
-4 2 -30
-4 2 30
-4 3 -30
-4 3 30
-4 4 -29
-4 4 29
-4 5 -29
-4 5 29
-4 6 -29
-4 6 29
-4 7 -29
-4 7 29
-4 8 -29
-4 8 29
-4 9 -28
-4 9 28
-4 10 -28
-4 10 28
-4 11 -28
-4 11 28
-4 12 -27
-4 12 27
-4 13 -27
-4 13 27
-4 14 -26
-4 14 26
-4 15 -26
-4 15 26
-4 16 -25
-4 16 25
-4 17 -25
-4 17 25
-4 18 -24
-4 18 24
-4 19 -23
-4 19 23
-4 20 -22
-4 20 22
-4 21 -21
-4 21 21
-4 22 -20
-4 22 20
-4 23 -19
-4 23 19
-4 24 -18
-4 24 18
-4 25 -17
-4 25 -16
-4 25 16
-4 25 17
-4 26 -15
-4 26 -14
-4 26 14
-4 26 15
-4 27 -13
-4 27 -12
-4 27 12
-4 27 13
-4 28 -11
-4 28 -10
-4 28 -9
-4 28 9
-4 28 10
-4 28 11
-4 29 -8
-4 29 -7
-4 29 -6
-4 29 -5
-4 29 -4
-4 29 4
-4 29 5
-4 29 6
-4 29 7
-4 29 8
-4 30 -3
-4 30 -2
-4 30 -1
-4 30 0
-4 30 1
-4 30 2
-4 30 3
-3 -30 -4
-3 -30 -3
-3 -30 -2
-3 -30 -1
-3 -30 0
-3 -30 1
-3 -30 2
-3 -30 3
-3 -30 4
-3 -29 -8
-3 -29 -7
-3 -29 -6
-3 -29 -5
-3 -29 5
-3 -29 6
-3 -29 7
-3 -29 8
-3 -28 -11
-3 -28 -10
-3 -28 -9
-3 -28 9
-3 -28 10
-3 -28 11
-3 -27 -13
-3 -27 -12
-3 -27 12
-3 -27 13
-3 -26 -15
-3 -26 -14
-3 -26 14
-3 -26 15
-3 -25 -17
-3 -25 -16
-3 -25 16
-3 -25 17
-3 -24 -18
-3 -24 18
-3 -23 -19
-3 -23 19
-3 -22 -20
-3 -22 20
-3 -21 -21
-3 -21 21
-3 -20 -22
-3 -20 22
-3 -19 -23
-3 -19 23
-3 -18 -24
-3 -18 24
-3 -17 -25
-3 -17 25
-3 -16 -25
-3 -16 25
-3 -15 -26
-3 -15 26
-3 -14 -26
-3 -14 26
-3 -13 -27
-3 -13 27
-3 -12 -27
-3 -12 27
-3 -11 -28
-3 -11 28
-3 -10 -28
-3 -10 28
-3 -9 -28
-3 -9 28
-3 -8 -29
-3 -8 29
-3 -7 -29
-3 -7 29
-3 -6 -29
-3 -6 29
-3 -5 -29
-3 -5 29
-3 -4 -30
-3 -4 30
-3 -3 -30
-3 -3 30
-3 -2 -30
-3 -2 30
-3 -1 -30
-3 -1 30
-3 0 -30
-3 0 30
-3 1 -30
-3 1 30
-3 2 -30
-3 2 30
-3 3 -30
-3 3 30
-3 4 -30
-3 4 30
-3 5 -29
-3 5 29
-3 6 -29
-3 6 29
-3 7 -29
-3 7 29
-3 8 -29
-3 8 29
-3 9 -28
-3 9 28
-3 10 -28
-3 10 28
-3 11 -28
-3 11 28
-3 12 -27
-3 12 27
-3 13 -27
-3 13 27
-3 14 -26
-3 14 26
-3 15 -26
-3 15 26
-3 16 -25
-3 16 25
-3 17 -25
-3 17 25
-3 18 -24
-3 18 24
-3 19 -23
-3 19 23
-3 20 -22
-3 20 22
-3 21 -21
-3 21 21
-3 22 -20
-3 22 20
-3 23 -19
-3 23 19
-3 24 -18
-3 24 18
-3 25 -17
-3 25 -16
-3 25 16
-3 25 17
-3 26 -15
-3 26 -14
-3 26 14
-3 26 15
-3 27 -13
-3 27 -12
-3 27 12
-3 27 13
-3 28 -11
-3 28 -10
-3 28 -9
-3 28 9
-3 28 10
-3 28 11
-3 29 -8
-3 29 -7
-3 29 -6
-3 29 -5
-3 29 5
-3 29 6
-3 29 7
-3 29 8
-3 30 -4
-3 30 -3
-3 30 -2
-3 30 -1
-3 30 0
-3 30 1
-3 30 2
-3 30 3
-3 30 4
-2 -30 -5
-2 -30 -4
-2 -30 -3
-2 -30 -2
-2 -30 -1
-2 -30 0
-2 -30 1
-2 -30 2
-2 -30 3
-2 -30 4
-2 -30 5
-2 -29 -9
-2 -29 -8
-2 -29 -7
-2 -29 -6
-2 -29 6
-2 -29 7
-2 -29 8
-2 -29 9
-2 -28 -11
-2 -28 -10
-2 -28 10
-2 -28 11
-2 -27 -14
-2 -27 -13
-2 -27 -12
-2 -27 12
-2 -27 13
-2 -27 14
-2 -26 -15
-2 -26 15
-2 -25 -17
-2 -25 -16
-2 -25 16
-2 -25 17
-2 -24 -18
-2 -24 18
-2 -23 -19
-2 -23 19
-2 -22 -21
-2 -22 -20
-2 -22 20
-2 -22 21
-2 -21 -22
-2 -21 22
-2 -20 -22
-2 -20 22
-2 -19 -23
-2 -19 23
-2 -18 -24
-2 -18 24
-2 -17 -25
-2 -17 25
-2 -16 -25
-2 -16 25
-2 -15 -26
-2 -15 26
-2 -14 -27
-2 -14 27
-2 -13 -27
-2 -13 27
-2 -12 -27
-2 -12 27
-2 -11 -28
-2 -11 28
-2 -10 -28
-2 -10 28
-2 -9 -29
-2 -9 29
-2 -8 -29
-2 -8 29
-2 -7 -29
-2 -7 29
-2 -6 -29
-2 -6 29
-2 -5 -30
-2 -5 30
-2 -4 -30
-2 -4 30
-2 -3 -30
-2 -3 30
-2 -2 -30
-2 -2 30
-2 -1 -30
-2 -1 30
-2 0 -30
-2 0 30
-2 1 -30
-2 1 30
-2 2 -30
-2 2 30
-2 3 -30
-2 3 30
-2 4 -30
-2 4 30
-2 5 -30
-2 5 30
-2 6 -29
-2 6 29
-2 7 -29
-2 7 29
-2 8 -29
-2 8 29
-2 9 -29
-2 9 29
-2 10 -28
-2 10 28
-2 11 -28
-2 11 28
-2 12 -27
-2 12 27
-2 13 -27
-2 13 27
-2 14 -27
-2 14 27
-2 15 -26
-2 15 26
-2 16 -25
-2 16 25
-2 17 -25
-2 17 25
-2 18 -24
-2 18 24
-2 19 -23
-2 19 23
-2 20 -22
-2 20 22
-2 21 -22
-2 21 22
-2 22 -21
-2 22 -20
-2 22 20
-2 22 21
-2 23 -19
-2 23 19
-2 24 -18
-2 24 18
-2 25 -17
-2 25 -16
-2 25 16
-2 25 17
-2 26 -15
-2 26 15
-2 27 -14
-2 27 -13
-2 27 -12
-2 27 12
-2 27 13
-2 27 14
-2 28 -11
-2 28 -10
-2 28 10
-2 28 11
-2 29 -9
-2 29 -8
-2 29 -7
-2 29 -6
-2 29 6
-2 29 7
-2 29 8
-2 29 9
-2 30 -5
-2 30 -4
-2 30 -3
-2 30 -2
-2 30 -1
-2 30 0
-2 30 1
-2 30 2
-2 30 3
-2 30 4
-2 30 5
-1 -30 -5
-1 -30 -4
-1 -30 -3
-1 -30 -2
-1 -30 -1
-1 -30 0
-1 -30 1
-1 -30 2
-1 -30 3
-1 -30 4
-1 -30 5
-1 -29 -9
-1 -29 -8
-1 -29 -7
-1 -29 -6
-1 -29 6
-1 -29 7
-1 -29 8
-1 -29 9
-1 -28 -12
-1 -28 -11
-1 -28 -10
-1 -28 10
-1 -28 11
-1 -28 12
-1 -27 -14
-1 -27 -13
-1 -27 13
-1 -27 14
-1 -26 -15
-1 -26 15
-1 -25 -17
-1 -25 -16
-1 -25 16
-1 -25 17
-1 -24 -18
-1 -24 18
-1 -23 -20
-1 -23 -19
-1 -23 19
-1 -23 20
-1 -22 -21
-1 -22 21
-1 -21 -22
-1 -21 22
-1 -20 -23
-1 -20 23
-1 -19 -23
-1 -19 23
-1 -18 -24
-1 -18 24
-1 -17 -25
-1 -17 25
-1 -16 -25
-1 -16 25
-1 -15 -26
-1 -15 26
-1 -14 -27
-1 -14 27
-1 -13 -27
-1 -13 27
-1 -12 -28
-1 -12 28
-1 -11 -28
-1 -11 28
-1 -10 -28
-1 -10 28
-1 -9 -29
-1 -9 29
-1 -8 -29
-1 -8 29
-1 -7 -29
-1 -7 29
-1 -6 -29
-1 -6 29
-1 -5 -30
-1 -5 30
-1 -4 -30
-1 -4 30
-1 -3 -30
-1 -3 30
-1 -2 -30
-1 -2 30
-1 -1 -30
-1 -1 30
-1 0 -30
-1 0 30
-1 1 -30
-1 1 30
-1 2 -30
-1 2 30
-1 3 -30
-1 3 30
-1 4 -30
-1 4 30
-1 5 -30
-1 5 30
-1 6 -29
-1 6 29
-1 7 -29
-1 7 29
-1 8 -29
-1 8 29
-1 9 -29
-1 9 29
-1 10 -28
-1 10 28
-1 11 -28
-1 11 28
-1 12 -28
-1 12 28
-1 13 -27
-1 13 27
-1 14 -27
-1 14 27
-1 15 -26
-1 15 26
-1 16 -25
-1 16 25
-1 17 -25
-1 17 25
-1 18 -24
-1 18 24
-1 19 -23
-1 19 23
-1 20 -23
-1 20 23
-1 21 -22
-1 21 22
-1 22 -21
-1 22 21
-1 23 -20
-1 23 -19
-1 23 19
-1 23 20
-1 24 -18
-1 24 18
-1 25 -17
-1 25 -16
-1 25 16
-1 25 17
-1 26 -15
-1 26 15
-1 27 -14
-1 27 -13
-1 27 13
-1 27 14
-1 28 -12
-1 28 -11
-1 28 -10
-1 28 10
-1 28 11
-1 28 12
-1 29 -9
-1 29 -8
-1 29 -7
-1 29 -6
-1 29 6
-1 29 7
-1 29 8
-1 29 9
-1 30 -5
-1 30 -4
-1 30 -3
-1 30 -2
-1 30 -1
-1 30 0
-1 30 1
-1 30 2
-1 30 3
-1 30 4
-1 30 5
0 -30 -5
0 -30 -4
0 -30 -3
0 -30 -2
0 -30 -1
0 -30 0
0 -30 1
0 -30 2
0 -30 3
0 -30 4
0 -30 5
0 -29 -9
0 -29 -8
0 -29 -7
0 -29 -6
0 -29 6
0 -29 7
0 -29 8
0 -29 9
0 -28 -12
0 -28 -11
0 -28 -10
0 -28 10
0 -28 11
0 -28 12
0 -27 -14
0 -27 -13
0 -27 13
0 -27 14
0 -26 -15
0 -26 15
0 -25 -17
0 -25 -16
0 -25 16
0 -25 17
0 -24 -18
0 -24 18
0 -23 -20
0 -23 -19
0 -23 19
0 -23 20
0 -22 -21
0 -22 21
0 -21 -22
0 -21 22
0 -20 -23
0 -20 23
0 -19 -23
0 -19 23
0 -18 -24
0 -18 24
0 -17 -25
0 -17 25
0 -16 -25
0 -16 25
0 -15 -26
0 -15 26
0 -14 -27
0 -14 27
0 -13 -27
0 -13 27
0 -12 -28
0 -12 28
0 -11 -28
0 -11 28
0 -10 -28
0 -10 28
0 -9 -29
0 -9 29
0 -8 -29
0 -8 29
0 -7 -29
0 -7 29
0 -6 -29
0 -6 29
0 -5 -30
0 -5 30
0 -4 -30
0 -4 30
0 -3 -30
0 -3 30
0 -2 -30
0 -2 30
0 -1 -30
0 -1 30
0 0 -30
0 0 30
0 1 -30
0 1 30
0 2 -30
0 2 30
0 3 -30
0 3 30
0 4 -30
0 4 30
0 5 -30
0 5 30
0 6 -29
0 6 29
0 7 -29
0 7 29
0 8 -29
0 8 29
0 9 -29
0 9 29
0 10 -28
0 10 28
0 11 -28
0 11 28
0 12 -28
0 12 28
0 13 -27
0 13 27
0 14 -27
0 14 27
0 15 -26
0 15 26
0 16 -25
0 16 25
0 17 -25
0 17 25
0 18 -24
0 18 24
0 19 -23
0 19 23
0 20 -23
0 20 23
0 21 -22
0 21 22
0 22 -21
0 22 21
0 23 -20
0 23 -19
0 23 19
0 23 20
0 24 -18
0 24 18
0 25 -17
0 25 -16
0 25 16
0 25 17
0 26 -15
0 26 15
0 27 -14
0 27 -13
0 27 13
0 27 14
0 28 -12
0 28 -11
0 28 -10
0 28 10
0 28 11
0 28 12
0 29 -9
0 29 -8
0 29 -7
0 29 -6
0 29 6
0 29 7
0 29 8
0 29 9
0 30 -5
0 30 -4
0 30 -3
0 30 -2
0 30 -1
0 30 0
0 30 1
0 30 2
0 30 3
0 30 4
0 30 5
1 -30 -5
1 -30 -4
1 -30 -3
1 -30 -2
1 -30 -1
1 -30 0
1 -30 1
1 -30 2
1 -30 3
1 -30 4
1 -30 5
1 -29 -9
1 -29 -8
1 -29 -7
1 -29 -6
1 -29 6
1 -29 7
1 -29 8
1 -29 9
1 -28 -12
1 -28 -11
1 -28 -10
1 -28 10
1 -28 11
1 -28 12
1 -27 -14
1 -27 -13
1 -27 13
1 -27 14
1 -26 -15
1 -26 15
1 -25 -17
1 -25 -16
1 -25 16
1 -25 17
1 -24 -18
1 -24 18
1 -23 -20
1 -23 -19
1 -23 19
1 -23 20
1 -22 -21
1 -22 21
1 -21 -22
1 -21 22
1 -20 -23
1 -20 23
1 -19 -23
1 -19 23
1 -18 -24
1 -18 24
1 -17 -25
1 -17 25
1 -16 -25
1 -16 25
1 -15 -26
1 -15 26
1 -14 -27
1 -14 27
1 -13 -27
1 -13 27
1 -12 -28
1 -12 28
1 -11 -28
1 -11 28
1 -10 -28
1 -10 28
1 -9 -29
1 -9 29
1 -8 -29
1 -8 29
1 -7 -29
1 -7 29
1 -6 -29
1 -6 29
1 -5 -30
1 -5 30
1 -4 -30
1 -4 30
1 -3 -30
1 -3 30
1 -2 -30
1 -2 30
1 -1 -30
1 -1 30
1 0 -30
1 0 30
1 1 -30
1 1 30
1 2 -30
1 2 30
1 3 -30
1 3 30
1 4 -30
1 4 30
1 5 -30
1 5 30
1 6 -29
1 6 29
1 7 -29
1 7 29
1 8 -29
1 8 29
1 9 -29
1 9 29
1 10 -28
1 10 28
1 11 -28
1 11 28
1 12 -28
1 12 28
1 13 -27
1 13 27
1 14 -27
1 14 27
1 15 -26
1 15 26
1 16 -25
1 16 25
1 17 -25
1 17 25
1 18 -24
1 18 24
1 19 -23
1 19 23
1 20 -23
1 20 23
1 21 -22
1 21 22
1 22 -21
1 22 21
1 23 -20
1 23 -19
1 23 19
1 23 20
1 24 -18
1 24 18
1 25 -17
1 25 -16
1 25 16
1 25 17
1 26 -15
1 26 15
1 27 -14
1 27 -13
1 27 13
1 27 14
1 28 -12
1 28 -11
1 28 -10
1 28 10
1 28 11
1 28 12
1 29 -9
1 29 -8
1 29 -7
1 29 -6
1 29 6
1 29 7
1 29 8
1 29 9
1 30 -5
1 30 -4
1 30 -3
1 30 -2
1 30 -1
1 30 0
1 30 1
1 30 2
1 30 3
1 30 4
1 30 5
2 -30 -5
2 -30 -4
2 -30 -3
2 -30 -2
2 -30 -1
2 -30 0
2 -30 1
2 -30 2
2 -30 3
2 -30 4
2 -30 5
2 -29 -9
2 -29 -8
2 -29 -7
2 -29 -6
2 -29 6
2 -29 7
2 -29 8
2 -29 9
2 -28 -11
2 -28 -10
2 -28 10
2 -28 11
2 -27 -14
2 -27 -13
2 -27 -12
2 -27 12
2 -27 13
2 -27 14
2 -26 -15
2 -26 15
2 -25 -17
2 -25 -16
2 -25 16
2 -25 17
2 -24 -18
2 -24 18
2 -23 -19
2 -23 19
2 -22 -21
2 -22 -20
2 -22 20
2 -22 21
2 -21 -22
2 -21 22
2 -20 -22
2 -20 22
2 -19 -23
2 -19 23
2 -18 -24
2 -18 24
2 -17 -25
2 -17 25
2 -16 -25
2 -16 25
2 -15 -26
2 -15 26
2 -14 -27
2 -14 27
2 -13 -27
2 -13 27
2 -12 -27
2 -12 27
2 -11 -28
2 -11 28
2 -10 -28
2 -10 28
2 -9 -29
2 -9 29
2 -8 -29
2 -8 29
2 -7 -29
2 -7 29
2 -6 -29
2 -6 29
2 -5 -30
2 -5 30
2 -4 -30
2 -4 30
2 -3 -30
2 -3 30
2 -2 -30
2 -2 30
2 -1 -30
2 -1 30
2 0 -30
2 0 30
2 1 -30
2 1 30
2 2 -30
2 2 30
2 3 -30
2 3 30
2 4 -30
2 4 30
2 5 -30
2 5 30
2 6 -29
2 6 29
2 7 -29
2 7 29
2 8 -29
2 8 29
2 9 -29
2 9 29
2 10 -28
2 10 28
2 11 -28
2 11 28
2 12 -27
2 12 27
2 13 -27
2 13 27
2 14 -27
2 14 27
2 15 -26
2 15 26
2 16 -25
2 16 25
2 17 -25
2 17 25
2 18 -24
2 18 24
2 19 -23
2 19 23
2 20 -22
2 20 22
2 21 -22
2 21 22
2 22 -21
2 22 -20
2 22 20
2 22 21
2 23 -19
2 23 19
2 24 -18
2 24 18
2 25 -17
2 25 -16
2 25 16
2 25 17
2 26 -15
2 26 15
2 27 -14
2 27 -13
2 27 -12
2 27 12
2 27 13
2 27 14
2 28 -11
2 28 -10
2 28 10
2 28 11
2 29 -9
2 29 -8
2 29 -7
2 29 -6
2 29 6
2 29 7
2 29 8
2 29 9
2 30 -5
2 30 -4
2 30 -3
2 30 -2
2 30 -1
2 30 0
2 30 1
2 30 2
2 30 3
2 30 4
2 30 5
3 -30 -4
3 -30 -3
3 -30 -2
3 -30 -1
3 -30 0
3 -30 1
3 -30 2
3 -30 3
3 -30 4
3 -29 -8
3 -29 -7
3 -29 -6
3 -29 -5
3 -29 5
3 -29 6
3 -29 7
3 -29 8
3 -28 -11
3 -28 -10
3 -28 -9
3 -28 9
3 -28 10
3 -28 11
3 -27 -13
3 -27 -12
3 -27 12
3 -27 13
3 -26 -15
3 -26 -14
3 -26 14
3 -26 15
3 -25 -17
3 -25 -16
3 -25 16
3 -25 17
3 -24 -18
3 -24 18
3 -23 -19
3 -23 19
3 -22 -20
3 -22 20
3 -21 -21
3 -21 21
3 -20 -22
3 -20 22
3 -19 -23
3 -19 23
3 -18 -24
3 -18 24
3 -17 -25
3 -17 25
3 -16 -25
3 -16 25
3 -15 -26
3 -15 26
3 -14 -26
3 -14 26
3 -13 -27
3 -13 27
3 -12 -27
3 -12 27
3 -11 -28
3 -11 28
3 -10 -28
3 -10 28
3 -9 -28
3 -9 28
3 -8 -29
3 -8 29
3 -7 -29
3 -7 29
3 -6 -29
3 -6 29
3 -5 -29
3 -5 29
3 -4 -30
3 -4 30
3 -3 -30
3 -3 30
3 -2 -30
3 -2 30
3 -1 -30
3 -1 30
3 0 -30
3 0 30
3 1 -30
3 1 30
3 2 -30
3 2 30
3 3 -30
3 3 30
3 4 -30
3 4 30
3 5 -29
3 5 29
3 6 -29
3 6 29
3 7 -29
3 7 29
3 8 -29
3 8 29
3 9 -28
3 9 28
3 10 -28
3 10 28
3 11 -28
3 11 28
3 12 -27
3 12 27
3 13 -27
3 13 27
3 14 -26
3 14 26
3 15 -26
3 15 26
3 16 -25
3 16 25
3 17 -25
3 17 25
3 18 -24
3 18 24
3 19 -23
3 19 23
3 20 -22
3 20 22
3 21 -21
3 21 21
3 22 -20
3 22 20
3 23 -19
3 23 19
3 24 -18
3 24 18
3 25 -17
3 25 -16
3 25 16
3 25 17
3 26 -15
3 26 -14
3 26 14
3 26 15
3 27 -13
3 27 -12
3 27 12
3 27 13
3 28 -11
3 28 -10
3 28 -9
3 28 9
3 28 10
3 28 11
3 29 -8
3 29 -7
3 29 -6
3 29 -5
3 29 5
3 29 6
3 29 7
3 29 8
3 30 -4
3 30 -3
3 30 -2
3 30 -1
3 30 0
3 30 1
3 30 2
3 30 3
3 30 4
4 -30 -3
4 -30 -2
4 -30 -1
4 -30 0
4 -30 1
4 -30 2
4 -30 3
4 -29 -8
4 -29 -7
4 -29 -6
4 -29 -5
4 -29 -4
4 -29 4
4 -29 5
4 -29 6
4 -29 7
4 -29 8
4 -28 -11
4 -28 -10
4 -28 -9
4 -28 9
4 -28 10
4 -28 11
4 -27 -13
4 -27 -12
4 -27 12
4 -27 13
4 -26 -15
4 -26 -14
4 -26 14
4 -26 15
4 -25 -17
4 -25 -16
4 -25 16
4 -25 17
4 -24 -18
4 -24 18
4 -23 -19
4 -23 19
4 -22 -20
4 -22 20
4 -21 -21
4 -21 21
4 -20 -22
4 -20 22
4 -19 -23
4 -19 23
4 -18 -24
4 -18 24
4 -17 -25
4 -17 25
4 -16 -25
4 -16 25
4 -15 -26
4 -15 26
4 -14 -26
4 -14 26
4 -13 -27
4 -13 27
4 -12 -27
4 -12 27
4 -11 -28
4 -11 28
4 -10 -28
4 -10 28
4 -9 -28
4 -9 28
4 -8 -29
4 -8 29
4 -7 -29
4 -7 29
4 -6 -29
4 -6 29
4 -5 -29
4 -5 29
4 -4 -29
4 -4 29
4 -3 -30
4 -3 30
4 -2 -30
4 -2 30
4 -1 -30
4 -1 30
4 0 -30
4 0 30
4 1 -30
4 1 30
4 2 -30
4 2 30
4 3 -30
4 3 30
4 4 -29
4 4 29
4 5 -29
4 5 29
4 6 -29
4 6 29
4 7 -29
4 7 29
4 8 -29
4 8 29
4 9 -28
4 9 28
4 10 -28
4 10 28
4 11 -28
4 11 28
4 12 -27
4 12 27
4 13 -27
4 13 27
4 14 -26
4 14 26
4 15 -26
4 15 26
4 16 -25
4 16 25
4 17 -25
4 17 25
4 18 -24
4 18 24
4 19 -23
4 19 23
4 20 -22
4 20 22
4 21 -21
4 21 21
4 22 -20
4 22 20
4 23 -19
4 23 19
4 24 -18
4 24 18
4 25 -17
4 25 -16
4 25 16
4 25 17
4 26 -15
4 26 -14
4 26 14
4 26 15
4 27 -13
4 27 -12
4 27 12
4 27 13
4 28 -11
4 28 -10
4 28 -9
4 28 9
4 28 10
4 28 11
4 29 -8
4 29 -7
4 29 -6
4 29 -5
4 29 -4
4 29 4
4 29 5
4 29 6
4 29 7
4 29 8
4 30 -3
4 30 -2
4 30 -1
4 30 0
4 30 1
4 30 2
4 30 3
5 -30 -2
5 -30 -1
5 -30 0
5 -30 1
5 -30 2
5 -29 -8
5 -29 -7
5 -29 -6
5 -29 -5
5 -29 -4
5 -29 -3
5 -29 3
5 -29 4
5 -29 5
5 -29 6
5 -29 7
5 -29 8
5 -28 -11
5 -28 -10
5 -28 -9
5 -28 9
5 -28 10
5 -28 11
5 -27 -13
5 -27 -12
5 -27 12
5 -27 13
5 -26 -15
5 -26 -14
5 -26 14
5 -26 15
5 -25 -16
5 -25 16
5 -24 -18
5 -24 -17
5 -24 17
5 -24 18
5 -23 -19
5 -23 19
5 -22 -20
5 -22 20
5 -21 -21
5 -21 21
5 -20 -22
5 -20 22
5 -19 -23
5 -19 23
5 -18 -24
5 -18 24
5 -17 -24
5 -17 24
5 -16 -25
5 -16 25
5 -15 -26
5 -15 26
5 -14 -26
5 -14 26
5 -13 -27
5 -13 27
5 -12 -27
5 -12 27
5 -11 -28
5 -11 28
5 -10 -28
5 -10 28
5 -9 -28
5 -9 28
5 -8 -29
5 -8 29
5 -7 -29
5 -7 29
5 -6 -29
5 -6 29
5 -5 -29
5 -5 29
5 -4 -29
5 -4 29
5 -3 -29
5 -3 29
5 -2 -30
5 -2 30
5 -1 -30
5 -1 30
5 0 -30
5 0 30
5 1 -30
5 1 30
5 2 -30
5 2 30
5 3 -29
5 3 29
5 4 -29
5 4 29
5 5 -29
5 5 29
5 6 -29
5 6 29
5 7 -29
5 7 29
5 8 -29
5 8 29
5 9 -28
5 9 28
5 10 -28
5 10 28
5 11 -28
5 11 28
5 12 -27
5 12 27
5 13 -27
5 13 27
5 14 -26
5 14 26
5 15 -26
5 15 26
5 16 -25
5 16 25
5 17 -24
5 17 24
5 18 -24
5 18 24
5 19 -23
5 19 23
5 20 -22
5 20 22
5 21 -21
5 21 21
5 22 -20
5 22 20
5 23 -19
5 23 19
5 24 -18
5 24 -17
5 24 17
5 24 18
5 25 -16
5 25 16
5 26 -15
5 26 -14
5 26 14
5 26 15
5 27 -13
5 27 -12
5 27 12
5 27 13
5 28 -11
5 28 -10
5 28 -9
5 28 9
5 28 10
5 28 11
5 29 -8
5 29 -7
5 29 -6
5 29 -5
5 29 -4
5 29 -3
5 29 3
5 29 4
5 29 5
5 29 6
5 29 7
5 29 8
5 30 -2
5 30 -1
5 30 0
5 30 1
5 30 2
6 -29 -7
6 -29 -6
6 -29 -5
6 -29 -4
6 -29 -3
6 -29 -2
6 -29 -1
6 -29 0
6 -29 1
6 -29 2
6 -29 3
6 -29 4
6 -29 5
6 -29 6
6 -29 7
6 -28 -10
6 -28 -9
6 -28 -8
6 -28 8
6 -28 9
6 -28 10
6 -27 -12
6 -27 -11
6 -27 11
6 -27 12
6 -26 -14
6 -26 -13
6 -26 13
6 -26 14
6 -25 -16
6 -25 -15
6 -25 15
6 -25 16
6 -24 -17
6 -24 17
6 -23 -19
6 -23 -18
6 -23 18
6 -23 19
6 -22 -20
6 -22 20
6 -21 -21
6 -21 21
6 -20 -22
6 -20 22
6 -19 -23
6 -19 23
6 -18 -23
6 -18 23
6 -17 -24
6 -17 24
6 -16 -25
6 -16 25
6 -15 -25
6 -15 25
6 -14 -26
6 -14 26
6 -13 -26
6 -13 26
6 -12 -27
6 -12 27
6 -11 -27
6 -11 27
6 -10 -28
6 -10 28
6 -9 -28
6 -9 28
6 -8 -28
6 -8 28
6 -7 -29
6 -7 29
6 -6 -29
6 -6 29
6 -5 -29
6 -5 29
6 -4 -29
6 -4 29
6 -3 -29
6 -3 29
6 -2 -29
6 -2 29
6 -1 -29
6 -1 29
6 0 -29
6 0 29
6 1 -29
6 1 29
6 2 -29
6 2 29
6 3 -29
6 3 29
6 4 -29
6 4 29
6 5 -29
6 5 29
6 6 -29
6 6 29
6 7 -29
6 7 29
6 8 -28
6 8 28
6 9 -28
6 9 28
6 10 -28
6 10 28
6 11 -27
6 11 27
6 12 -27
6 12 27
6 13 -26
6 13 26
6 14 -26
6 14 26
6 15 -25
6 15 25
6 16 -25
6 16 25
6 17 -24
6 17 24
6 18 -23
6 18 23
6 19 -23
6 19 23
6 20 -22
6 20 22
6 21 -21
6 21 21
6 22 -20
6 22 20
6 23 -19
6 23 -18
6 23 18
6 23 19
6 24 -17
6 24 17
6 25 -16
6 25 -15
6 25 15
6 25 16
6 26 -14
6 26 -13
6 26 13
6 26 14
6 27 -12
6 27 -11
6 27 11
6 27 12
6 28 -10
6 28 -9
6 28 -8
6 28 8
6 28 9
6 28 10
6 29 -7
6 29 -6
6 29 -5
6 29 -4
6 29 -3
6 29 -2
6 29 -1
6 29 0
6 29 1
6 29 2
6 29 3
6 29 4
6 29 5
6 29 6
6 29 7
7 -29 -6
7 -29 -5
7 -29 -4
7 -29 -3
7 -29 -2
7 -29 -1
7 -29 0
7 -29 1
7 -29 2
7 -29 3
7 -29 4
7 -29 5
7 -29 6
7 -28 -9
7 -28 -8
7 -28 -7
7 -28 7
7 -28 8
7 -28 9
7 -27 -12
7 -27 -11
7 -27 -10
7 -27 10
7 -27 11
7 -27 12
7 -26 -14
7 -26 -13
7 -26 13
7 -26 14
7 -25 -16
7 -25 -15
7 -25 15
7 -25 16
7 -24 -17
7 -24 17
7 -23 -18
7 -23 18
7 -22 -19
7 -22 19
7 -21 -20
7 -21 20
7 -20 -21
7 -20 21
7 -19 -22
7 -19 22
7 -18 -23
7 -18 23
7 -17 -24
7 -17 24
7 -16 -25
7 -16 25
7 -15 -25
7 -15 25
7 -14 -26
7 -14 26
7 -13 -26
7 -13 26
7 -12 -27
7 -12 27
7 -11 -27
7 -11 27
7 -10 -27
7 -10 27
7 -9 -28
7 -9 28
7 -8 -28
7 -8 28
7 -7 -28
7 -7 28
7 -6 -29
7 -6 29
7 -5 -29
7 -5 29
7 -4 -29
7 -4 29
7 -3 -29
7 -3 29
7 -2 -29
7 -2 29
7 -1 -29
7 -1 29
7 0 -29
7 0 29
7 1 -29
7 1 29
7 2 -29
7 2 29
7 3 -29
7 3 29
7 4 -29
7 4 29
7 5 -29
7 5 29
7 6 -29
7 6 29
7 7 -28
7 7 28
7 8 -28
7 8 28
7 9 -28
7 9 28
7 10 -27
7 10 27
7 11 -27
7 11 27
7 12 -27
7 12 27
7 13 -26
7 13 26
7 14 -26
7 14 26
7 15 -25
7 15 25
7 16 -25
7 16 25
7 17 -24
7 17 24
7 18 -23
7 18 23
7 19 -22
7 19 22
7 20 -21
7 20 21
7 21 -20
7 21 20
7 22 -19
7 22 19
7 23 -18
7 23 18
7 24 -17
7 24 17
7 25 -16
7 25 -15
7 25 15
7 25 16
7 26 -14
7 26 -13
7 26 13
7 26 14
7 27 -12
7 27 -11
7 27 -10
7 27 10
7 27 11
7 27 12
7 28 -9
7 28 -8
7 28 -7
7 28 7
7 28 8
7 28 9
7 29 -6
7 29 -5
7 29 -4
7 29 -3
7 29 -2
7 29 -1
7 29 0
7 29 1
7 29 2
7 29 3
7 29 4
7 29 5
7 29 6
8 -29 -5
8 -29 -4
8 -29 -3
8 -29 -2
8 -29 -1
8 -29 0
8 -29 1
8 -29 2
8 -29 3
8 -29 4
8 -29 5
8 -28 -9
8 -28 -8
8 -28 -7
8 -28 -6
8 -28 6
8 -28 7
8 -28 8
8 -28 9
8 -27 -11
8 -27 -10
8 -27 10
8 -27 11
8 -26 -13
8 -26 -12
8 -26 12
8 -26 13
8 -25 -15
8 -25 -14
8 -25 14
8 -25 15
8 -24 -17
8 -24 -16
8 -24 16
8 -24 17
8 -23 -18
8 -23 18
8 -22 -19
8 -22 19
8 -21 -20
8 -21 20
8 -20 -21
8 -20 21
8 -19 -22
8 -19 22
8 -18 -23
8 -18 23
8 -17 -24
8 -17 24
8 -16 -24
8 -16 24
8 -15 -25
8 -15 25
8 -14 -25
8 -14 25
8 -13 -26
8 -13 26
8 -12 -26
8 -12 26
8 -11 -27
8 -11 27
8 -10 -27
8 -10 27
8 -9 -28
8 -9 28
8 -8 -28
8 -8 28
8 -7 -28
8 -7 28
8 -6 -28
8 -6 28
8 -5 -29
8 -5 29
8 -4 -29
8 -4 29
8 -3 -29
8 -3 29
8 -2 -29
8 -2 29
8 -1 -29
8 -1 29
8 0 -29
8 0 29
8 1 -29
8 1 29
8 2 -29
8 2 29
8 3 -29
8 3 29
8 4 -29
8 4 29
8 5 -29
8 5 29
8 6 -28
8 6 28
8 7 -28
8 7 28
8 8 -28
8 8 28
8 9 -28
8 9 28
8 10 -27
8 10 27
8 11 -27
8 11 27
8 12 -26
8 12 26
8 13 -26
8 13 26
8 14 -25
8 14 25
8 15 -25
8 15 25
8 16 -24
8 16 24
8 17 -24
8 17 24
8 18 -23
8 18 23
8 19 -22
8 19 22
8 20 -21
8 20 21
8 21 -20
8 21 20
8 22 -19
8 22 19
8 23 -18
8 23 18
8 24 -17
8 24 -16
8 24 16
8 24 17
8 25 -15
8 25 -14
8 25 14
8 25 15
8 26 -13
8 26 -12
8 26 12
8 26 13
8 27 -11
8 27 -10
8 27 10
8 27 11
8 28 -9
8 28 -8
8 28 -7
8 28 -6
8 28 6
8 28 7
8 28 8
8 28 9
8 29 -5
8 29 -4
8 29 -3
8 29 -2
8 29 -1
8 29 0
8 29 1
8 29 2
8 29 3
8 29 4
8 29 5
9 -29 -2
9 -29 -1
9 -29 0
9 -29 1
9 -29 2
9 -28 -8
9 -28 -7
9 -28 -6
9 -28 -5
9 -28 -4
9 -28 -3
9 -28 3
9 -28 4
9 -28 5
9 -28 6
9 -28 7
9 -28 8
9 -27 -10
9 -27 -9
9 -27 9
9 -27 10
9 -26 -13
9 -26 -12
9 -26 -11
9 -26 11
9 -26 12
9 -26 13
9 -25 -14
9 -25 14
9 -24 -16
9 -24 -15
9 -24 15
9 -24 16
9 -23 -17
9 -23 17
9 -22 -19
9 -22 -18
9 -22 18
9 -22 19
9 -21 -20
9 -21 20
9 -20 -21
9 -20 21
9 -19 -22
9 -19 22
9 -18 -22
9 -18 22
9 -17 -23
9 -17 23
9 -16 -24
9 -16 24
9 -15 -24
9 -15 24
9 -14 -25
9 -14 25
9 -13 -26
9 -13 26
9 -12 -26
9 -12 26
9 -11 -26
9 -11 26
9 -10 -27
9 -10 27
9 -9 -27
9 -9 27
9 -8 -28
9 -8 28
9 -7 -28
9 -7 28
9 -6 -28
9 -6 28
9 -5 -28
9 -5 28
9 -4 -28
9 -4 28
9 -3 -28
9 -3 28
9 -2 -29
9 -2 29
9 -1 -29
9 -1 29
9 0 -29
9 0 29
9 1 -29
9 1 29
9 2 -29
9 2 29
9 3 -28
9 3 28
9 4 -28
9 4 28
9 5 -28
9 5 28
9 6 -28
9 6 28
9 7 -28
9 7 28
9 8 -28
9 8 28
9 9 -27
9 9 27
9 10 -27
9 10 27
9 11 -26
9 11 26
9 12 -26
9 12 26
9 13 -26
9 13 26
9 14 -25
9 14 25
9 15 -24
9 15 24
9 16 -24
9 16 24
9 17 -23
9 17 23
9 18 -22
9 18 22
9 19 -22
9 19 22
9 20 -21
9 20 21
9 21 -20
9 21 20
9 22 -19
9 22 -18
9 22 18
9 22 19
9 23 -17
9 23 17
9 24 -16
9 24 -15
9 24 15
9 24 16
9 25 -14
9 25 14
9 26 -13
9 26 -12
9 26 -11
9 26 11
9 26 12
9 26 13
9 27 -10
9 27 -9
9 27 9
9 27 10
9 28 -8
9 28 -7
9 28 -6
9 28 -5
9 28 -4
9 28 -3
9 28 3
9 28 4
9 28 5
9 28 6
9 28 7
9 28 8
9 29 -2
9 29 -1
9 29 0
9 29 1
9 29 2
10 -28 -6
10 -28 -5
10 -28 -4
10 -28 -3
10 -28 -2
10 -28 -1
10 -28 0
10 -28 1
10 -28 2
10 -28 3
10 -28 4
10 -28 5
10 -28 6
10 -27 -10
10 -27 -9
10 -27 -8
10 -27 -7
10 -27 7
10 -27 8
10 -27 9
10 -27 10
10 -26 -12
10 -26 -11
10 -26 11
10 -26 12
10 -25 -14
10 -25 -13
10 -25 13
10 -25 14
10 -24 -15
10 -24 15
10 -23 -17
10 -23 -16
10 -23 16
10 -23 17
10 -22 -18
10 -22 18
10 -21 -19
10 -21 19
10 -20 -20
10 -20 20
10 -19 -21
10 -19 21
10 -18 -22
10 -18 22
10 -17 -23
10 -17 23
10 -16 -23
10 -16 23
10 -15 -24
10 -15 24
10 -14 -25
10 -14 25
10 -13 -25
10 -13 25
10 -12 -26
10 -12 26
10 -11 -26
10 -11 26
10 -10 -27
10 -10 27
10 -9 -27
10 -9 27
10 -8 -27
10 -8 27
10 -7 -27
10 -7 27
10 -6 -28
10 -6 28
10 -5 -28
10 -5 28
10 -4 -28
10 -4 28
10 -3 -28
10 -3 28
10 -2 -28
10 -2 28
10 -1 -28
10 -1 28
10 0 -28
10 0 28
10 1 -28
10 1 28
10 2 -28
10 2 28
10 3 -28
10 3 28
10 4 -28
10 4 28
10 5 -28
10 5 28
10 6 -28
10 6 28
10 7 -27
10 7 27
10 8 -27
10 8 27
10 9 -27
10 9 27
10 10 -27
10 10 27
10 11 -26
10 11 26
10 12 -26
10 12 26
10 13 -25
10 13 25
10 14 -25
10 14 25
10 15 -24
10 15 24
10 16 -23
10 16 23
10 17 -23
10 17 23
10 18 -22
10 18 22
10 19 -21
10 19 21
10 20 -20
10 20 20
10 21 -19
10 21 19
10 22 -18
10 22 18
10 23 -17
10 23 -16
10 23 16
10 23 17
10 24 -15
10 24 15
10 25 -14
10 25 -13
10 25 13
10 25 14
10 26 -12
10 26 -11
10 26 11
10 26 12
10 27 -10
10 27 -9
10 27 -8
10 27 -7
10 27 7
10 27 8
10 27 9
10 27 10
10 28 -6
10 28 -5
10 28 -4
10 28 -3
10 28 -2
10 28 -1
10 28 0
10 28 1
10 28 2
10 28 3
10 28 4
10 28 5
10 28 6
11 -28 -5
11 -28 -4
11 -28 -3
11 -28 -2
11 -28 -1
11 -28 0
11 -28 1
11 -28 2
11 -28 3
11 -28 4
11 -28 5
11 -27 -8
11 -27 -7
11 -27 -6
11 -27 6
11 -27 7
11 -27 8
11 -26 -11
11 -26 -10
11 -26 -9
11 -26 9
11 -26 10
11 -26 11
11 -25 -13
11 -25 -12
11 -25 12
11 -25 13
11 -24 -15
11 -24 -14
11 -24 14
11 -24 15
11 -23 -16
11 -23 16
11 -22 -18
11 -22 -17
11 -22 17
11 -22 18
11 -21 -19
11 -21 19
11 -20 -20
11 -20 20
11 -19 -21
11 -19 21
11 -18 -22
11 -18 22
11 -17 -22
11 -17 22
11 -16 -23
11 -16 23
11 -15 -24
11 -15 24
11 -14 -24
11 -14 24
11 -13 -25
11 -13 25
11 -12 -25
11 -12 25
11 -11 -26
11 -11 26
11 -10 -26
11 -10 26
11 -9 -26
11 -9 26
11 -8 -27
11 -8 27
11 -7 -27
11 -7 27
11 -6 -27
11 -6 27
11 -5 -28
11 -5 28
11 -4 -28
11 -4 28
11 -3 -28
11 -3 28
11 -2 -28
11 -2 28
11 -1 -28
11 -1 28
11 0 -28
11 0 28
11 1 -28
11 1 28
11 2 -28
11 2 28
11 3 -28
11 3 28
11 4 -28
11 4 28
11 5 -28
11 5 28
11 6 -27
11 6 27
11 7 -27
11 7 27
11 8 -27
11 8 27
11 9 -26
11 9 26
11 10 -26
11 10 26
11 11 -26
11 11 26
11 12 -25
11 12 25
11 13 -25
11 13 25
11 14 -24
11 14 24
11 15 -24
11 15 24
11 16 -23
11 16 23
11 17 -22
11 17 22
11 18 -22
11 18 22
11 19 -21
11 19 21
11 20 -20
11 20 20
11 21 -19
11 21 19
11 22 -18
11 22 -17
11 22 17
11 22 18
11 23 -16
11 23 16
11 24 -15
11 24 -14
11 24 14
11 24 15
11 25 -13
11 25 -12
11 25 12
11 25 13
11 26 -11
11 26 -10
11 26 -9
11 26 9
11 26 10
11 26 11
11 27 -8
11 27 -7
11 27 -6
11 27 6
11 27 7
11 27 8
11 28 -5
11 28 -4
11 28 -3
11 28 -2
11 28 -1
11 28 0
11 28 1
11 28 2
11 28 3
11 28 4
11 28 5
12 -28 -1
12 -28 0
12 -28 1
12 -27 -7
12 -27 -6
12 -27 -5
12 -27 -4
12 -27 -3
12 -27 -2
12 -27 2
12 -27 3
12 -27 4
12 -27 5
12 -27 6
12 -27 7
12 -26 -10
12 -26 -9
12 -26 -8
12 -26 8
12 -26 9
12 -26 10
12 -25 -12
12 -25 -11
12 -25 11
12 -25 12
12 -24 -14
12 -24 -13
12 -24 13
12 -24 14
12 -23 -16
12 -23 -15
12 -23 15
12 -23 16
12 -22 -17
12 -22 17
12 -21 -18
12 -21 18
12 -20 -19
12 -20 19
12 -19 -20
12 -19 20
12 -18 -21
12 -18 21
12 -17 -22
12 -17 22
12 -16 -23
12 -16 23
12 -15 -23
12 -15 23
12 -14 -24
12 -14 24
12 -13 -24
12 -13 24
12 -12 -25
12 -12 25
12 -11 -25
12 -11 25
12 -10 -26
12 -10 26
12 -9 -26
12 -9 26
12 -8 -26
12 -8 26
12 -7 -27
12 -7 27
12 -6 -27
12 -6 27
12 -5 -27
12 -5 27
12 -4 -27
12 -4 27
12 -3 -27
12 -3 27
12 -2 -27
12 -2 27
12 -1 -28
12 -1 28
12 0 -28
12 0 28
12 1 -28
12 1 28
12 2 -27
12 2 27
12 3 -27
12 3 27
12 4 -27
12 4 27
12 5 -27
12 5 27
12 6 -27
12 6 27
12 7 -27
12 7 27
12 8 -26
12 8 26
12 9 -26
12 9 26
12 10 -26
12 10 26
12 11 -25
12 11 25
12 12 -25
12 12 25
12 13 -24
12 13 24
12 14 -24
12 14 24
12 15 -23
12 15 23
12 16 -23
12 16 23
12 17 -22
12 17 22
12 18 -21
12 18 21
12 19 -20
12 19 20
12 20 -19
12 20 19
12 21 -18
12 21 18
12 22 -17
12 22 17
12 23 -16
12 23 -15
12 23 15
12 23 16
12 24 -14
12 24 -13
12 24 13
12 24 14
12 25 -12
12 25 -11
12 25 11
12 25 12
12 26 -10
12 26 -9
12 26 -8
12 26 8
12 26 9
12 26 10
12 27 -7
12 27 -6
12 27 -5
12 27 -4
12 27 -3
12 27 -2
12 27 2
12 27 3
12 27 4
12 27 5
12 27 6
12 27 7
12 28 -1
12 28 0
12 28 1
13 -27 -5
13 -27 -4
13 -27 -3
13 -27 -2
13 -27 -1
13 -27 0
13 -27 1
13 -27 2
13 -27 3
13 -27 4
13 -27 5
13 -26 -9
13 -26 -8
13 -26 -7
13 -26 -6
13 -26 6
13 -26 7
13 -26 8
13 -26 9
13 -25 -11
13 -25 -10
13 -25 10
13 -25 11
13 -24 -13
13 -24 -12
13 -24 12
13 -24 13
13 -23 -15
13 -23 -14
13 -23 14
13 -23 15
13 -22 -16
13 -22 16
13 -21 -17
13 -21 17
13 -20 -19
13 -20 -18
13 -20 18
13 -20 19
13 -19 -20
13 -19 20
13 -18 -20
13 -18 20
13 -17 -21
13 -17 21
13 -16 -22
13 -16 22
13 -15 -23
13 -15 23
13 -14 -23
13 -14 23
13 -13 -24
13 -13 24
13 -12 -24
13 -12 24
13 -11 -25
13 -11 25
13 -10 -25
13 -10 25
13 -9 -26
13 -9 26
13 -8 -26
13 -8 26
13 -7 -26
13 -7 26
13 -6 -26
13 -6 26
13 -5 -27
13 -5 27
13 -4 -27
13 -4 27
13 -3 -27
13 -3 27
13 -2 -27
13 -2 27
13 -1 -27
13 -1 27
13 0 -27
13 0 27
13 1 -27
13 1 27
13 2 -27
13 2 27
13 3 -27
13 3 27
13 4 -27
13 4 27
13 5 -27
13 5 27
13 6 -26
13 6 26
13 7 -26
13 7 26
13 8 -26
13 8 26
13 9 -26
13 9 26
13 10 -25
13 10 25
13 11 -25
13 11 25
13 12 -24
13 12 24
13 13 -24
13 13 24
13 14 -23
13 14 23
13 15 -23
13 15 23
13 16 -22
13 16 22
13 17 -21
13 17 21
13 18 -20
13 18 20
13 19 -20
13 19 20
13 20 -19
13 20 -18
13 20 18
13 20 19
13 21 -17
13 21 17
13 22 -16
13 22 16
13 23 -15
13 23 -14
13 23 14
13 23 15
13 24 -13
13 24 -12
13 24 12
13 24 13
13 25 -11
13 25 -10
13 25 10
13 25 11
13 26 -9
13 26 -8
13 26 -7
13 26 -6
13 26 6
13 26 7
13 26 8
13 26 9
13 27 -5
13 27 -4
13 27 -3
13 27 -2
13 27 -1
13 27 0
13 27 1
13 27 2
13 27 3
13 27 4
13 27 5
14 -27 -2
14 -27 -1
14 -27 0
14 -27 1
14 -27 2
14 -26 -7
14 -26 -6
14 -26 -5
14 -26 -4
14 -26 -3
14 -26 3
14 -26 4
14 -26 5
14 -26 6
14 -26 7
14 -25 -10
14 -25 -9
14 -25 -8
14 -25 8
14 -25 9
14 -25 10
14 -24 -12
14 -24 -11
14 -24 11
14 -24 12
14 -23 -14
14 -23 -13
14 -23 13
14 -23 14
14 -22 -15
14 -22 15
14 -21 -17
14 -21 -16
14 -21 16
14 -21 17
14 -20 -18
14 -20 18
14 -19 -19
14 -19 19
14 -18 -20
14 -18 20
14 -17 -21
14 -17 21
14 -16 -21
14 -16 21
14 -15 -22
14 -15 22
14 -14 -23
14 -14 23
14 -13 -23
14 -13 23
14 -12 -24
14 -12 24
14 -11 -24
14 -11 24
14 -10 -25
14 -10 25
14 -9 -25
14 -9 25
14 -8 -25
14 -8 25
14 -7 -26
14 -7 26
14 -6 -26
14 -6 26
14 -5 -26
14 -5 26
14 -4 -26
14 -4 26
14 -3 -26
14 -3 26
14 -2 -27
14 -2 27
14 -1 -27
14 -1 27
14 0 -27
14 0 27
14 1 -27
14 1 27
14 2 -27
14 2 27
14 3 -26
14 3 26
14 4 -26
14 4 26
14 5 -26
14 5 26
14 6 -26
14 6 26
14 7 -26
14 7 26
14 8 -25
14 8 25
14 9 -25
14 9 25
14 10 -25
14 10 25
14 11 -24
14 11 24
14 12 -24
14 12 24
14 13 -23
14 13 23
14 14 -23
14 14 23
14 15 -22
14 15 22
14 16 -21
14 16 21
14 17 -21
14 17 21
14 18 -20
14 18 20
14 19 -19
14 19 19
14 20 -18
14 20 18
14 21 -17
14 21 -16
14 21 16
14 21 17
14 22 -15
14 22 15
14 23 -14
14 23 -13
14 23 13
14 23 14
14 24 -12
14 24 -11
14 24 11
14 24 12
14 25 -10
14 25 -9
14 25 -8
14 25 8
14 25 9
14 25 10
14 26 -7
14 26 -6
14 26 -5
14 26 -4
14 26 -3
14 26 3
14 26 4
14 26 5
14 26 6
14 26 7
14 27 -2
14 27 -1
14 27 0
14 27 1
14 27 2
15 -26 -5
15 -26 -4
15 -26 -3
15 -26 -2
15 -26 -1
15 -26 0
15 -26 1
15 -26 2
15 -26 3
15 -26 4
15 -26 5
15 -25 -8
15 -25 -7
15 -25 -6
15 -25 6
15 -25 7
15 -25 8
15 -24 -11
15 -24 -10
15 -24 -9
15 -24 9
15 -24 10
15 -24 11
15 -23 -13
15 -23 -12
15 -23 12
15 -23 13
15 -22 -14
15 -22 14
15 -21 -16
15 -21 -15
15 -21 15
15 -21 16
15 -20 -17
15 -20 17
15 -19 -18
15 -19 18
15 -18 -19
15 -18 19
15 -17 -20
15 -17 20
15 -16 -21
15 -16 21
15 -15 -21
15 -15 21
15 -14 -22
15 -14 22
15 -13 -23
15 -13 23
15 -12 -23
15 -12 23
15 -11 -24
15 -11 24
15 -10 -24
15 -10 24
15 -9 -24
15 -9 24
15 -8 -25
15 -8 25
15 -7 -25
15 -7 25
15 -6 -25
15 -6 25
15 -5 -26
15 -5 26
15 -4 -26
15 -4 26
15 -3 -26
15 -3 26
15 -2 -26
15 -2 26
15 -1 -26
15 -1 26
15 0 -26
15 0 26
15 1 -26
15 1 26
15 2 -26
15 2 26
15 3 -26
15 3 26
15 4 -26
15 4 26
15 5 -26
15 5 26
15 6 -25
15 6 25
15 7 -25
15 7 25
15 8 -25
15 8 25
15 9 -24
15 9 24
15 10 -24
15 10 24
15 11 -24
15 11 24
15 12 -23
15 12 23
15 13 -23
15 13 23
15 14 -22
15 14 22
15 15 -21
15 15 21
15 16 -21
15 16 21
15 17 -20
15 17 20
15 18 -19
15 18 19
15 19 -18
15 19 18
15 20 -17
15 20 17
15 21 -16
15 21 -15
15 21 15
15 21 16
15 22 -14
15 22 14
15 23 -13
15 23 -12
15 23 12
15 23 13
15 24 -11
15 24 -10
15 24 -9
15 24 9
15 24 10
15 24 11
15 25 -8
15 25 -7
15 25 -6
15 25 6
15 25 7
15 25 8
15 26 -5
15 26 -4
15 26 -3
15 26 -2
15 26 -1
15 26 0
15 26 1
15 26 2
15 26 3
15 26 4
15 26 5
16 -25 -7
16 -25 -6
16 -25 -5
16 -25 -4
16 -25 -3
16 -25 -2
16 -25 -1
16 -25 0
16 -25 1
16 -25 2
16 -25 3
16 -25 4
16 -25 5
16 -25 6
16 -25 7
16 -24 -9
16 -24 -8
16 -24 8
16 -24 9
16 -23 -12
16 -23 -11
16 -23 -10
16 -23 10
16 -23 11
16 -23 12
16 -22 -13
16 -22 13
16 -21 -15
16 -21 -14
16 -21 14
16 -21 15
16 -20 -16
16 -20 16
16 -19 -17
16 -19 17
16 -18 -18
16 -18 18
16 -17 -19
16 -17 19
16 -16 -20
16 -16 20
16 -15 -21
16 -15 21
16 -14 -21
16 -14 21
16 -13 -22
16 -13 22
16 -12 -23
16 -12 23
16 -11 -23
16 -11 23
16 -10 -23
16 -10 23
16 -9 -24
16 -9 24
16 -8 -24
16 -8 24
16 -7 -25
16 -7 25
16 -6 -25
16 -6 25
16 -5 -25
16 -5 25
16 -4 -25
16 -4 25
16 -3 -25
16 -3 25
16 -2 -25
16 -2 25
16 -1 -25
16 -1 25
16 0 -25
16 0 25
16 1 -25
16 1 25
16 2 -25
16 2 25
16 3 -25
16 3 25
16 4 -25
16 4 25
16 5 -25
16 5 25
16 6 -25
16 6 25
16 7 -25
16 7 25
16 8 -24
16 8 24
16 9 -24
16 9 24
16 10 -23
16 10 23
16 11 -23
16 11 23
16 12 -23
16 12 23
16 13 -22
16 13 22
16 14 -21
16 14 21
16 15 -21
16 15 21
16 16 -20
16 16 20
16 17 -19
16 17 19
16 18 -18
16 18 18
16 19 -17
16 19 17
16 20 -16
16 20 16
16 21 -15
16 21 -14
16 21 14
16 21 15
16 22 -13
16 22 13
16 23 -12
16 23 -11
16 23 -10
16 23 10
16 23 11
16 23 12
16 24 -9
16 24 -8
16 24 8
16 24 9
16 25 -7
16 25 -6
16 25 -5
16 25 -4
16 25 -3
16 25 -2
16 25 -1
16 25 0
16 25 1
16 25 2
16 25 3
16 25 4
16 25 5
16 25 6
16 25 7
17 -25 -4
17 -25 -3
17 -25 -2
17 -25 -1
17 -25 0
17 -25 1
17 -25 2
17 -25 3
17 -25 4
17 -24 -8
17 -24 -7
17 -24 -6
17 -24 -5
17 -24 5
17 -24 6
17 -24 7
17 -24 8
17 -23 -10
17 -23 -9
17 -23 9
17 -23 10
17 -22 -12
17 -22 -11
17 -22 11
17 -22 12
17 -21 -14
17 -21 -13
17 -21 13
17 -21 14
17 -20 -15
17 -20 15
17 -19 -16
17 -19 16
17 -18 -17
17 -18 17
17 -17 -18
17 -17 18
17 -16 -19
17 -16 19
17 -15 -20
17 -15 20
17 -14 -21
17 -14 21
17 -13 -21
17 -13 21
17 -12 -22
17 -12 22
17 -11 -22
17 -11 22
17 -10 -23
17 -10 23
17 -9 -23
17 -9 23
17 -8 -24
17 -8 24
17 -7 -24
17 -7 24
17 -6 -24
17 -6 24
17 -5 -24
17 -5 24
17 -4 -25
17 -4 25
17 -3 -25
17 -3 25
17 -2 -25
17 -2 25
17 -1 -25
17 -1 25
17 0 -25
17 0 25
17 1 -25
17 1 25
17 2 -25
17 2 25
17 3 -25
17 3 25
17 4 -25
17 4 25
17 5 -24
17 5 24
17 6 -24
17 6 24
17 7 -24
17 7 24
17 8 -24
17 8 24
17 9 -23
17 9 23
17 10 -23
17 10 23
17 11 -22
17 11 22
17 12 -22
17 12 22
17 13 -21
17 13 21
17 14 -21
17 14 21
17 15 -20
17 15 20
17 16 -19
17 16 19
17 17 -18
17 17 18
17 18 -17
17 18 17
17 19 -16
17 19 16
17 20 -15
17 20 15
17 21 -14
17 21 -13
17 21 13
17 21 14
17 22 -12
17 22 -11
17 22 11
17 22 12
17 23 -10
17 23 -9
17 23 9
17 23 10
17 24 -8
17 24 -7
17 24 -6
17 24 -5
17 24 5
17 24 6
17 24 7
17 24 8
17 25 -4
17 25 -3
17 25 -2
17 25 -1
17 25 0
17 25 1
17 25 2
17 25 3
17 25 4
18 -24 -5
18 -24 -4
18 -24 -3
18 -24 -2
18 -24 -1
18 -24 0
18 -24 1
18 -24 2
18 -24 3
18 -24 4
18 -24 5
18 -23 -8
18 -23 -7
18 -23 -6
18 -23 6
18 -23 7
18 -23 8
18 -22 -11
18 -22 -10
18 -22 -9
18 -22 9
18 -22 10
18 -22 11
18 -21 -12
18 -21 12
18 -20 -14
18 -20 -13
18 -20 13
18 -20 14
18 -19 -15
18 -19 15
18 -18 -16
18 -18 16
18 -17 -17
18 -17 17
18 -16 -18
18 -16 18
18 -15 -19
18 -15 19
18 -14 -20
18 -14 20
18 -13 -20
18 -13 20
18 -12 -21
18 -12 21
18 -11 -22
18 -11 22
18 -10 -22
18 -10 22
18 -9 -22
18 -9 22
18 -8 -23
18 -8 23
18 -7 -23
18 -7 23
18 -6 -23
18 -6 23
18 -5 -24
18 -5 24
18 -4 -24
18 -4 24
18 -3 -24
18 -3 24
18 -2 -24
18 -2 24
18 -1 -24
18 -1 24
18 0 -24
18 0 24
18 1 -24
18 1 24
18 2 -24
18 2 24
18 3 -24
18 3 24
18 4 -24
18 4 24
18 5 -24
18 5 24
18 6 -23
18 6 23
18 7 -23
18 7 23
18 8 -23
18 8 23
18 9 -22
18 9 22
18 10 -22
18 10 22
18 11 -22
18 11 22
18 12 -21
18 12 21
18 13 -20
18 13 20
18 14 -20
18 14 20
18 15 -19
18 15 19
18 16 -18
18 16 18
18 17 -17
18 17 17
18 18 -16
18 18 16
18 19 -15
18 19 15
18 20 -14
18 20 -13
18 20 13
18 20 14
18 21 -12
18 21 12
18 22 -11
18 22 -10
18 22 -9
18 22 9
18 22 10
18 22 11
18 23 -8
18 23 -7
18 23 -6
18 23 6
18 23 7
18 23 8
18 24 -5
18 24 -4
18 24 -3
18 24 -2
18 24 -1
18 24 0
18 24 1
18 24 2
18 24 3
18 24 4
18 24 5
19 -23 -6
19 -23 -5
19 -23 -4
19 -23 -3
19 -23 -2
19 -23 -1
19 -23 0
19 -23 1
19 -23 2
19 -23 3
19 -23 4
19 -23 5
19 -23 6
19 -22 -9
19 -22 -8
19 -22 -7
19 -22 7
19 -22 8
19 -22 9
19 -21 -11
19 -21 -10
19 -21 10
19 -21 11
19 -20 -13
19 -20 -12
19 -20 12
19 -20 13
19 -19 -14
19 -19 14
19 -18 -15
19 -18 15
19 -17 -16
19 -17 16
19 -16 -17
19 -16 17
19 -15 -18
19 -15 18
19 -14 -19
19 -14 19
19 -13 -20
19 -13 20
19 -12 -20
19 -12 20
19 -11 -21
19 -11 21
19 -10 -21
19 -10 21
19 -9 -22
19 -9 22
19 -8 -22
19 -8 22
19 -7 -22
19 -7 22
19 -6 -23
19 -6 23
19 -5 -23
19 -5 23
19 -4 -23
19 -4 23
19 -3 -23
19 -3 23
19 -2 -23
19 -2 23
19 -1 -23
19 -1 23
19 0 -23
19 0 23
19 1 -23
19 1 23
19 2 -23
19 2 23
19 3 -23
19 3 23
19 4 -23
19 4 23
19 5 -23
19 5 23
19 6 -23
19 6 23
19 7 -22
19 7 22
19 8 -22
19 8 22
19 9 -22
19 9 22
19 10 -21
19 10 21
19 11 -21
19 11 21
19 12 -20
19 12 20
19 13 -20
19 13 20
19 14 -19
19 14 19
19 15 -18
19 15 18
19 16 -17
19 16 17
19 17 -16
19 17 16
19 18 -15
19 18 15
19 19 -14
19 19 14
19 20 -13
19 20 -12
19 20 12
19 20 13
19 21 -11
19 21 -10
19 21 10
19 21 11
19 22 -9
19 22 -8
19 22 -7
19 22 7
19 22 8
19 22 9
19 23 -6
19 23 -5
19 23 -4
19 23 -3
19 23 -2
19 23 -1
19 23 0
19 23 1
19 23 2
19 23 3
19 23 4
19 23 5
19 23 6
20 -23 -1
20 -23 0
20 -23 1
20 -22 -6
20 -22 -5
20 -22 -4
20 -22 -3
20 -22 -2
20 -22 2
20 -22 3
20 -22 4
20 -22 5
20 -22 6
20 -21 -9
20 -21 -8
20 -21 -7
20 -21 7
20 -21 8
20 -21 9
20 -20 -11
20 -20 -10
20 -20 10
20 -20 11
20 -19 -13
20 -19 -12
20 -19 12
20 -19 13
20 -18 -14
20 -18 -13
20 -18 13
20 -18 14
20 -17 -15
20 -17 15
20 -16 -16
20 -16 16
20 -15 -17
20 -15 17
20 -14 -18
20 -14 18
20 -13 -19
20 -13 -18
20 -13 18
20 -13 19
20 -12 -19
20 -12 19
20 -11 -20
20 -11 20
20 -10 -20
20 -10 20
20 -9 -21
20 -9 21
20 -8 -21
20 -8 21
20 -7 -21
20 -7 21
20 -6 -22
20 -6 22
20 -5 -22
20 -5 22
20 -4 -22
20 -4 22
20 -3 -22
20 -3 22
20 -2 -22
20 -2 22
20 -1 -23
20 -1 23
20 0 -23
20 0 23
20 1 -23
20 1 23
20 2 -22
20 2 22
20 3 -22
20 3 22
20 4 -22
20 4 22
20 5 -22
20 5 22
20 6 -22
20 6 22
20 7 -21
20 7 21
20 8 -21
20 8 21
20 9 -21
20 9 21
20 10 -20
20 10 20
20 11 -20
20 11 20
20 12 -19
20 12 19
20 13 -19
20 13 -18
20 13 18
20 13 19
20 14 -18
20 14 18
20 15 -17
20 15 17
20 16 -16
20 16 16
20 17 -15
20 17 15
20 18 -14
20 18 -13
20 18 13
20 18 14
20 19 -13
20 19 -12
20 19 12
20 19 13
20 20 -11
20 20 -10
20 20 10
20 20 11
20 21 -9
20 21 -8
20 21 -7
20 21 7
20 21 8
20 21 9
20 22 -6
20 22 -5
20 22 -4
20 22 -3
20 22 -2
20 22 2
20 22 3
20 22 4
20 22 5
20 22 6
20 23 -1
20 23 0
20 23 1
21 -22 -2
21 -22 -1
21 -22 0
21 -22 1
21 -22 2
21 -21 -6
21 -21 -5
21 -21 -4
21 -21 -3
21 -21 3
21 -21 4
21 -21 5
21 -21 6
21 -20 -9
21 -20 -8
21 -20 -7
21 -20 7
21 -20 8
21 -20 9
21 -19 -11
21 -19 -10
21 -19 10
21 -19 11
21 -18 -12
21 -18 12
21 -17 -14
21 -17 -13
21 -17 13
21 -17 14
21 -16 -15
21 -16 -14
21 -16 14
21 -16 15
21 -15 -16
21 -15 -15
21 -15 15
21 -15 16
21 -14 -17
21 -14 -16
21 -14 16
21 -14 17
21 -13 -17
21 -13 17
21 -12 -18
21 -12 18
21 -11 -19
21 -11 19
21 -10 -19
21 -10 19
21 -9 -20
21 -9 20
21 -8 -20
21 -8 20
21 -7 -20
21 -7 20
21 -6 -21
21 -6 21
21 -5 -21
21 -5 21
21 -4 -21
21 -4 21
21 -3 -21
21 -3 21
21 -2 -22
21 -2 22
21 -1 -22
21 -1 22
21 0 -22
21 0 22
21 1 -22
21 1 22
21 2 -22
21 2 22
21 3 -21
21 3 21
21 4 -21
21 4 21
21 5 -21
21 5 21
21 6 -21
21 6 21
21 7 -20
21 7 20
21 8 -20
21 8 20
21 9 -20
21 9 20
21 10 -19
21 10 19
21 11 -19
21 11 19
21 12 -18
21 12 18
21 13 -17
21 13 17
21 14 -17
21 14 -16
21 14 16
21 14 17
21 15 -16
21 15 -15
21 15 15
21 15 16
21 16 -15
21 16 -14
21 16 14
21 16 15
21 17 -14
21 17 -13
21 17 13
21 17 14
21 18 -12
21 18 12
21 19 -11
21 19 -10
21 19 10
21 19 11
21 20 -9
21 20 -8
21 20 -7
21 20 7
21 20 8
21 20 9
21 21 -6
21 21 -5
21 21 -4
21 21 -3
21 21 3
21 21 4
21 21 5
21 21 6
21 22 -2
21 22 -1
21 22 0
21 22 1
21 22 2
22 -21 -2
22 -21 -1
22 -21 0
22 -21 1
22 -21 2
22 -20 -6
22 -20 -5
22 -20 -4
22 -20 -3
22 -20 -2
22 -20 2
22 -20 3
22 -20 4
22 -20 5
22 -20 6
22 -19 -9
22 -19 -8
22 -19 -7
22 -19 7
22 -19 8
22 -19 9
22 -18 -11
22 -18 -10
22 -18 -9
22 -18 9
22 -18 10
22 -18 11
22 -17 -12
22 -17 -11
22 -17 11
22 -17 12
22 -16 -13
22 -16 13
22 -15 -14
22 -15 14
22 -14 -15
22 -14 15
22 -13 -16
22 -13 16
22 -12 -17
22 -12 17
22 -11 -18
22 -11 -17
22 -11 17
22 -11 18
22 -10 -18
22 -10 18
22 -9 -19
22 -9 -18
22 -9 18
22 -9 19
22 -8 -19
22 -8 19
22 -7 -19
22 -7 19
22 -6 -20
22 -6 20
22 -5 -20
22 -5 20
22 -4 -20
22 -4 20
22 -3 -20
22 -3 20
22 -2 -21
22 -2 -20
22 -2 20
22 -2 21
22 -1 -21
22 -1 21
22 0 -21
22 0 21
22 1 -21
22 1 21
22 2 -21
22 2 -20
22 2 20
22 2 21
22 3 -20
22 3 20
22 4 -20
22 4 20
22 5 -20
22 5 20
22 6 -20
22 6 20
22 7 -19
22 7 19
22 8 -19
22 8 19
22 9 -19
22 9 -18
22 9 18
22 9 19
22 10 -18
22 10 18
22 11 -18
22 11 -17
22 11 17
22 11 18
22 12 -17
22 12 17
22 13 -16
22 13 16
22 14 -15
22 14 15
22 15 -14
22 15 14
22 16 -13
22 16 13
22 17 -12
22 17 -11
22 17 11
22 17 12
22 18 -11
22 18 -10
22 18 -9
22 18 9
22 18 10
22 18 11
22 19 -9
22 19 -8
22 19 -7
22 19 7
22 19 8
22 19 9
22 20 -6
22 20 -5
22 20 -4
22 20 -3
22 20 -2
22 20 2
22 20 3
22 20 4
22 20 5
22 20 6
22 21 -2
22 21 -1
22 21 0
22 21 1
22 21 2
23 -20 -1
23 -20 0
23 -20 1
23 -19 -6
23 -19 -5
23 -19 -4
23 -19 -3
23 -19 -2
23 -19 -1
23 -19 0
23 -19 1
23 -19 2
23 -19 3
23 -19 4
23 -19 5
23 -19 6
23 -18 -8
23 -18 -7
23 -18 -6
23 -18 6
23 -18 7
23 -18 8
23 -17 -10
23 -17 -9
23 -17 9
23 -17 10
23 -16 -12
23 -16 -11
23 -16 -10
23 -16 10
23 -16 11
23 -16 12
23 -15 -13
23 -15 -12
23 -15 12
23 -15 13
23 -14 -14
23 -14 -13
23 -14 13
23 -14 14
23 -13 -15
23 -13 -14
23 -13 14
23 -13 15
23 -12 -16
23 -12 -15
23 -12 15
23 -12 16
23 -11 -16
23 -11 16
23 -10 -17
23 -10 -16
23 -10 16
23 -10 17
23 -9 -17
23 -9 17
23 -8 -18
23 -8 18
23 -7 -18
23 -7 18
23 -6 -19
23 -6 -18
23 -6 18
23 -6 19
23 -5 -19
23 -5 19
23 -4 -19
23 -4 19
23 -3 -19
23 -3 19
23 -2 -19
23 -2 19
23 -1 -20
23 -1 -19
23 -1 19
23 -1 20
23 0 -20
23 0 -19
23 0 19
23 0 20
23 1 -20
23 1 -19
23 1 19
23 1 20
23 2 -19
23 2 19
23 3 -19
23 3 19
23 4 -19
23 4 19
23 5 -19
23 5 19
23 6 -19
23 6 -18
23 6 18
23 6 19
23 7 -18
23 7 18
23 8 -18
23 8 18
23 9 -17
23 9 17
23 10 -17
23 10 -16
23 10 16
23 10 17
23 11 -16
23 11 16
23 12 -16
23 12 -15
23 12 15
23 12 16
23 13 -15
23 13 -14
23 13 14
23 13 15
23 14 -14
23 14 -13
23 14 13
23 14 14
23 15 -13
23 15 -12
23 15 12
23 15 13
23 16 -12
23 16 -11
23 16 -10
23 16 10
23 16 11
23 16 12
23 17 -10
23 17 -9
23 17 9
23 17 10
23 18 -8
23 18 -7
23 18 -6
23 18 6
23 18 7
23 18 8
23 19 -6
23 19 -5
23 19 -4
23 19 -3
23 19 -2
23 19 -1
23 19 0
23 19 1
23 19 2
23 19 3
23 19 4
23 19 5
23 19 6
23 20 -1
23 20 0
23 20 1
24 -18 -5
24 -18 -4
24 -18 -3
24 -18 -2
24 -18 -1
24 -18 0
24 -18 1
24 -18 2
24 -18 3
24 -18 4
24 -18 5
24 -17 -8
24 -17 -7
24 -17 -6
24 -17 -5
24 -17 5
24 -17 6
24 -17 7
24 -17 8
24 -16 -9
24 -16 -8
24 -16 8
24 -16 9
24 -15 -11
24 -15 -10
24 -15 -9
24 -15 9
24 -15 10
24 -15 11
24 -14 -12
24 -14 -11
24 -14 11
24 -14 12
24 -13 -13
24 -13 -12
24 -13 12
24 -13 13
24 -12 -14
24 -12 -13
24 -12 13
24 -12 14
24 -11 -15
24 -11 -14
24 -11 14
24 -11 15
24 -10 -15
24 -10 15
24 -9 -16
24 -9 -15
24 -9 15
24 -9 16
24 -8 -17
24 -8 -16
24 -8 16
24 -8 17
24 -7 -17
24 -7 17
24 -6 -17
24 -6 17
24 -5 -18
24 -5 -17
24 -5 17
24 -5 18
24 -4 -18
24 -4 18
24 -3 -18
24 -3 18
24 -2 -18
24 -2 18
24 -1 -18
24 -1 18
24 0 -18
24 0 18
24 1 -18
24 1 18
24 2 -18
24 2 18
24 3 -18
24 3 18
24 4 -18
24 4 18
24 5 -18
24 5 -17
24 5 17
24 5 18
24 6 -17
24 6 17
24 7 -17
24 7 17
24 8 -17
24 8 -16
24 8 16
24 8 17
24 9 -16
24 9 -15
24 9 15
24 9 16
24 10 -15
24 10 15
24 11 -15
24 11 -14
24 11 14
24 11 15
24 12 -14
24 12 -13
24 12 13
24 12 14
24 13 -13
24 13 -12
24 13 12
24 13 13
24 14 -12
24 14 -11
24 14 11
24 14 12
24 15 -11
24 15 -10
24 15 -9
24 15 9
24 15 10
24 15 11
24 16 -9
24 16 -8
24 16 8
24 16 9
24 17 -8
24 17 -7
24 17 -6
24 17 -5
24 17 5
24 17 6
24 17 7
24 17 8
24 18 -5
24 18 -4
24 18 -3
24 18 -2
24 18 -1
24 18 0
24 18 1
24 18 2
24 18 3
24 18 4
24 18 5
25 -17 -4
25 -17 -3
25 -17 -2
25 -17 -1
25 -17 0
25 -17 1
25 -17 2
25 -17 3
25 -17 4
25 -16 -7
25 -16 -6
25 -16 -5
25 -16 -4
25 -16 -3
25 -16 -2
25 -16 -1
25 -16 0
25 -16 1
25 -16 2
25 -16 3
25 -16 4
25 -16 5
25 -16 6
25 -16 7
25 -15 -8
25 -15 -7
25 -15 -6
25 -15 6
25 -15 7
25 -15 8
25 -14 -10
25 -14 -9
25 -14 -8
25 -14 8
25 -14 9
25 -14 10
25 -13 -11
25 -13 -10
25 -13 10
25 -13 11
25 -12 -12
25 -12 -11
25 -12 11
25 -12 12
25 -11 -13
25 -11 -12
25 -11 12
25 -11 13
25 -10 -14
25 -10 -13
25 -10 13
25 -10 14
25 -9 -14
25 -9 14
25 -8 -15
25 -8 -14
25 -8 14
25 -8 15
25 -7 -16
25 -7 -15
25 -7 15
25 -7 16
25 -6 -16
25 -6 -15
25 -6 15
25 -6 16
25 -5 -16
25 -5 16
25 -4 -17
25 -4 -16
25 -4 16
25 -4 17
25 -3 -17
25 -3 -16
25 -3 16
25 -3 17
25 -2 -17
25 -2 -16
25 -2 16
25 -2 17
25 -1 -17
25 -1 -16
25 -1 16
25 -1 17
25 0 -17
25 0 -16
25 0 16
25 0 17
25 1 -17
25 1 -16
25 1 16
25 1 17
25 2 -17
25 2 -16
25 2 16
25 2 17
25 3 -17
25 3 -16
25 3 16
25 3 17
25 4 -17
25 4 -16
25 4 16
25 4 17
25 5 -16
25 5 16
25 6 -16
25 6 -15
25 6 15
25 6 16
25 7 -16
25 7 -15
25 7 15
25 7 16
25 8 -15
25 8 -14
25 8 14
25 8 15
25 9 -14
25 9 14
25 10 -14
25 10 -13
25 10 13
25 10 14
25 11 -13
25 11 -12
25 11 12
25 11 13
25 12 -12
25 12 -11
25 12 11
25 12 12
25 13 -11
25 13 -10
25 13 10
25 13 11
25 14 -10
25 14 -9
25 14 -8
25 14 8
25 14 9
25 14 10
25 15 -8
25 15 -7
25 15 -6
25 15 6
25 15 7
25 15 8
25 16 -7
25 16 -6
25 16 -5
25 16 -4
25 16 -3
25 16 -2
25 16 -1
25 16 0
25 16 1
25 16 2
25 16 3
25 16 4
25 16 5
25 16 6
25 16 7
25 17 -4
25 17 -3
25 17 -2
25 17 -1
25 17 0
25 17 1
25 17 2
25 17 3
25 17 4
26 -15 -5
26 -15 -4
26 -15 -3
26 -15 -2
26 -15 -1
26 -15 0
26 -15 1
26 -15 2
26 -15 3
26 -15 4
26 -15 5
26 -14 -7
26 -14 -6
26 -14 -5
26 -14 -4
26 -14 -3
26 -14 3
26 -14 4
26 -14 5
26 -14 6
26 -14 7
26 -13 -9
26 -13 -8
26 -13 -7
26 -13 -6
26 -13 6
26 -13 7
26 -13 8
26 -13 9
26 -12 -10
26 -12 -9
26 -12 -8
26 -12 8
26 -12 9
26 -12 10
26 -11 -11
26 -11 -10
26 -11 -9
26 -11 9
26 -11 10
26 -11 11
26 -10 -12
26 -10 -11
26 -10 11
26 -10 12
26 -9 -13
26 -9 -12
26 -9 -11
26 -9 11
26 -9 12
26 -9 13
26 -8 -13
26 -8 -12
26 -8 12
26 -8 13
26 -7 -14
26 -7 -13
26 -7 13
26 -7 14
26 -6 -14
26 -6 -13
26 -6 13
26 -6 14
26 -5 -15
26 -5 -14
26 -5 14
26 -5 15
26 -4 -15
26 -4 -14
26 -4 14
26 -4 15
26 -3 -15
26 -3 -14
26 -3 14
26 -3 15
26 -2 -15
26 -2 15
26 -1 -15
26 -1 15
26 0 -15
26 0 15
26 1 -15
26 1 15
26 2 -15
26 2 15
26 3 -15
26 3 -14
26 3 14
26 3 15
26 4 -15
26 4 -14
26 4 14
26 4 15
26 5 -15
26 5 -14
26 5 14
26 5 15
26 6 -14
26 6 -13
26 6 13
26 6 14
26 7 -14
26 7 -13
26 7 13
26 7 14
26 8 -13
26 8 -12
26 8 12
26 8 13
26 9 -13
26 9 -12
26 9 -11
26 9 11
26 9 12
26 9 13
26 10 -12
26 10 -11
26 10 11
26 10 12
26 11 -11
26 11 -10
26 11 -9
26 11 9
26 11 10
26 11 11
26 12 -10
26 12 -9
26 12 -8
26 12 8
26 12 9
26 12 10
26 13 -9
26 13 -8
26 13 -7
26 13 -6
26 13 6
26 13 7
26 13 8
26 13 9
26 14 -7
26 14 -6
26 14 -5
26 14 -4
26 14 -3
26 14 3
26 14 4
26 14 5
26 14 6
26 14 7
26 15 -5
26 15 -4
26 15 -3
26 15 -2
26 15 -1
26 15 0
26 15 1
26 15 2
26 15 3
26 15 4
26 15 5
27 -14 -2
27 -14 -1
27 -14 0
27 -14 1
27 -14 2
27 -13 -5
27 -13 -4
27 -13 -3
27 -13 -2
27 -13 -1
27 -13 0
27 -13 1
27 -13 2
27 -13 3
27 -13 4
27 -13 5
27 -12 -7
27 -12 -6
27 -12 -5
27 -12 -4
27 -12 -3
27 -12 -2
27 -12 2
27 -12 3
27 -12 4
27 -12 5
27 -12 6
27 -12 7
27 -11 -8
27 -11 -7
27 -11 -6
27 -11 6
27 -11 7
27 -11 8
27 -10 -10
27 -10 -9
27 -10 -8
27 -10 -7
27 -10 7
27 -10 8
27 -10 9
27 -10 10
27 -9 -10
27 -9 -9
27 -9 9
27 -9 10
27 -8 -11
27 -8 -10
27 -8 10
27 -8 11
27 -7 -12
27 -7 -11
27 -7 -10
27 -7 10
27 -7 11
27 -7 12
27 -6 -12
27 -6 -11
27 -6 11
27 -6 12
27 -5 -13
27 -5 -12
27 -5 12
27 -5 13
27 -4 -13
27 -4 -12
27 -4 12
27 -4 13
27 -3 -13
27 -3 -12
27 -3 12
27 -3 13
27 -2 -14
27 -2 -13
27 -2 -12
27 -2 12
27 -2 13
27 -2 14
27 -1 -14
27 -1 -13
27 -1 13
27 -1 14
27 0 -14
27 0 -13
27 0 13
27 0 14
27 1 -14
27 1 -13
27 1 13
27 1 14
27 2 -14
27 2 -13
27 2 -12
27 2 12
27 2 13
27 2 14
27 3 -13
27 3 -12
27 3 12
27 3 13
27 4 -13
27 4 -12
27 4 12
27 4 13
27 5 -13
27 5 -12
27 5 12
27 5 13
27 6 -12
27 6 -11
27 6 11
27 6 12
27 7 -12
27 7 -11
27 7 -10
27 7 10
27 7 11
27 7 12
27 8 -11
27 8 -10
27 8 10
27 8 11
27 9 -10
27 9 -9
27 9 9
27 9 10
27 10 -10
27 10 -9
27 10 -8
27 10 -7
27 10 7
27 10 8
27 10 9
27 10 10
27 11 -8
27 11 -7
27 11 -6
27 11 6
27 11 7
27 11 8
27 12 -7
27 12 -6
27 12 -5
27 12 -4
27 12 -3
27 12 -2
27 12 2
27 12 3
27 12 4
27 12 5
27 12 6
27 12 7
27 13 -5
27 13 -4
27 13 -3
27 13 -2
27 13 -1
27 13 0
27 13 1
27 13 2
27 13 3
27 13 4
27 13 5
27 14 -2
27 14 -1
27 14 0
27 14 1
27 14 2
28 -12 -1
28 -12 0
28 -12 1
28 -11 -5
28 -11 -4
28 -11 -3
28 -11 -2
28 -11 -1
28 -11 0
28 -11 1
28 -11 2
28 -11 3
28 -11 4
28 -11 5
28 -10 -6
28 -10 -5
28 -10 -4
28 -10 -3
28 -10 -2
28 -10 -1
28 -10 0
28 -10 1
28 -10 2
28 -10 3
28 -10 4
28 -10 5
28 -10 6
28 -9 -8
28 -9 -7
28 -9 -6
28 -9 -5
28 -9 -4
28 -9 -3
28 -9 3
28 -9 4
28 -9 5
28 -9 6
28 -9 7
28 -9 8
28 -8 -9
28 -8 -8
28 -8 -7
28 -8 -6
28 -8 6
28 -8 7
28 -8 8
28 -8 9
28 -7 -9
28 -7 -8
28 -7 -7
28 -7 7
28 -7 8
28 -7 9
28 -6 -10
28 -6 -9
28 -6 -8
28 -6 8
28 -6 9
28 -6 10
28 -5 -11
28 -5 -10
28 -5 -9
28 -5 9
28 -5 10
28 -5 11
28 -4 -11
28 -4 -10
28 -4 -9
28 -4 9
28 -4 10
28 -4 11
28 -3 -11
28 -3 -10
28 -3 -9
28 -3 9
28 -3 10
28 -3 11
28 -2 -11
28 -2 -10
28 -2 10
28 -2 11
28 -1 -12
28 -1 -11
28 -1 -10
28 -1 10
28 -1 11
28 -1 12
28 0 -12
28 0 -11
28 0 -10
28 0 10
28 0 11
28 0 12
28 1 -12
28 1 -11
28 1 -10
28 1 10
28 1 11
28 1 12
28 2 -11
28 2 -10
28 2 10
28 2 11
28 3 -11
28 3 -10
28 3 -9
28 3 9
28 3 10
28 3 11
28 4 -11
28 4 -10
28 4 -9
28 4 9
28 4 10
28 4 11
28 5 -11
28 5 -10
28 5 -9
28 5 9
28 5 10
28 5 11
28 6 -10
28 6 -9
28 6 -8
28 6 8
28 6 9
28 6 10
28 7 -9
28 7 -8
28 7 -7
28 7 7
28 7 8
28 7 9
28 8 -9
28 8 -8
28 8 -7
28 8 -6
28 8 6
28 8 7
28 8 8
28 8 9
28 9 -8
28 9 -7
28 9 -6
28 9 -5
28 9 -4
28 9 -3
28 9 3
28 9 4
28 9 5
28 9 6
28 9 7
28 9 8
28 10 -6
28 10 -5
28 10 -4
28 10 -3
28 10 -2
28 10 -1
28 10 0
28 10 1
28 10 2
28 10 3
28 10 4
28 10 5
28 10 6
28 11 -5
28 11 -4
28 11 -3
28 11 -2
28 11 -1
28 11 0
28 11 1
28 11 2
28 11 3
28 11 4
28 11 5
28 12 -1
28 12 0
28 12 1
29 -9 -2
29 -9 -1
29 -9 0
29 -9 1
29 -9 2
29 -8 -5
29 -8 -4
29 -8 -3
29 -8 -2
29 -8 -1
29 -8 0
29 -8 1
29 -8 2
29 -8 3
29 -8 4
29 -8 5
29 -7 -6
29 -7 -5
29 -7 -4
29 -7 -3
29 -7 -2
29 -7 -1
29 -7 0
29 -7 1
29 -7 2
29 -7 3
29 -7 4
29 -7 5
29 -7 6
29 -6 -7
29 -6 -6
29 -6 -5
29 -6 -4
29 -6 -3
29 -6 -2
29 -6 -1
29 -6 0
29 -6 1
29 -6 2
29 -6 3
29 -6 4
29 -6 5
29 -6 6
29 -6 7
29 -5 -8
29 -5 -7
29 -5 -6
29 -5 -5
29 -5 -4
29 -5 -3
29 -5 3
29 -5 4
29 -5 5
29 -5 6
29 -5 7
29 -5 8
29 -4 -8
29 -4 -7
29 -4 -6
29 -4 -5
29 -4 -4
29 -4 4
29 -4 5
29 -4 6
29 -4 7
29 -4 8
29 -3 -8
29 -3 -7
29 -3 -6
29 -3 -5
29 -3 5
29 -3 6
29 -3 7
29 -3 8
29 -2 -9
29 -2 -8
29 -2 -7
29 -2 -6
29 -2 6
29 -2 7
29 -2 8
29 -2 9
29 -1 -9
29 -1 -8
29 -1 -7
29 -1 -6
29 -1 6
29 -1 7
29 -1 8
29 -1 9
29 0 -9
29 0 -8
29 0 -7
29 0 -6
29 0 6
29 0 7
29 0 8
29 0 9
29 1 -9
29 1 -8
29 1 -7
29 1 -6
29 1 6
29 1 7
29 1 8
29 1 9
29 2 -9
29 2 -8
29 2 -7
29 2 -6
29 2 6
29 2 7
29 2 8
29 2 9
29 3 -8
29 3 -7
29 3 -6
29 3 -5
29 3 5
29 3 6
29 3 7
29 3 8
29 4 -8
29 4 -7
29 4 -6
29 4 -5
29 4 -4
29 4 4
29 4 5
29 4 6
29 4 7
29 4 8
29 5 -8
29 5 -7
29 5 -6
29 5 -5
29 5 -4
29 5 -3
29 5 3
29 5 4
29 5 5
29 5 6
29 5 7
29 5 8
29 6 -7
29 6 -6
29 6 -5
29 6 -4
29 6 -3
29 6 -2
29 6 -1
29 6 0
29 6 1
29 6 2
29 6 3
29 6 4
29 6 5
29 6 6
29 6 7
29 7 -6
29 7 -5
29 7 -4
29 7 -3
29 7 -2
29 7 -1
29 7 0
29 7 1
29 7 2
29 7 3
29 7 4
29 7 5
29 7 6
29 8 -5
29 8 -4
29 8 -3
29 8 -2
29 8 -1
29 8 0
29 8 1
29 8 2
29 8 3
29 8 4
29 8 5
29 9 -2
29 9 -1
29 9 0
29 9 1
29 9 2
30 -5 -2
30 -5 -1
30 -5 0
30 -5 1
30 -5 2
30 -4 -3
30 -4 -2
30 -4 -1
30 -4 0
30 -4 1
30 -4 2
30 -4 3
30 -3 -4
30 -3 -3
30 -3 -2
30 -3 -1
30 -3 0
30 -3 1
30 -3 2
30 -3 3
30 -3 4
30 -2 -5
30 -2 -4
30 -2 -3
30 -2 -2
30 -2 -1
30 -2 0
30 -2 1
30 -2 2
30 -2 3
30 -2 4
30 -2 5
30 -1 -5
30 -1 -4
30 -1 -3
30 -1 -2
30 -1 -1
30 -1 0
30 -1 1
30 -1 2
30 -1 3
30 -1 4
30 -1 5
30 0 -5
30 0 -4
30 0 -3
30 0 -2
30 0 -1
30 0 0
30 0 1
30 0 2
30 0 3
30 0 4
30 0 5
30 1 -5
30 1 -4
30 1 -3
30 1 -2
30 1 -1
30 1 0
30 1 1
30 1 2
30 1 3
30 1 4
30 1 5
30 2 -5
30 2 -4
30 2 -3
30 2 -2
30 2 -1
30 2 0
30 2 1
30 2 2
30 2 3
30 2 4
30 2 5
30 3 -4
30 3 -3
30 3 -2
30 3 -1
30 3 0
30 3 1
30 3 2
30 3 3
30 3 4
30 4 -3
30 4 -2
30 4 -1
30 4 0
30 4 1
30 4 2
30 4 3
30 5 -2
30 5 -1
30 5 0
30 5 1
30 5 2
