-13 -3 -2
-13 -3 -1
-13 -3 0
-13 -3 1
-13 -3 2
-13 -2 -3
-13 -2 -2
-13 -2 -1
-13 -2 0
-13 -2 1
-13 -2 2
-13 -2 3
-13 -1 -3
-13 -1 -2
-13 -1 -1
-13 -1 0
-13 -1 1
-13 -1 2
-13 -1 3
-13 0 -3
-13 0 -2
-13 0 -1
-13 0 0
-13 0 1
-13 0 2
-13 0 3
-13 1 -3
-13 1 -2
-13 1 -1
-13 1 0
-13 1 1
-13 1 2
-13 1 3
-13 2 -3
-13 2 -2
-13 2 -1
-13 2 0
-13 2 1
-13 2 2
-13 2 3
-13 3 -2
-13 3 -1
-13 3 0
-13 3 1
-13 3 2
-12 -6 -1
-12 -6 0
-12 -6 1
-12 -5 -3
-12 -5 -2
-12 -5 -1
-12 -5 0
-12 -5 1
-12 -5 2
-12 -5 3
-12 -4 -4
-12 -4 -3
-12 -4 -2
-12 -4 -1
-12 -4 0
-12 -4 1
-12 -4 2
-12 -4 3
-12 -4 4
-12 -3 -5
-12 -3 -4
-12 -3 -3
-12 -3 3
-12 -3 4
-12 -3 5
-12 -2 -5
-12 -2 -4
-12 -2 4
-12 -2 5
-12 -1 -6
-12 -1 -5
-12 -1 -4
-12 -1 4
-12 -1 5
-12 -1 6
-12 0 -6
-12 0 -5
-12 0 -4
-12 0 4
-12 0 5
-12 0 6
-12 1 -6
-12 1 -5
-12 1 -4
-12 1 4
-12 1 5
-12 1 6
-12 2 -5
-12 2 -4
-12 2 4
-12 2 5
-12 3 -5
-12 3 -4
-12 3 -3
-12 3 3
-12 3 4
-12 3 5
-12 4 -4
-12 4 -3
-12 4 -2
-12 4 -1
-12 4 0
-12 4 1
-12 4 2
-12 4 3
-12 4 4
-12 5 -3
-12 5 -2
-12 5 -1
-12 5 0
-12 5 1
-12 5 2
-12 5 3
-12 6 -1
-12 6 0
-12 6 1
-11 -7 -3
-11 -7 -2
-11 -7 -1
-11 -7 0
-11 -7 1
-11 -7 2
-11 -7 3
-11 -6 -5
-11 -6 -4
-11 -6 -3
-11 -6 -2
-11 -6 2
-11 -6 3
-11 -6 4
-11 -6 5
-11 -5 -6
-11 -5 -5
-11 -5 -4
-11 -5 4
-11 -5 5
-11 -5 6
-11 -4 -6
-11 -4 -5
-11 -4 5
-11 -4 6
-11 -3 -7
-11 -3 -6
-11 -3 6
-11 -3 7
-11 -2 -7
-11 -2 -6
-11 -2 6
-11 -2 7
-11 -1 -7
-11 -1 7
-11 0 -7
-11 0 7
-11 1 -7
-11 1 7
-11 2 -7
-11 2 -6
-11 2 6
-11 2 7
-11 3 -7
-11 3 -6
-11 3 6
-11 3 7
-11 4 -6
-11 4 -5
-11 4 5
-11 4 6
-11 5 -6
-11 5 -5
-11 5 -4
-11 5 4
-11 5 5
-11 5 6
-11 6 -5
-11 6 -4
-11 6 -3
-11 6 -2
-11 6 2
-11 6 3
-11 6 4
-11 6 5
-11 7 -3
-11 7 -2
-11 7 -1
-11 7 0
-11 7 1
-11 7 2
-11 7 3
-10 -9 -1
-10 -9 0
-10 -9 1
-10 -8 -4
-10 -8 -3
-10 -8 -2
-10 -8 -1
-10 -8 0
-10 -8 1
-10 -8 2
-10 -8 3
-10 -8 4
-10 -7 -5
-10 -7 -4
-10 -7 4
-10 -7 5
-10 -6 -6
-10 -6 6
-10 -5 -7
-10 -5 7
-10 -4 -8
-10 -4 -7
-10 -4 7
-10 -4 8
-10 -3 -8
-10 -3 8
-10 -2 -8
-10 -2 8
-10 -1 -9
-10 -1 -8
-10 -1 8
-10 -1 9
-10 0 -9
-10 0 -8
-10 0 8
-10 0 9
-10 1 -9
-10 1 -8
-10 1 8
-10 1 9
-10 2 -8
-10 2 8
-10 3 -8
-10 3 8
-10 4 -8
-10 4 -7
-10 4 7
-10 4 8
-10 5 -7
-10 5 7
-10 6 -6
-10 6 6
-10 7 -5
-10 7 -4
-10 7 4
-10 7 5
-10 8 -4
-10 8 -3
-10 8 -2
-10 8 -1
-10 8 0
-10 8 1
-10 8 2
-10 8 3
-10 8 4
-10 9 -1
-10 9 0
-10 9 1
-9 -10 -1
-9 -10 0
-9 -10 1
-9 -9 -4
-9 -9 -3
-9 -9 -2
-9 -9 2
-9 -9 3
-9 -9 4
-9 -8 -6
-9 -8 -5
-9 -8 5
-9 -8 6
-9 -7 -7
-9 -7 -6
-9 -7 6
-9 -7 7
-9 -6 -8
-9 -6 -7
-9 -6 7
-9 -6 8
-9 -5 -8
-9 -5 8
-9 -4 -9
-9 -4 9
-9 -3 -9
-9 -3 9
-9 -2 -9
-9 -2 9
-9 -1 -10
-9 -1 10
-9 0 -10
-9 0 10
-9 1 -10
-9 1 10
-9 2 -9
-9 2 9
-9 3 -9
-9 3 9
-9 4 -9
-9 4 9
-9 5 -8
-9 5 8
-9 6 -8
-9 6 -7
-9 6 7
-9 6 8
-9 7 -7
-9 7 -6
-9 7 6
-9 7 7
-9 8 -6
-9 8 -5
-9 8 5
-9 8 6
-9 9 -4
-9 9 -3
-9 9 -2
-9 9 2
-9 9 3
-9 9 4
-9 10 -1
-9 10 0
-9 10 1
-8 -10 -4
-8 -10 -3
-8 -10 -2
-8 -10 -1
-8 -10 0
-8 -10 1
-8 -10 2
-8 -10 3
-8 -10 4
-8 -9 -6
-8 -9 -5
-8 -9 5
-8 -9 6
-8 -8 -7
-8 -8 7
-8 -7 -8
-8 -7 8
-8 -6 -9
-8 -6 9
-8 -5 -9
-8 -5 9
-8 -4 -10
-8 -4 10
-8 -3 -10
-8 -3 10
-8 -2 -10
-8 -2 10
-8 -1 -10
-8 -1 10
-8 0 -10
-8 0 10
-8 1 -10
-8 1 10
-8 2 -10
-8 2 10
-8 3 -10
-8 3 10
-8 4 -10
-8 4 10
-8 5 -9
-8 5 9
-8 6 -9
-8 6 9
-8 7 -8
-8 7 8
-8 8 -7
-8 8 7
-8 9 -6
-8 9 -5
-8 9 5
-8 9 6
-8 10 -4
-8 10 -3
-8 10 -2
-8 10 -1
-8 10 0
-8 10 1
-8 10 2
-8 10 3
-8 10 4
-7 -11 -3
-7 -11 -2
-7 -11 -1
-7 -11 0
-7 -11 1
-7 -11 2
-7 -11 3
-7 -10 -5
-7 -10 -4
-7 -10 4
-7 -10 5
-7 -9 -7
-7 -9 -6
-7 -9 6
-7 -9 7
-7 -8 -8
-7 -8 8
-7 -7 -9
-7 -7 9
-7 -6 -9
-7 -6 9
-7 -5 -10
-7 -5 10
-7 -4 -10
-7 -4 10
-7 -3 -11
-7 -3 11
-7 -2 -11
-7 -2 11
-7 -1 -11
-7 -1 11
-7 0 -11
-7 0 11
-7 1 -11
-7 1 11
-7 2 -11
-7 2 11
-7 3 -11
-7 3 11
-7 4 -10
-7 4 10
-7 5 -10
-7 5 10
-7 6 -9
-7 6 9
-7 7 -9
-7 7 9
-7 8 -8
-7 8 8
-7 9 -7
-7 9 -6
-7 9 6
-7 9 7
-7 10 -5
-7 10 -4
-7 10 4
-7 10 5
-7 11 -3
-7 11 -2
-7 11 -1
-7 11 0
-7 11 1
-7 11 2
-7 11 3
-6 -12 -1
-6 -12 0
-6 -12 1
-6 -11 -5
-6 -11 -4
-6 -11 -3
-6 -11 -2
-6 -11 2
-6 -11 3
-6 -11 4
-6 -11 5
-6 -10 -6
-6 -10 6
-6 -9 -8
-6 -9 -7
-6 -9 7
-6 -9 8
-6 -8 -9
-6 -8 9
-6 -7 -9
-6 -7 9
-6 -6 -10
-6 -6 10
-6 -5 -11
-6 -5 11
-6 -4 -11
-6 -4 11
-6 -3 -11
-6 -3 11
-6 -2 -11
-6 -2 11
-6 -1 -12
-6 -1 12
-6 0 -12
-6 0 12
-6 1 -12
-6 1 12
-6 2 -11
-6 2 11
-6 3 -11
-6 3 11
-6 4 -11
-6 4 11
-6 5 -11
-6 5 11
-6 6 -10
-6 6 10
-6 7 -9
-6 7 9
-6 8 -9
-6 8 9
-6 9 -8
-6 9 -7
-6 9 7
-6 9 8
-6 10 -6
-6 10 6
-6 11 -5
-6 11 -4
-6 11 -3
-6 11 -2
-6 11 2
-6 11 3
-6 11 4
-6 11 5
-6 12 -1
-6 12 0
-6 12 1
-5 -12 -3
-5 -12 -2
-5 -12 -1
-5 -12 0
-5 -12 1
-5 -12 2
-5 -12 3
-5 -11 -6
-5 -11 -5
-5 -11 -4
-5 -11 4
-5 -11 5
-5 -11 6
-5 -10 -7
-5 -10 7
-5 -9 -8
-5 -9 8
-5 -8 -9
-5 -8 9
-5 -7 -10
-5 -7 10
-5 -6 -11
-5 -6 11
-5 -5 -11
-5 -5 11
-5 -4 -11
-5 -4 11
-5 -3 -12
-5 -3 12
-5 -2 -12
-5 -2 12
-5 -1 -12
-5 -1 12
-5 0 -12
-5 0 12
-5 1 -12
-5 1 12
-5 2 -12
-5 2 12
-5 3 -12
-5 3 12
-5 4 -11
-5 4 11
-5 5 -11
-5 5 11
-5 6 -11
-5 6 11
-5 7 -10
-5 7 10
-5 8 -9
-5 8 9
-5 9 -8
-5 9 8
-5 10 -7
-5 10 7
-5 11 -6
-5 11 -5
-5 11 -4
-5 11 4
-5 11 5
-5 11 6
-5 12 -3
-5 12 -2
-5 12 -1
-5 12 0
-5 12 1
-5 12 2
-5 12 3
-4 -12 -4
-4 -12 -3
-4 -12 -2
-4 -12 -1
-4 -12 0
-4 -12 1
-4 -12 2
-4 -12 3
-4 -12 4
-4 -11 -6
-4 -11 -5
-4 -11 5
-4 -11 6
-4 -10 -8
-4 -10 -7
-4 -10 7
-4 -10 8
-4 -9 -9
-4 -9 9
-4 -8 -10
-4 -8 10
-4 -7 -10
-4 -7 10
-4 -6 -11
-4 -6 11
-4 -5 -11
-4 -5 11
-4 -4 -12
-4 -4 12
-4 -3 -12
-4 -3 12
-4 -2 -12
-4 -2 12
-4 -1 -12
-4 -1 12
-4 0 -12
-4 0 12
-4 1 -12
-4 1 12
-4 2 -12
-4 2 12
-4 3 -12
-4 3 12
-4 4 -12
-4 4 12
-4 5 -11
-4 5 11
-4 6 -11
-4 6 11
-4 7 -10
-4 7 10
-4 8 -10
-4 8 10
-4 9 -9
-4 9 9
-4 10 -8
-4 10 -7
-4 10 7
-4 10 8
-4 11 -6
-4 11 -5
-4 11 5
-4 11 6
-4 12 -4
-4 12 -3
-4 12 -2
-4 12 -1
-4 12 0
-4 12 1
-4 12 2
-4 12 3
-4 12 4
-3 -13 -2
-3 -13 -1
-3 -13 0
-3 -13 1
-3 -13 2
-3 -12 -5
-3 -12 -4
-3 -12 -3
-3 -12 3
-3 -12 4
-3 -12 5
-3 -11 -7
-3 -11 -6
-3 -11 6
-3 -11 7
-3 -10 -8
-3 -10 8
-3 -9 -9
-3 -9 9
-3 -8 -10
-3 -8 10
-3 -7 -11
-3 -7 11
-3 -6 -11
-3 -6 11
-3 -5 -12
-3 -5 12
-3 -4 -12
-3 -4 12
-3 -3 -12
-3 -3 12
-3 -2 -13
-3 -2 13
-3 -1 -13
-3 -1 13
-3 0 -13
-3 0 13
-3 1 -13
-3 1 13
-3 2 -13
-3 2 13
-3 3 -12
-3 3 12
-3 4 -12
-3 4 12
-3 5 -12
-3 5 12
-3 6 -11
-3 6 11
-3 7 -11
-3 7 11
-3 8 -10
-3 8 10
-3 9 -9
-3 9 9
-3 10 -8
-3 10 8
-3 11 -7
-3 11 -6
-3 11 6
-3 11 7
-3 12 -5
-3 12 -4
-3 12 -3
-3 12 3
-3 12 4
-3 12 5
-3 13 -2
-3 13 -1
-3 13 0
-3 13 1
-3 13 2
-2 -13 -3
-2 -13 -2
-2 -13 -1
-2 -13 0
-2 -13 1
-2 -13 2
-2 -13 3
-2 -12 -5
-2 -12 -4
-2 -12 4
-2 -12 5
-2 -11 -7
-2 -11 -6
-2 -11 6
-2 -11 7
-2 -10 -8
-2 -10 8
-2 -9 -9
-2 -9 9
-2 -8 -10
-2 -8 10
-2 -7 -11
-2 -7 11
-2 -6 -11
-2 -6 11
-2 -5 -12
-2 -5 12
-2 -4 -12
-2 -4 12
-2 -3 -13
-2 -3 13
-2 -2 -13
-2 -2 13
-2 -1 -13
-2 -1 13
-2 0 -13
-2 0 13
-2 1 -13
-2 1 13
-2 2 -13
-2 2 13
-2 3 -13
-2 3 13
-2 4 -12
-2 4 12
-2 5 -12
-2 5 12
-2 6 -11
-2 6 11
-2 7 -11
-2 7 11
-2 8 -10
-2 8 10
-2 9 -9
-2 9 9
-2 10 -8
-2 10 8
-2 11 -7
-2 11 -6
-2 11 6
-2 11 7
-2 12 -5
-2 12 -4
-2 12 4
-2 12 5
-2 13 -3
-2 13 -2
-2 13 -1
-2 13 0
-2 13 1
-2 13 2
-2 13 3
-1 -13 -3
-1 -13 -2
-1 -13 -1
-1 -13 0
-1 -13 1
-1 -13 2
-1 -13 3
-1 -12 -6
-1 -12 -5
-1 -12 -4
-1 -12 4
-1 -12 5
-1 -12 6
-1 -11 -7
-1 -11 7
-1 -10 -9
-1 -10 -8
-1 -10 8
-1 -10 9
-1 -9 -10
-1 -9 10
-1 -8 -10
-1 -8 10
-1 -7 -11
-1 -7 11
-1 -6 -12
-1 -6 12
-1 -5 -12
-1 -5 12
-1 -4 -12
-1 -4 12
-1 -3 -13
-1 -3 13
-1 -2 -13
-1 -2 13
-1 -1 -13
-1 -1 13
-1 0 -13
-1 0 13
-1 1 -13
-1 1 13
-1 2 -13
-1 2 13
-1 3 -13
-1 3 13
-1 4 -12
-1 4 12
-1 5 -12
-1 5 12
-1 6 -12
-1 6 12
-1 7 -11
-1 7 11
-1 8 -10
-1 8 10
-1 9 -10
-1 9 10
-1 10 -9
-1 10 -8
-1 10 8
-1 10 9
-1 11 -7
-1 11 7
-1 12 -6
-1 12 -5
-1 12 -4
-1 12 4
-1 12 5
-1 12 6
-1 13 -3
-1 13 -2
-1 13 -1
-1 13 0
-1 13 1
-1 13 2
-1 13 3
0 -13 -3
0 -13 -2
0 -13 -1
0 -13 0
0 -13 1
0 -13 2
0 -13 3
0 -12 -6
0 -12 -5
0 -12 -4
0 -12 4
0 -12 5
0 -12 6
0 -11 -7
0 -11 7
0 -10 -9
0 -10 -8
0 -10 8
0 -10 9
0 -9 -10
0 -9 10
0 -8 -10
0 -8 10
0 -7 -11
0 -7 11
0 -6 -12
0 -6 12
0 -5 -12
0 -5 12
0 -4 -12
0 -4 12
0 -3 -13
0 -3 13
0 -2 -13
0 -2 13
0 -1 -13
0 -1 13
0 0 -13
0 0 13
0 1 -13
0 1 13
0 2 -13
0 2 13
0 3 -13
0 3 13
0 4 -12
0 4 12
0 5 -12
0 5 12
0 6 -12
0 6 12
0 7 -11
0 7 11
0 8 -10
0 8 10
0 9 -10
0 9 10
0 10 -9
0 10 -8
0 10 8
0 10 9
0 11 -7
0 11 7
0 12 -6
0 12 -5
0 12 -4
0 12 4
0 12 5
0 12 6
0 13 -3
0 13 -2
0 13 -1
0 13 0
0 13 1
0 13 2
0 13 3
1 -13 -3
1 -13 -2
1 -13 -1
1 -13 0
1 -13 1
1 -13 2
1 -13 3
1 -12 -6
1 -12 -5
1 -12 -4
1 -12 4
1 -12 5
1 -12 6
1 -11 -7
1 -11 7
1 -10 -9
1 -10 -8
1 -10 8
1 -10 9
1 -9 -10
1 -9 10
1 -8 -10
1 -8 10
1 -7 -11
1 -7 11
1 -6 -12
1 -6 12
1 -5 -12
1 -5 12
1 -4 -12
1 -4 12
1 -3 -13
1 -3 13
1 -2 -13
1 -2 13
1 -1 -13
1 -1 13
1 0 -13
1 0 13
1 1 -13
1 1 13
1 2 -13
1 2 13
1 3 -13
1 3 13
1 4 -12
1 4 12
1 5 -12
1 5 12
1 6 -12
1 6 12
1 7 -11
1 7 11
1 8 -10
1 8 10
1 9 -10
1 9 10
1 10 -9
1 10 -8
1 10 8
1 10 9
1 11 -7
1 11 7
1 12 -6
1 12 -5
1 12 -4
1 12 4
1 12 5
1 12 6
1 13 -3
1 13 -2
1 13 -1
1 13 0
1 13 1
1 13 2
1 13 3
2 -13 -3
2 -13 -2
2 -13 -1
2 -13 0
2 -13 1
2 -13 2
2 -13 3
2 -12 -5
2 -12 -4
2 -12 4
2 -12 5
2 -11 -7
2 -11 -6
2 -11 6
2 -11 7
2 -10 -8
2 -10 8
2 -9 -9
2 -9 9
2 -8 -10
2 -8 10
2 -7 -11
2 -7 11
2 -6 -11
2 -6 11
2 -5 -12
2 -5 12
2 -4 -12
2 -4 12
2 -3 -13
2 -3 13
2 -2 -13
2 -2 13
2 -1 -13
2 -1 13
2 0 -13
2 0 13
2 1 -13
2 1 13
2 2 -13
2 2 13
2 3 -13
2 3 13
2 4 -12
2 4 12
2 5 -12
2 5 12
2 6 -11
2 6 11
2 7 -11
2 7 11
2 8 -10
2 8 10
2 9 -9
2 9 9
2 10 -8
2 10 8
2 11 -7
2 11 -6
2 11 6
2 11 7
2 12 -5
2 12 -4
2 12 4
2 12 5
2 13 -3
2 13 -2
2 13 -1
2 13 0
2 13 1
2 13 2
2 13 3
3 -13 -2
3 -13 -1
3 -13 0
3 -13 1
3 -13 2
3 -12 -5
3 -12 -4
3 -12 -3
3 -12 3
3 -12 4
3 -12 5
3 -11 -7
3 -11 -6
3 -11 6
3 -11 7
3 -10 -8
3 -10 8
3 -9 -9
3 -9 9
3 -8 -10
3 -8 10
3 -7 -11
3 -7 11
3 -6 -11
3 -6 11
3 -5 -12
3 -5 12
3 -4 -12
3 -4 12
3 -3 -12
3 -3 12
3 -2 -13
3 -2 13
3 -1 -13
3 -1 13
3 0 -13
3 0 13
3 1 -13
3 1 13
3 2 -13
3 2 13
3 3 -12
3 3 12
3 4 -12
3 4 12
3 5 -12
3 5 12
3 6 -11
3 6 11
3 7 -11
3 7 11
3 8 -10
3 8 10
3 9 -9
3 9 9
3 10 -8
3 10 8
3 11 -7
3 11 -6
3 11 6
3 11 7
3 12 -5
3 12 -4
3 12 -3
3 12 3
3 12 4
3 12 5
3 13 -2
3 13 -1
3 13 0
3 13 1
3 13 2
4 -12 -4
4 -12 -3
4 -12 -2
4 -12 -1
4 -12 0
4 -12 1
4 -12 2
4 -12 3
4 -12 4
4 -11 -6
4 -11 -5
4 -11 5
4 -11 6
4 -10 -8
4 -10 -7
4 -10 7
4 -10 8
4 -9 -9
4 -9 9
4 -8 -10
4 -8 10
4 -7 -10
4 -7 10
4 -6 -11
4 -6 11
4 -5 -11
4 -5 11
4 -4 -12
4 -4 12
4 -3 -12
4 -3 12
4 -2 -12
4 -2 12
4 -1 -12
4 -1 12
4 0 -12
4 0 12
4 1 -12
4 1 12
4 2 -12
4 2 12
4 3 -12
4 3 12
4 4 -12
4 4 12
4 5 -11
4 5 11
4 6 -11
4 6 11
4 7 -10
4 7 10
4 8 -10
4 8 10
4 9 -9
4 9 9
4 10 -8
4 10 -7
4 10 7
4 10 8
4 11 -6
4 11 -5
4 11 5
4 11 6
4 12 -4
4 12 -3
4 12 -2
4 12 -1
4 12 0
4 12 1
4 12 2
4 12 3
4 12 4
5 -12 -3
5 -12 -2
5 -12 -1
5 -12 0
5 -12 1
5 -12 2
5 -12 3
5 -11 -6
5 -11 -5
5 -11 -4
5 -11 4
5 -11 5
5 -11 6
5 -10 -7
5 -10 7
5 -9 -8
5 -9 8
5 -8 -9
5 -8 9
5 -7 -10
5 -7 10
5 -6 -11
5 -6 11
5 -5 -11
5 -5 11
5 -4 -11
5 -4 11
5 -3 -12
5 -3 12
5 -2 -12
5 -2 12
5 -1 -12
5 -1 12
5 0 -12
5 0 12
5 1 -12
5 1 12
5 2 -12
5 2 12
5 3 -12
5 3 12
5 4 -11
5 4 11
5 5 -11
5 5 11
5 6 -11
5 6 11
5 7 -10
5 7 10
5 8 -9
5 8 9
5 9 -8
5 9 8
5 10 -7
5 10 7
5 11 -6
5 11 -5
5 11 -4
5 11 4
5 11 5
5 11 6
5 12 -3
5 12 -2
5 12 -1
5 12 0
5 12 1
5 12 2
5 12 3
6 -12 -1
6 -12 0
6 -12 1
6 -11 -5
6 -11 -4
6 -11 -3
6 -11 -2
6 -11 2
6 -11 3
6 -11 4
6 -11 5
6 -10 -6
6 -10 6
6 -9 -8
6 -9 -7
6 -9 7
6 -9 8
6 -8 -9
6 -8 9
6 -7 -9
6 -7 9
6 -6 -10
6 -6 10
6 -5 -11
6 -5 11
6 -4 -11
6 -4 11
6 -3 -11
6 -3 11
6 -2 -11
6 -2 11
6 -1 -12
6 -1 12
6 0 -12
6 0 12
6 1 -12
6 1 12
6 2 -11
6 2 11
6 3 -11
6 3 11
6 4 -11
6 4 11
6 5 -11
6 5 11
6 6 -10
6 6 10
6 7 -9
6 7 9
6 8 -9
6 8 9
6 9 -8
6 9 -7
6 9 7
6 9 8
6 10 -6
6 10 6
6 11 -5
6 11 -4
6 11 -3
6 11 -2
6 11 2
6 11 3
6 11 4
6 11 5
6 12 -1
6 12 0
6 12 1
7 -11 -3
7 -11 -2
7 -11 -1
7 -11 0
7 -11 1
7 -11 2
7 -11 3
7 -10 -5
7 -10 -4
7 -10 4
7 -10 5
7 -9 -7
7 -9 -6
7 -9 6
7 -9 7
7 -8 -8
7 -8 8
7 -7 -9
7 -7 9
7 -6 -9
7 -6 9
7 -5 -10
7 -5 10
7 -4 -10
7 -4 10
7 -3 -11
7 -3 11
7 -2 -11
7 -2 11
7 -1 -11
7 -1 11
7 0 -11
7 0 11
7 1 -11
7 1 11
7 2 -11
7 2 11
7 3 -11
7 3 11
7 4 -10
7 4 10
7 5 -10
7 5 10
7 6 -9
7 6 9
7 7 -9
7 7 9
7 8 -8
7 8 8
7 9 -7
7 9 -6
7 9 6
7 9 7
7 10 -5
7 10 -4
7 10 4
7 10 5
7 11 -3
7 11 -2
7 11 -1
7 11 0
7 11 1
7 11 2
7 11 3
8 -10 -4
8 -10 -3
8 -10 -2
8 -10 -1
8 -10 0
8 -10 1
8 -10 2
8 -10 3
8 -10 4
8 -9 -6
8 -9 -5
8 -9 5
8 -9 6
8 -8 -7
8 -8 7
8 -7 -8
8 -7 8
8 -6 -9
8 -6 9
8 -5 -9
8 -5 9
8 -4 -10
8 -4 10
8 -3 -10
8 -3 10
8 -2 -10
8 -2 10
8 -1 -10
8 -1 10
8 0 -10
8 0 10
8 1 -10
8 1 10
8 2 -10
8 2 10
8 3 -10
8 3 10
8 4 -10
8 4 10
8 5 -9
8 5 9
8 6 -9
8 6 9
8 7 -8
8 7 8
8 8 -7
8 8 7
8 9 -6
8 9 -5
8 9 5
8 9 6
8 10 -4
8 10 -3
8 10 -2
8 10 -1
8 10 0
8 10 1
8 10 2
8 10 3
8 10 4
9 -10 -1
9 -10 0
9 -10 1
9 -9 -4
9 -9 -3
9 -9 -2
9 -9 2
9 -9 3
9 -9 4
9 -8 -6
9 -8 -5
9 -8 5
9 -8 6
9 -7 -7
9 -7 -6
9 -7 6
9 -7 7
9 -6 -8
9 -6 -7
9 -6 7
9 -6 8
9 -5 -8
9 -5 8
9 -4 -9
9 -4 9
9 -3 -9
9 -3 9
9 -2 -9
9 -2 9
9 -1 -10
9 -1 10
9 0 -10
9 0 10
9 1 -10
9 1 10
9 2 -9
9 2 9
9 3 -9
9 3 9
9 4 -9
9 4 9
9 5 -8
9 5 8
9 6 -8
9 6 -7
9 6 7
9 6 8
9 7 -7
9 7 -6
9 7 6
9 7 7
9 8 -6
9 8 -5
9 8 5
9 8 6
9 9 -4
9 9 -3
9 9 -2
9 9 2
9 9 3
9 9 4
9 10 -1
9 10 0
9 10 1
10 -9 -1
10 -9 0
10 -9 1
10 -8 -4
10 -8 -3
10 -8 -2
10 -8 -1
10 -8 0
10 -8 1
10 -8 2
10 -8 3
10 -8 4
10 -7 -5
10 -7 -4
10 -7 4
10 -7 5
10 -6 -6
10 -6 6
10 -5 -7
10 -5 7
10 -4 -8
10 -4 -7
10 -4 7
10 -4 8
10 -3 -8
10 -3 8
10 -2 -8
10 -2 8
10 -1 -9
10 -1 -8
10 -1 8
10 -1 9
10 0 -9
10 0 -8
10 0 8
10 0 9
10 1 -9
10 1 -8
10 1 8
10 1 9
10 2 -8
10 2 8
10 3 -8
10 3 8
10 4 -8
10 4 -7
10 4 7
10 4 8
10 5 -7
10 5 7
10 6 -6
10 6 6
10 7 -5
10 7 -4
10 7 4
10 7 5
10 8 -4
10 8 -3
10 8 -2
10 8 -1
10 8 0
10 8 1
10 8 2
10 8 3
10 8 4
10 9 -1
10 9 0
10 9 1
11 -7 -3
11 -7 -2
11 -7 -1
11 -7 0
11 -7 1
11 -7 2
11 -7 3
11 -6 -5
11 -6 -4
11 -6 -3
11 -6 -2
11 -6 2
11 -6 3
11 -6 4
11 -6 5
11 -5 -6
11 -5 -5
11 -5 -4
11 -5 4
11 -5 5
11 -5 6
11 -4 -6
11 -4 -5
11 -4 5
11 -4 6
11 -3 -7
11 -3 -6
11 -3 6
11 -3 7
11 -2 -7
11 -2 -6
11 -2 6
11 -2 7
11 -1 -7
11 -1 7
11 0 -7
11 0 7
11 1 -7
11 1 7
11 2 -7
11 2 -6
11 2 6
11 2 7
11 3 -7
11 3 -6
11 3 6
11 3 7
11 4 -6
11 4 -5
11 4 5
11 4 6
11 5 -6
11 5 -5
11 5 -4
11 5 4
11 5 5
11 5 6
11 6 -5
11 6 -4
11 6 -3
11 6 -2
11 6 2
11 6 3
11 6 4
11 6 5
11 7 -3
11 7 -2
11 7 -1
11 7 0
11 7 1
11 7 2
11 7 3
12 -6 -1
12 -6 0
12 -6 1
12 -5 -3
12 -5 -2
12 -5 -1
12 -5 0
12 -5 1
12 -5 2
12 -5 3
12 -4 -4
12 -4 -3
12 -4 -2
12 -4 -1
12 -4 0
12 -4 1
12 -4 2
12 -4 3
12 -4 4
12 -3 -5
12 -3 -4
12 -3 -3
12 -3 3
12 -3 4
12 -3 5
12 -2 -5
12 -2 -4
12 -2 4
12 -2 5
12 -1 -6
12 -1 -5
12 -1 -4
12 -1 4
12 -1 5
12 -1 6
12 0 -6
12 0 -5
12 0 -4
12 0 4
12 0 5
12 0 6
12 1 -6
12 1 -5
12 1 -4
12 1 4
12 1 5
12 1 6
12 2 -5
12 2 -4
12 2 4
12 2 5
12 3 -5
12 3 -4
12 3 -3
12 3 3
12 3 4
12 3 5
12 4 -4
12 4 -3
12 4 -2
12 4 -1
12 4 0
12 4 1
12 4 2
12 4 3
12 4 4
12 5 -3
12 5 -2
12 5 -1
12 5 0
12 5 1
12 5 2
12 5 3
12 6 -1
12 6 0
12 6 1
13 -3 -2
13 -3 -1
13 -3 0
13 -3 1
13 -3 2
13 -2 -3
13 -2 -2
13 -2 -1
13 -2 0
13 -2 1
13 -2 2
13 -2 3
13 -1 -3
13 -1 -2
13 -1 -1
13 -1 0
13 -1 1
13 -1 2
13 -1 3
13 0 -3
13 0 -2
13 0 -1
13 0 0
13 0 1
13 0 2
13 0 3
13 1 -3
13 1 -2
13 1 -1
13 1 0
13 1 1
13 1 2
13 1 3
13 2 -3
13 2 -2
13 2 -1
13 2 0
13 2 1
13 2 2
13 2 3
13 3 -2
13 3 -1
13 3 0
13 3 1
13 3 2
