-18 -4 -1
-18 -4 0
-18 -4 1
-18 -3 -3
-18 -3 -2
-18 -3 -1
-18 -3 0
-18 -3 1
-18 -3 2
-18 -3 3
-18 -2 -3
-18 -2 -2
-18 -2 -1
-18 -2 0
-18 -2 1
-18 -2 2
-18 -2 3
-18 -1 -4
-18 -1 -3
-18 -1 -2
-18 -1 -1
-18 -1 0
-18 -1 1
-18 -1 2
-18 -1 3
-18 -1 4
-18 0 -4
-18 0 -3
-18 0 -2
-18 0 -1
-18 0 0
-18 0 1
-18 0 2
-18 0 3
-18 0 4
-18 1 -4
-18 1 -3
-18 1 -2
-18 1 -1
-18 1 0
-18 1 1
-18 1 2
-18 1 3
-18 1 4
-18 2 -3
-18 2 -2
-18 2 -1
-18 2 0
-18 2 1
-18 2 2
-18 2 3
-18 3 -3
-18 3 -2
-18 3 -1
-18 3 0
-18 3 1
-18 3 2
-18 3 3
-18 4 -1
-18 4 0
-18 4 1
-17 -7 -2
-17 -7 -1
-17 -7 0
-17 -7 1
-17 -7 2
-17 -6 -4
-17 -6 -3
-17 -6 -2
-17 -6 -1
-17 -6 0
-17 -6 1
-17 -6 2
-17 -6 3
-17 -6 4
-17 -5 -5
-17 -5 -4
-17 -5 -3
-17 -5 -2
-17 -5 -1
-17 -5 0
-17 -5 1
-17 -5 2
-17 -5 3
-17 -5 4
-17 -5 5
-17 -4 -6
-17 -4 -5
-17 -4 -4
-17 -4 -3
-17 -4 -2
-17 -4 2
-17 -4 3
-17 -4 4
-17 -4 5
-17 -4 6
-17 -3 -6
-17 -3 -5
-17 -3 -4
-17 -3 4
-17 -3 5
-17 -3 6
-17 -2 -7
-17 -2 -6
-17 -2 -5
-17 -2 -4
-17 -2 4
-17 -2 5
-17 -2 6
-17 -2 7
-17 -1 -7
-17 -1 -6
-17 -1 -5
-17 -1 5
-17 -1 6
-17 -1 7
-17 0 -7
-17 0 -6
-17 0 -5
-17 0 5
-17 0 6
-17 0 7
-17 1 -7
-17 1 -6
-17 1 -5
-17 1 5
-17 1 6
-17 1 7
-17 2 -7
-17 2 -6
-17 2 -5
-17 2 -4
-17 2 4
-17 2 5
-17 2 6
-17 2 7
-17 3 -6
-17 3 -5
-17 3 -4
-17 3 4
-17 3 5
-17 3 6
-17 4 -6
-17 4 -5
-17 4 -4
-17 4 -3
-17 4 -2
-17 4 2
-17 4 3
-17 4 4
-17 4 5
-17 4 6
-17 5 -5
-17 5 -4
-17 5 -3
-17 5 -2
-17 5 -1
-17 5 0
-17 5 1
-17 5 2
-17 5 3
-17 5 4
-17 5 5
-17 6 -4
-17 6 -3
-17 6 -2
-17 6 -1
-17 6 0
-17 6 1
-17 6 2
-17 6 3
-17 6 4
-17 7 -2
-17 7 -1
-17 7 0
-17 7 1
-17 7 2
-16 -9 -2
-16 -9 -1
-16 -9 0
-16 -9 1
-16 -9 2
-16 -8 -4
-16 -8 -3
-16 -8 -2
-16 -8 -1
-16 -8 0
-16 -8 1
-16 -8 2
-16 -8 3
-16 -8 4
-16 -7 -6
-16 -7 -5
-16 -7 -4
-16 -7 -3
-16 -7 3
-16 -7 4
-16 -7 5
-16 -7 6
-16 -6 -7
-16 -6 -6
-16 -6 -5
-16 -6 5
-16 -6 6
-16 -6 7
-16 -5 -7
-16 -5 -6
-16 -5 6
-16 -5 7
-16 -4 -8
-16 -4 -7
-16 -4 7
-16 -4 8
-16 -3 -8
-16 -3 -7
-16 -3 7
-16 -3 8
-16 -2 -9
-16 -2 -8
-16 -2 8
-16 -2 9
-16 -1 -9
-16 -1 -8
-16 -1 8
-16 -1 9
-16 0 -9
-16 0 -8
-16 0 8
-16 0 9
-16 1 -9
-16 1 -8
-16 1 8
-16 1 9
-16 2 -9
-16 2 -8
-16 2 8
-16 2 9
-16 3 -8
-16 3 -7
-16 3 7
-16 3 8
-16 4 -8
-16 4 -7
-16 4 7
-16 4 8
-16 5 -7
-16 5 -6
-16 5 6
-16 5 7
-16 6 -7
-16 6 -6
-16 6 -5
-16 6 5
-16 6 6
-16 6 7
-16 7 -6
-16 7 -5
-16 7 -4
-16 7 -3
-16 7 3
-16 7 4
-16 7 5
-16 7 6
-16 8 -4
-16 8 -3
-16 8 -2
-16 8 -1
-16 8 0
-16 8 1
-16 8 2
-16 8 3
-16 8 4
-16 9 -2
-16 9 -1
-16 9 0
-16 9 1
-16 9 2
-15 -10 -4
-15 -10 -3
-15 -10 -2
-15 -10 -1
-15 -10 0
-15 -10 1
-15 -10 2
-15 -10 3
-15 -10 4
-15 -9 -6
-15 -9 -5
-15 -9 -4
-15 -9 -3
-15 -9 3
-15 -9 4
-15 -9 5
-15 -9 6
-15 -8 -7
-15 -8 -6
-15 -8 -5
-15 -8 5
-15 -8 6
-15 -8 7
-15 -7 -8
-15 -7 -7
-15 -7 7
-15 -7 8
-15 -6 -9
-15 -6 -8
-15 -6 8
-15 -6 9
-15 -5 -9
-15 -5 -8
-15 -5 8
-15 -5 9
-15 -4 -10
-15 -4 -9
-15 -4 9
-15 -4 10
-15 -3 -10
-15 -3 -9
-15 -3 9
-15 -3 10
-15 -2 -10
-15 -2 10
-15 -1 -10
-15 -1 10
-15 0 -10
-15 0 10
-15 1 -10
-15 1 10
-15 2 -10
-15 2 10
-15 3 -10
-15 3 -9
-15 3 9
-15 3 10
-15 4 -10
-15 4 -9
-15 4 9
-15 4 10
-15 5 -9
-15 5 -8
-15 5 8
-15 5 9
-15 6 -9
-15 6 -8
-15 6 8
-15 6 9
-15 7 -8
-15 7 -7
-15 7 7
-15 7 8
-15 8 -7
-15 8 -6
-15 8 -5
-15 8 5
-15 8 6
-15 8 7
-15 9 -6
-15 9 -5
-15 9 -4
-15 9 -3
-15 9 3
-15 9 4
-15 9 5
-15 9 6
-15 10 -4
-15 10 -3
-15 10 -2
-15 10 -1
-15 10 0
-15 10 1
-15 10 2
-15 10 3
-15 10 4
-14 -12 -1
-14 -12 0
-14 -12 1
-14 -11 -5
-14 -11 -4
-14 -11 -3
-14 -11 -2
-14 -11 -1
-14 -11 0
-14 -11 1
-14 -11 2
-14 -11 3
-14 -11 4
-14 -11 5
-14 -10 -6
-14 -10 -5
-14 -10 5
-14 -10 6
-14 -9 -8
-14 -9 -7
-14 -9 7
-14 -9 8
-14 -8 -9
-14 -8 -8
-14 -8 8
-14 -8 9
-14 -7 -9
-14 -7 9
-14 -6 -10
-14 -6 10
-14 -5 -11
-14 -5 -10
-14 -5 10
-14 -5 11
-14 -4 -11
-14 -4 11
-14 -3 -11
-14 -3 11
-14 -2 -11
-14 -2 11
-14 -1 -12
-14 -1 -11
-14 -1 11
-14 -1 12
-14 0 -12
-14 0 -11
-14 0 11
-14 0 12
-14 1 -12
-14 1 -11
-14 1 11
-14 1 12
-14 2 -11
-14 2 11
-14 3 -11
-14 3 11
-14 4 -11
-14 4 11
-14 5 -11
-14 5 -10
-14 5 10
-14 5 11
-14 6 -10
-14 6 10
-14 7 -9
-14 7 9
-14 8 -9
-14 8 -8
-14 8 8
-14 8 9
-14 9 -8
-14 9 -7
-14 9 7
-14 9 8
-14 10 -6
-14 10 -5
-14 10 5
-14 10 6
-14 11 -5
-14 11 -4
-14 11 -3
-14 11 -2
-14 11 -1
-14 11 0
-14 11 1
-14 11 2
-14 11 3
-14 11 4
-14 11 5
-14 12 -1
-14 12 0
-14 12 1
-13 -13 -2
-13 -13 -1
-13 -13 0
-13 -13 1
-13 -13 2
-13 -12 -5
-13 -12 -4
-13 -12 -3
-13 -12 -2
-13 -12 2
-13 -12 3
-13 -12 4
-13 -12 5
-13 -11 -7
-13 -11 -6
-13 -11 6
-13 -11 7
-13 -10 -8
-13 -10 -7
-13 -10 7
-13 -10 8
-13 -9 -9
-13 -9 9
-13 -8 -10
-13 -8 10
-13 -7 -11
-13 -7 -10
-13 -7 10
-13 -7 11
-13 -6 -11
-13 -6 11
-13 -5 -12
-13 -5 12
-13 -4 -12
-13 -4 12
-13 -3 -12
-13 -3 12
-13 -2 -13
-13 -2 -12
-13 -2 12
-13 -2 13
-13 -1 -13
-13 -1 13
-13 0 -13
-13 0 13
-13 1 -13
-13 1 13
-13 2 -13
-13 2 -12
-13 2 12
-13 2 13
-13 3 -12
-13 3 12
-13 4 -12
-13 4 12
-13 5 -12
-13 5 12
-13 6 -11
-13 6 11
-13 7 -11
-13 7 -10
-13 7 10
-13 7 11
-13 8 -10
-13 8 10
-13 9 -9
-13 9 9
-13 10 -8
-13 10 -7
-13 10 7
-13 10 8
-13 11 -7
-13 11 -6
-13 11 6
-13 11 7
-13 12 -5
-13 12 -4
-13 12 -3
-13 12 -2
-13 12 2
-13 12 3
-13 12 4
-13 12 5
-13 13 -2
-13 13 -1
-13 13 0
-13 13 1
-13 13 2
-12 -14 -1
-12 -14 0
-12 -14 1
-12 -13 -5
-12 -13 -4
-12 -13 -3
-12 -13 -2
-12 -13 2
-12 -13 3
-12 -13 4
-12 -13 5
-12 -12 -7
-12 -12 -6
-12 -12 6
-12 -12 7
-12 -11 -8
-12 -11 8
-12 -10 -9
-12 -10 9
-12 -9 -10
-12 -9 10
-12 -8 -11
-12 -8 11
-12 -7 -12
-12 -7 12
-12 -6 -12
-12 -6 12
-12 -5 -13
-12 -5 13
-12 -4 -13
-12 -4 13
-12 -3 -13
-12 -3 13
-12 -2 -13
-12 -2 13
-12 -1 -14
-12 -1 14
-12 0 -14
-12 0 14
-12 1 -14
-12 1 14
-12 2 -13
-12 2 13
-12 3 -13
-12 3 13
-12 4 -13
-12 4 13
-12 5 -13
-12 5 13
-12 6 -12
-12 6 12
-12 7 -12
-12 7 12
-12 8 -11
-12 8 11
-12 9 -10
-12 9 10
-12 10 -9
-12 10 9
-12 11 -8
-12 11 8
-12 12 -7
-12 12 -6
-12 12 6
-12 12 7
-12 13 -5
-12 13 -4
-12 13 -3
-12 13 -2
-12 13 2
-12 13 3
-12 13 4
-12 13 5
-12 14 -1
-12 14 0
-12 14 1
-11 -14 -5
-11 -14 -4
-11 -14 -3
-11 -14 -2
-11 -14 -1
-11 -14 0
-11 -14 1
-11 -14 2
-11 -14 3
-11 -14 4
-11 -14 5
-11 -13 -7
-11 -13 -6
-11 -13 6
-11 -13 7
-11 -12 -8
-11 -12 8
-11 -11 -10
-11 -11 -9
-11 -11 9
-11 -11 10
-11 -10 -11
-11 -10 -10
-11 -10 10
-11 -10 11
-11 -9 -11
-11 -9 11
-11 -8 -12
-11 -8 12
-11 -7 -13
-11 -7 13
-11 -6 -13
-11 -6 13
-11 -5 -14
-11 -5 14
-11 -4 -14
-11 -4 14
-11 -3 -14
-11 -3 14
-11 -2 -14
-11 -2 14
-11 -1 -14
-11 -1 14
-11 0 -14
-11 0 14
-11 1 -14
-11 1 14
-11 2 -14
-11 2 14
-11 3 -14
-11 3 14
-11 4 -14
-11 4 14
-11 5 -14
-11 5 14
-11 6 -13
-11 6 13
-11 7 -13
-11 7 13
-11 8 -12
-11 8 12
-11 9 -11
-11 9 11
-11 10 -11
-11 10 -10
-11 10 10
-11 10 11
-11 11 -10
-11 11 -9
-11 11 9
-11 11 10
-11 12 -8
-11 12 8
-11 13 -7
-11 13 -6
-11 13 6
-11 13 7
-11 14 -5
-11 14 -4
-11 14 -3
-11 14 -2
-11 14 -1
-11 14 0
-11 14 1
-11 14 2
-11 14 3
-11 14 4
-11 14 5
-10 -15 -4
-10 -15 -3
-10 -15 -2
-10 -15 -1
-10 -15 0
-10 -15 1
-10 -15 2
-10 -15 3
-10 -15 4
-10 -14 -6
-10 -14 -5
-10 -14 5
-10 -14 6
-10 -13 -8
-10 -13 -7
-10 -13 7
-10 -13 8
-10 -12 -9
-10 -12 9
-10 -11 -11
-10 -11 -10
-10 -11 10
-10 -11 11
-10 -10 -11
-10 -10 11
-10 -9 -12
-10 -9 12
-10 -8 -13
-10 -8 13
-10 -7 -13
-10 -7 13
-10 -6 -14
-10 -6 14
-10 -5 -14
-10 -5 14
-10 -4 -15
-10 -4 15
-10 -3 -15
-10 -3 15
-10 -2 -15
-10 -2 15
-10 -1 -15
-10 -1 15
-10 0 -15
-10 0 15
-10 1 -15
-10 1 15
-10 2 -15
-10 2 15
-10 3 -15
-10 3 15
-10 4 -15
-10 4 15
-10 5 -14
-10 5 14
-10 6 -14
-10 6 14
-10 7 -13
-10 7 13
-10 8 -13
-10 8 13
-10 9 -12
-10 9 12
-10 10 -11
-10 10 11
-10 11 -11
-10 11 -10
-10 11 10
-10 11 11
-10 12 -9
-10 12 9
-10 13 -8
-10 13 -7
-10 13 7
-10 13 8
-10 14 -6
-10 14 -5
-10 14 5
-10 14 6
-10 15 -4
-10 15 -3
-10 15 -2
-10 15 -1
-10 15 0
-10 15 1
-10 15 2
-10 15 3
-10 15 4
-9 -16 -2
-9 -16 -1
-9 -16 0
-9 -16 1
-9 -16 2
-9 -15 -6
-9 -15 -5
-9 -15 -4
-9 -15 -3
-9 -15 3
-9 -15 4
-9 -15 5
-9 -15 6
-9 -14 -8
-9 -14 -7
-9 -14 7
-9 -14 8
-9 -13 -9
-9 -13 9
-9 -12 -10
-9 -12 10
-9 -11 -11
-9 -11 11
-9 -10 -12
-9 -10 12
-9 -9 -13
-9 -9 13
-9 -8 -14
-9 -8 14
-9 -7 -14
-9 -7 14
-9 -6 -15
-9 -6 15
-9 -5 -15
-9 -5 15
-9 -4 -15
-9 -4 15
-9 -3 -15
-9 -3 15
-9 -2 -16
-9 -2 16
-9 -1 -16
-9 -1 16
-9 0 -16
-9 0 16
-9 1 -16
-9 1 16
-9 2 -16
-9 2 16
-9 3 -15
-9 3 15
-9 4 -15
-9 4 15
-9 5 -15
-9 5 15
-9 6 -15
-9 6 15
-9 7 -14
-9 7 14
-9 8 -14
-9 8 14
-9 9 -13
-9 9 13
-9 10 -12
-9 10 12
-9 11 -11
-9 11 11
-9 12 -10
-9 12 10
-9 13 -9
-9 13 9
-9 14 -8
-9 14 -7
-9 14 7
-9 14 8
-9 15 -6
-9 15 -5
-9 15 -4
-9 15 -3
-9 15 3
-9 15 4
-9 15 5
-9 15 6
-9 16 -2
-9 16 -1
-9 16 0
-9 16 1
-9 16 2
-8 -16 -4
-8 -16 -3
-8 -16 -2
-8 -16 -1
-8 -16 0
-8 -16 1
-8 -16 2
-8 -16 3
-8 -16 4
-8 -15 -7
-8 -15 -6
-8 -15 -5
-8 -15 5
-8 -15 6
-8 -15 7
-8 -14 -9
-8 -14 -8
-8 -14 8
-8 -14 9
-8 -13 -10
-8 -13 10
-8 -12 -11
-8 -12 11
-8 -11 -12
-8 -11 12
-8 -10 -13
-8 -10 13
-8 -9 -14
-8 -9 14
-8 -8 -14
-8 -8 14
-8 -7 -15
-8 -7 15
-8 -6 -15
-8 -6 15
-8 -5 -15
-8 -5 15
-8 -4 -16
-8 -4 16
-8 -3 -16
-8 -3 16
-8 -2 -16
-8 -2 16
-8 -1 -16
-8 -1 16
-8 0 -16
-8 0 16
-8 1 -16
-8 1 16
-8 2 -16
-8 2 16
-8 3 -16
-8 3 16
-8 4 -16
-8 4 16
-8 5 -15
-8 5 15
-8 6 -15
-8 6 15
-8 7 -15
-8 7 15
-8 8 -14
-8 8 14
-8 9 -14
-8 9 14
-8 10 -13
-8 10 13
-8 11 -12
-8 11 12
-8 12 -11
-8 12 11
-8 13 -10
-8 13 10
-8 14 -9
-8 14 -8
-8 14 8
-8 14 9
-8 15 -7
-8 15 -6
-8 15 -5
-8 15 5
-8 15 6
-8 15 7
-8 16 -4
-8 16 -3
-8 16 -2
-8 16 -1
-8 16 0
-8 16 1
-8 16 2
-8 16 3
-8 16 4
-7 -17 -2
-7 -17 -1
-7 -17 0
-7 -17 1
-7 -17 2
-7 -16 -6
-7 -16 -5
-7 -16 -4
-7 -16 -3
-7 -16 3
-7 -16 4
-7 -16 5
-7 -16 6
-7 -15 -8
-7 -15 -7
-7 -15 7
-7 -15 8
-7 -14 -9
-7 -14 9
-7 -13 -11
-7 -13 -10
-7 -13 10
-7 -13 11
-7 -12 -12
-7 -12 12
-7 -11 -13
-7 -11 13
-7 -10 -13
-7 -10 13
-7 -9 -14
-7 -9 14
-7 -8 -15
-7 -8 15
-7 -7 -15
-7 -7 15
-7 -6 -16
-7 -6 16
-7 -5 -16
-7 -5 16
-7 -4 -16
-7 -4 16
-7 -3 -16
-7 -3 16
-7 -2 -17
-7 -2 17
-7 -1 -17
-7 -1 17
-7 0 -17
-7 0 17
-7 1 -17
-7 1 17
-7 2 -17
-7 2 17
-7 3 -16
-7 3 16
-7 4 -16
-7 4 16
-7 5 -16
-7 5 16
-7 6 -16
-7 6 16
-7 7 -15
-7 7 15
-7 8 -15
-7 8 15
-7 9 -14
-7 9 14
-7 10 -13
-7 10 13
-7 11 -13
-7 11 13
-7 12 -12
-7 12 12
-7 13 -11
-7 13 -10
-7 13 10
-7 13 11
-7 14 -9
-7 14 9
-7 15 -8
-7 15 -7
-7 15 7
-7 15 8
-7 16 -6
-7 16 -5
-7 16 -4
-7 16 -3
-7 16 3
-7 16 4
-7 16 5
-7 16 6
-7 17 -2
-7 17 -1
-7 17 0
-7 17 1
-7 17 2
-6 -17 -4
-6 -17 -3
-6 -17 -2
-6 -17 -1
-6 -17 0
-6 -17 1
-6 -17 2
-6 -17 3
-6 -17 4
-6 -16 -7
-6 -16 -6
-6 -16 -5
-6 -16 5
-6 -16 6
-6 -16 7
-6 -15 -9
-6 -15 -8
-6 -15 8
-6 -15 9
-6 -14 -10
-6 -14 10
-6 -13 -11
-6 -13 11
-6 -12 -12
-6 -12 12
-6 -11 -13
-6 -11 13
-6 -10 -14
-6 -10 14
-6 -9 -15
-6 -9 15
-6 -8 -15
-6 -8 15
-6 -7 -16
-6 -7 16
-6 -6 -16
-6 -6 16
-6 -5 -16
-6 -5 16
-6 -4 -17
-6 -4 17
-6 -3 -17
-6 -3 17
-6 -2 -17
-6 -2 17
-6 -1 -17
-6 -1 17
-6 0 -17
-6 0 17
-6 1 -17
-6 1 17
-6 2 -17
-6 2 17
-6 3 -17
-6 3 17
-6 4 -17
-6 4 17
-6 5 -16
-6 5 16
-6 6 -16
-6 6 16
-6 7 -16
-6 7 16
-6 8 -15
-6 8 15
-6 9 -15
-6 9 15
-6 10 -14
-6 10 14
-6 11 -13
-6 11 13
-6 12 -12
-6 12 12
-6 13 -11
-6 13 11
-6 14 -10
-6 14 10
-6 15 -9
-6 15 -8
-6 15 8
-6 15 9
-6 16 -7
-6 16 -6
-6 16 -5
-6 16 5
-6 16 6
-6 16 7
-6 17 -4
-6 17 -3
-6 17 -2
-6 17 -1
-6 17 0
-6 17 1
-6 17 2
-6 17 3
-6 17 4
-5 -17 -5
-5 -17 -4
-5 -17 -3
-5 -17 -2
-5 -17 -1
-5 -17 0
-5 -17 1
-5 -17 2
-5 -17 3
-5 -17 4
-5 -17 5
-5 -16 -7
-5 -16 -6
-5 -16 6
-5 -16 7
-5 -15 -9
-5 -15 -8
-5 -15 8
-5 -15 9
-5 -14 -11
-5 -14 -10
-5 -14 10
-5 -14 11
-5 -13 -12
-5 -13 12
-5 -12 -13
-5 -12 13
-5 -11 -14
-5 -11 14
-5 -10 -14
-5 -10 14
-5 -9 -15
-5 -9 15
-5 -8 -15
-5 -8 15
-5 -7 -16
-5 -7 16
-5 -6 -16
-5 -6 16
-5 -5 -17
-5 -5 17
-5 -4 -17
-5 -4 17
-5 -3 -17
-5 -3 17
-5 -2 -17
-5 -2 17
-5 -1 -17
-5 -1 17
-5 0 -17
-5 0 17
-5 1 -17
-5 1 17
-5 2 -17
-5 2 17
-5 3 -17
-5 3 17
-5 4 -17
-5 4 17
-5 5 -17
-5 5 17
-5 6 -16
-5 6 16
-5 7 -16
-5 7 16
-5 8 -15
-5 8 15
-5 9 -15
-5 9 15
-5 10 -14
-5 10 14
-5 11 -14
-5 11 14
-5 12 -13
-5 12 13
-5 13 -12
-5 13 12
-5 14 -11
-5 14 -10
-5 14 10
-5 14 11
-5 15 -9
-5 15 -8
-5 15 8
-5 15 9
-5 16 -7
-5 16 -6
-5 16 6
-5 16 7
-5 17 -5
-5 17 -4
-5 17 -3
-5 17 -2
-5 17 -1
-5 17 0
-5 17 1
-5 17 2
-5 17 3
-5 17 4
-5 17 5
-4 -18 -1
-4 -18 0
-4 -18 1
-4 -17 -6
-4 -17 -5
-4 -17 -4
-4 -17 -3
-4 -17 -2
-4 -17 2
-4 -17 3
-4 -17 4
-4 -17 5
-4 -17 6
-4 -16 -8
-4 -16 -7
-4 -16 7
-4 -16 8
-4 -15 -10
-4 -15 -9
-4 -15 9
-4 -15 10
-4 -14 -11
-4 -14 11
-4 -13 -12
-4 -13 12
-4 -12 -13
-4 -12 13
-4 -11 -14
-4 -11 14
-4 -10 -15
-4 -10 15
-4 -9 -15
-4 -9 15
-4 -8 -16
-4 -8 16
-4 -7 -16
-4 -7 16
-4 -6 -17
-4 -6 17
-4 -5 -17
-4 -5 17
-4 -4 -17
-4 -4 17
-4 -3 -17
-4 -3 17
-4 -2 -17
-4 -2 17
-4 -1 -18
-4 -1 18
-4 0 -18
-4 0 18
-4 1 -18
-4 1 18
-4 2 -17
-4 2 17
-4 3 -17
-4 3 17
-4 4 -17
-4 4 17
-4 5 -17
-4 5 17
-4 6 -17
-4 6 17
-4 7 -16
-4 7 16
-4 8 -16
-4 8 16
-4 9 -15
-4 9 15
-4 10 -15
-4 10 15
-4 11 -14
-4 11 14
-4 12 -13
-4 12 13
-4 13 -12
-4 13 12
-4 14 -11
-4 14 11
-4 15 -10
-4 15 -9
-4 15 9
-4 15 10
-4 16 -8
-4 16 -7
-4 16 7
-4 16 8
-4 17 -6
-4 17 -5
-4 17 -4
-4 17 -3
-4 17 -2
-4 17 2
-4 17 3
-4 17 4
-4 17 5
-4 17 6
-4 18 -1
-4 18 0
-4 18 1
-3 -18 -3
-3 -18 -2
-3 -18 -1
-3 -18 0
-3 -18 1
-3 -18 2
-3 -18 3
-3 -17 -6
-3 -17 -5
-3 -17 -4
-3 -17 4
-3 -17 5
-3 -17 6
-3 -16 -8
-3 -16 -7
-3 -16 7
-3 -16 8
-3 -15 -10
-3 -15 -9
-3 -15 9
-3 -15 10
-3 -14 -11
-3 -14 11
-3 -13 -12
-3 -13 12
-3 -12 -13
-3 -12 13
-3 -11 -14
-3 -11 14
-3 -10 -15
-3 -10 15
-3 -9 -15
-3 -9 15
-3 -8 -16
-3 -8 16
-3 -7 -16
-3 -7 16
-3 -6 -17
-3 -6 17
-3 -5 -17
-3 -5 17
-3 -4 -17
-3 -4 17
-3 -3 -18
-3 -3 18
-3 -2 -18
-3 -2 18
-3 -1 -18
-3 -1 18
-3 0 -18
-3 0 18
-3 1 -18
-3 1 18
-3 2 -18
-3 2 18
-3 3 -18
-3 3 18
-3 4 -17
-3 4 17
-3 5 -17
-3 5 17
-3 6 -17
-3 6 17
-3 7 -16
-3 7 16
-3 8 -16
-3 8 16
-3 9 -15
-3 9 15
-3 10 -15
-3 10 15
-3 11 -14
-3 11 14
-3 12 -13
-3 12 13
-3 13 -12
-3 13 12
-3 14 -11
-3 14 11
-3 15 -10
-3 15 -9
-3 15 9
-3 15 10
-3 16 -8
-3 16 -7
-3 16 7
-3 16 8
-3 17 -6
-3 17 -5
-3 17 -4
-3 17 4
-3 17 5
-3 17 6
-3 18 -3
-3 18 -2
-3 18 -1
-3 18 0
-3 18 1
-3 18 2
-3 18 3
-2 -18 -3
-2 -18 -2
-2 -18 -1
-2 -18 0
-2 -18 1
-2 -18 2
-2 -18 3
-2 -17 -7
-2 -17 -6
-2 -17 -5
-2 -17 -4
-2 -17 4
-2 -17 5
-2 -17 6
-2 -17 7
-2 -16 -9
-2 -16 -8
-2 -16 8
-2 -16 9
-2 -15 -10
-2 -15 10
-2 -14 -11
-2 -14 11
-2 -13 -13
-2 -13 -12
-2 -13 12
-2 -13 13
-2 -12 -13
-2 -12 13
-2 -11 -14
-2 -11 14
-2 -10 -15
-2 -10 15
-2 -9 -16
-2 -9 16
-2 -8 -16
-2 -8 16
-2 -7 -17
-2 -7 17
-2 -6 -17
-2 -6 17
-2 -5 -17
-2 -5 17
-2 -4 -17
-2 -4 17
-2 -3 -18
-2 -3 18
-2 -2 -18
-2 -2 18
-2 -1 -18
-2 -1 18
-2 0 -18
-2 0 18
-2 1 -18
-2 1 18
-2 2 -18
-2 2 18
-2 3 -18
-2 3 18
-2 4 -17
-2 4 17
-2 5 -17
-2 5 17
-2 6 -17
-2 6 17
-2 7 -17
-2 7 17
-2 8 -16
-2 8 16
-2 9 -16
-2 9 16
-2 10 -15
-2 10 15
-2 11 -14
-2 11 14
-2 12 -13
-2 12 13
-2 13 -13
-2 13 -12
-2 13 12
-2 13 13
-2 14 -11
-2 14 11
-2 15 -10
-2 15 10
-2 16 -9
-2 16 -8
-2 16 8
-2 16 9
-2 17 -7
-2 17 -6
-2 17 -5
-2 17 -4
-2 17 4
-2 17 5
-2 17 6
-2 17 7
-2 18 -3
-2 18 -2
-2 18 -1
-2 18 0
-2 18 1
-2 18 2
-2 18 3
-1 -18 -4
-1 -18 -3
-1 -18 -2
-1 -18 -1
-1 -18 0
-1 -18 1
-1 -18 2
-1 -18 3
-1 -18 4
-1 -17 -7
-1 -17 -6
-1 -17 -5
-1 -17 5
-1 -17 6
-1 -17 7
-1 -16 -9
-1 -16 -8
-1 -16 8
-1 -16 9
-1 -15 -10
-1 -15 10
-1 -14 -12
-1 -14 -11
-1 -14 11
-1 -14 12
-1 -13 -13
-1 -13 13
-1 -12 -14
-1 -12 14
-1 -11 -14
-1 -11 14
-1 -10 -15
-1 -10 15
-1 -9 -16
-1 -9 16
-1 -8 -16
-1 -8 16
-1 -7 -17
-1 -7 17
-1 -6 -17
-1 -6 17
-1 -5 -17
-1 -5 17
-1 -4 -18
-1 -4 18
-1 -3 -18
-1 -3 18
-1 -2 -18
-1 -2 18
-1 -1 -18
-1 -1 18
-1 0 -18
-1 0 18
-1 1 -18
-1 1 18
-1 2 -18
-1 2 18
-1 3 -18
-1 3 18
-1 4 -18
-1 4 18
-1 5 -17
-1 5 17
-1 6 -17
-1 6 17
-1 7 -17
-1 7 17
-1 8 -16
-1 8 16
-1 9 -16
-1 9 16
-1 10 -15
-1 10 15
-1 11 -14
-1 11 14
-1 12 -14
-1 12 14
-1 13 -13
-1 13 13
-1 14 -12
-1 14 -11
-1 14 11
-1 14 12
-1 15 -10
-1 15 10
-1 16 -9
-1 16 -8
-1 16 8
-1 16 9
-1 17 -7
-1 17 -6
-1 17 -5
-1 17 5
-1 17 6
-1 17 7
-1 18 -4
-1 18 -3
-1 18 -2
-1 18 -1
-1 18 0
-1 18 1
-1 18 2
-1 18 3
-1 18 4
0 -18 -4
0 -18 -3
0 -18 -2
0 -18 -1
0 -18 0
0 -18 1
0 -18 2
0 -18 3
0 -18 4
0 -17 -7
0 -17 -6
0 -17 -5
0 -17 5
0 -17 6
0 -17 7
0 -16 -9
0 -16 -8
0 -16 8
0 -16 9
0 -15 -10
0 -15 10
0 -14 -12
0 -14 -11
0 -14 11
0 -14 12
0 -13 -13
0 -13 13
0 -12 -14
0 -12 14
0 -11 -14
0 -11 14
0 -10 -15
0 -10 15
0 -9 -16
0 -9 16
0 -8 -16
0 -8 16
0 -7 -17
0 -7 17
0 -6 -17
0 -6 17
0 -5 -17
0 -5 17
0 -4 -18
0 -4 18
0 -3 -18
0 -3 18
0 -2 -18
0 -2 18
0 -1 -18
0 -1 18
0 0 -18
0 0 18
0 1 -18
0 1 18
0 2 -18
0 2 18
0 3 -18
0 3 18
0 4 -18
0 4 18
0 5 -17
0 5 17
0 6 -17
0 6 17
0 7 -17
0 7 17
0 8 -16
0 8 16
0 9 -16
0 9 16
0 10 -15
0 10 15
0 11 -14
0 11 14
0 12 -14
0 12 14
0 13 -13
0 13 13
0 14 -12
0 14 -11
0 14 11
0 14 12
0 15 -10
0 15 10
0 16 -9
0 16 -8
0 16 8
0 16 9
0 17 -7
0 17 -6
0 17 -5
0 17 5
0 17 6
0 17 7
0 18 -4
0 18 -3
0 18 -2
0 18 -1
0 18 0
0 18 1
0 18 2
0 18 3
0 18 4
1 -18 -4
1 -18 -3
1 -18 -2
1 -18 -1
1 -18 0
1 -18 1
1 -18 2
1 -18 3
1 -18 4
1 -17 -7
1 -17 -6
1 -17 -5
1 -17 5
1 -17 6
1 -17 7
1 -16 -9
1 -16 -8
1 -16 8
1 -16 9
1 -15 -10
1 -15 10
1 -14 -12
1 -14 -11
1 -14 11
1 -14 12
1 -13 -13
1 -13 13
1 -12 -14
1 -12 14
1 -11 -14
1 -11 14
1 -10 -15
1 -10 15
1 -9 -16
1 -9 16
1 -8 -16
1 -8 16
1 -7 -17
1 -7 17
1 -6 -17
1 -6 17
1 -5 -17
1 -5 17
1 -4 -18
1 -4 18
1 -3 -18
1 -3 18
1 -2 -18
1 -2 18
1 -1 -18
1 -1 18
1 0 -18
1 0 18
1 1 -18
1 1 18
1 2 -18
1 2 18
1 3 -18
1 3 18
1 4 -18
1 4 18
1 5 -17
1 5 17
1 6 -17
1 6 17
1 7 -17
1 7 17
1 8 -16
1 8 16
1 9 -16
1 9 16
1 10 -15
1 10 15
1 11 -14
1 11 14
1 12 -14
1 12 14
1 13 -13
1 13 13
1 14 -12
1 14 -11
1 14 11
1 14 12
1 15 -10
1 15 10
1 16 -9
1 16 -8
1 16 8
1 16 9
1 17 -7
1 17 -6
1 17 -5
1 17 5
1 17 6
1 17 7
1 18 -4
1 18 -3
1 18 -2
1 18 -1
1 18 0
1 18 1
1 18 2
1 18 3
1 18 4
2 -18 -3
2 -18 -2
2 -18 -1
2 -18 0
2 -18 1
2 -18 2
2 -18 3
2 -17 -7
2 -17 -6
2 -17 -5
2 -17 -4
2 -17 4
2 -17 5
2 -17 6
2 -17 7
2 -16 -9
2 -16 -8
2 -16 8
2 -16 9
2 -15 -10
2 -15 10
2 -14 -11
2 -14 11
2 -13 -13
2 -13 -12
2 -13 12
2 -13 13
2 -12 -13
2 -12 13
2 -11 -14
2 -11 14
2 -10 -15
2 -10 15
2 -9 -16
2 -9 16
2 -8 -16
2 -8 16
2 -7 -17
2 -7 17
2 -6 -17
2 -6 17
2 -5 -17
2 -5 17
2 -4 -17
2 -4 17
2 -3 -18
2 -3 18
2 -2 -18
2 -2 18
2 -1 -18
2 -1 18
2 0 -18
2 0 18
2 1 -18
2 1 18
2 2 -18
2 2 18
2 3 -18
2 3 18
2 4 -17
2 4 17
2 5 -17
2 5 17
2 6 -17
2 6 17
2 7 -17
2 7 17
2 8 -16
2 8 16
2 9 -16
2 9 16
2 10 -15
2 10 15
2 11 -14
2 11 14
2 12 -13
2 12 13
2 13 -13
2 13 -12
2 13 12
2 13 13
2 14 -11
2 14 11
2 15 -10
2 15 10
2 16 -9
2 16 -8
2 16 8
2 16 9
2 17 -7
2 17 -6
2 17 -5
2 17 -4
2 17 4
2 17 5
2 17 6
2 17 7
2 18 -3
2 18 -2
2 18 -1
2 18 0
2 18 1
2 18 2
2 18 3
3 -18 -3
3 -18 -2
3 -18 -1
3 -18 0
3 -18 1
3 -18 2
3 -18 3
3 -17 -6
3 -17 -5
3 -17 -4
3 -17 4
3 -17 5
3 -17 6
3 -16 -8
3 -16 -7
3 -16 7
3 -16 8
3 -15 -10
3 -15 -9
3 -15 9
3 -15 10
3 -14 -11
3 -14 11
3 -13 -12
3 -13 12
3 -12 -13
3 -12 13
3 -11 -14
3 -11 14
3 -10 -15
3 -10 15
3 -9 -15
3 -9 15
3 -8 -16
3 -8 16
3 -7 -16
3 -7 16
3 -6 -17
3 -6 17
3 -5 -17
3 -5 17
3 -4 -17
3 -4 17
3 -3 -18
3 -3 18
3 -2 -18
3 -2 18
3 -1 -18
3 -1 18
3 0 -18
3 0 18
3 1 -18
3 1 18
3 2 -18
3 2 18
3 3 -18
3 3 18
3 4 -17
3 4 17
3 5 -17
3 5 17
3 6 -17
3 6 17
3 7 -16
3 7 16
3 8 -16
3 8 16
3 9 -15
3 9 15
3 10 -15
3 10 15
3 11 -14
3 11 14
3 12 -13
3 12 13
3 13 -12
3 13 12
3 14 -11
3 14 11
3 15 -10
3 15 -9
3 15 9
3 15 10
3 16 -8
3 16 -7
3 16 7
3 16 8
3 17 -6
3 17 -5
3 17 -4
3 17 4
3 17 5
3 17 6
3 18 -3
3 18 -2
3 18 -1
3 18 0
3 18 1
3 18 2
3 18 3
4 -18 -1
4 -18 0
4 -18 1
4 -17 -6
4 -17 -5
4 -17 -4
4 -17 -3
4 -17 -2
4 -17 2
4 -17 3
4 -17 4
4 -17 5
4 -17 6
4 -16 -8
4 -16 -7
4 -16 7
4 -16 8
4 -15 -10
4 -15 -9
4 -15 9
4 -15 10
4 -14 -11
4 -14 11
4 -13 -12
4 -13 12
4 -12 -13
4 -12 13
4 -11 -14
4 -11 14
4 -10 -15
4 -10 15
4 -9 -15
4 -9 15
4 -8 -16
4 -8 16
4 -7 -16
4 -7 16
4 -6 -17
4 -6 17
4 -5 -17
4 -5 17
4 -4 -17
4 -4 17
4 -3 -17
4 -3 17
4 -2 -17
4 -2 17
4 -1 -18
4 -1 18
4 0 -18
4 0 18
4 1 -18
4 1 18
4 2 -17
4 2 17
4 3 -17
4 3 17
4 4 -17
4 4 17
4 5 -17
4 5 17
4 6 -17
4 6 17
4 7 -16
4 7 16
4 8 -16
4 8 16
4 9 -15
4 9 15
4 10 -15
4 10 15
4 11 -14
4 11 14
4 12 -13
4 12 13
4 13 -12
4 13 12
4 14 -11
4 14 11
4 15 -10
4 15 -9
4 15 9
4 15 10
4 16 -8
4 16 -7
4 16 7
4 16 8
4 17 -6
4 17 -5
4 17 -4
4 17 -3
4 17 -2
4 17 2
4 17 3
4 17 4
4 17 5
4 17 6
4 18 -1
4 18 0
4 18 1
5 -17 -5
5 -17 -4
5 -17 -3
5 -17 -2
5 -17 -1
5 -17 0
5 -17 1
5 -17 2
5 -17 3
5 -17 4
5 -17 5
5 -16 -7
5 -16 -6
5 -16 6
5 -16 7
5 -15 -9
5 -15 -8
5 -15 8
5 -15 9
5 -14 -11
5 -14 -10
5 -14 10
5 -14 11
5 -13 -12
5 -13 12
5 -12 -13
5 -12 13
5 -11 -14
5 -11 14
5 -10 -14
5 -10 14
5 -9 -15
5 -9 15
5 -8 -15
5 -8 15
5 -7 -16
5 -7 16
5 -6 -16
5 -6 16
5 -5 -17
5 -5 17
5 -4 -17
5 -4 17
5 -3 -17
5 -3 17
5 -2 -17
5 -2 17
5 -1 -17
5 -1 17
5 0 -17
5 0 17
5 1 -17
5 1 17
5 2 -17
5 2 17
5 3 -17
5 3 17
5 4 -17
5 4 17
5 5 -17
5 5 17
5 6 -16
5 6 16
5 7 -16
5 7 16
5 8 -15
5 8 15
5 9 -15
5 9 15
5 10 -14
5 10 14
5 11 -14
5 11 14
5 12 -13
5 12 13
5 13 -12
5 13 12
5 14 -11
5 14 -10
5 14 10
5 14 11
5 15 -9
5 15 -8
5 15 8
5 15 9
5 16 -7
5 16 -6
5 16 6
5 16 7
5 17 -5
5 17 -4
5 17 -3
5 17 -2
5 17 -1
5 17 0
5 17 1
5 17 2
5 17 3
5 17 4
5 17 5
6 -17 -4
6 -17 -3
6 -17 -2
6 -17 -1
6 -17 0
6 -17 1
6 -17 2
6 -17 3
6 -17 4
6 -16 -7
6 -16 -6
6 -16 -5
6 -16 5
6 -16 6
6 -16 7
6 -15 -9
6 -15 -8
6 -15 8
6 -15 9
6 -14 -10
6 -14 10
6 -13 -11
6 -13 11
6 -12 -12
6 -12 12
6 -11 -13
6 -11 13
6 -10 -14
6 -10 14
6 -9 -15
6 -9 15
6 -8 -15
6 -8 15
6 -7 -16
6 -7 16
6 -6 -16
6 -6 16
6 -5 -16
6 -5 16
6 -4 -17
6 -4 17
6 -3 -17
6 -3 17
6 -2 -17
6 -2 17
6 -1 -17
6 -1 17
6 0 -17
6 0 17
6 1 -17
6 1 17
6 2 -17
6 2 17
6 3 -17
6 3 17
6 4 -17
6 4 17
6 5 -16
6 5 16
6 6 -16
6 6 16
6 7 -16
6 7 16
6 8 -15
6 8 15
6 9 -15
6 9 15
6 10 -14
6 10 14
6 11 -13
6 11 13
6 12 -12
6 12 12
6 13 -11
6 13 11
6 14 -10
6 14 10
6 15 -9
6 15 -8
6 15 8
6 15 9
6 16 -7
6 16 -6
6 16 -5
6 16 5
6 16 6
6 16 7
6 17 -4
6 17 -3
6 17 -2
6 17 -1
6 17 0
6 17 1
6 17 2
6 17 3
6 17 4
7 -17 -2
7 -17 -1
7 -17 0
7 -17 1
7 -17 2
7 -16 -6
7 -16 -5
7 -16 -4
7 -16 -3
7 -16 3
7 -16 4
7 -16 5
7 -16 6
7 -15 -8
7 -15 -7
7 -15 7
7 -15 8
7 -14 -9
7 -14 9
7 -13 -11
7 -13 -10
7 -13 10
7 -13 11
7 -12 -12
7 -12 12
7 -11 -13
7 -11 13
7 -10 -13
7 -10 13
7 -9 -14
7 -9 14
7 -8 -15
7 -8 15
7 -7 -15
7 -7 15
7 -6 -16
7 -6 16
7 -5 -16
7 -5 16
7 -4 -16
7 -4 16
7 -3 -16
7 -3 16
7 -2 -17
7 -2 17
7 -1 -17
7 -1 17
7 0 -17
7 0 17
7 1 -17
7 1 17
7 2 -17
7 2 17
7 3 -16
7 3 16
7 4 -16
7 4 16
7 5 -16
7 5 16
7 6 -16
7 6 16
7 7 -15
7 7 15
7 8 -15
7 8 15
7 9 -14
7 9 14
7 10 -13
7 10 13
7 11 -13
7 11 13
7 12 -12
7 12 12
7 13 -11
7 13 -10
7 13 10
7 13 11
7 14 -9
7 14 9
7 15 -8
7 15 -7
7 15 7
7 15 8
7 16 -6
7 16 -5
7 16 -4
7 16 -3
7 16 3
7 16 4
7 16 5
7 16 6
7 17 -2
7 17 -1
7 17 0
7 17 1
7 17 2
8 -16 -4
8 -16 -3
8 -16 -2
8 -16 -1
8 -16 0
8 -16 1
8 -16 2
8 -16 3
8 -16 4
8 -15 -7
8 -15 -6
8 -15 -5
8 -15 5
8 -15 6
8 -15 7
8 -14 -9
8 -14 -8
8 -14 8
8 -14 9
8 -13 -10
8 -13 10
8 -12 -11
8 -12 11
8 -11 -12
8 -11 12
8 -10 -13
8 -10 13
8 -9 -14
8 -9 14
8 -8 -14
8 -8 14
8 -7 -15
8 -7 15
8 -6 -15
8 -6 15
8 -5 -15
8 -5 15
8 -4 -16
8 -4 16
8 -3 -16
8 -3 16
8 -2 -16
8 -2 16
8 -1 -16
8 -1 16
8 0 -16
8 0 16
8 1 -16
8 1 16
8 2 -16
8 2 16
8 3 -16
8 3 16
8 4 -16
8 4 16
8 5 -15
8 5 15
8 6 -15
8 6 15
8 7 -15
8 7 15
8 8 -14
8 8 14
8 9 -14
8 9 14
8 10 -13
8 10 13
8 11 -12
8 11 12
8 12 -11
8 12 11
8 13 -10
8 13 10
8 14 -9
8 14 -8
8 14 8
8 14 9
8 15 -7
8 15 -6
8 15 -5
8 15 5
8 15 6
8 15 7
8 16 -4
8 16 -3
8 16 -2
8 16 -1
8 16 0
8 16 1
8 16 2
8 16 3
8 16 4
9 -16 -2
9 -16 -1
9 -16 0
9 -16 1
9 -16 2
9 -15 -6
9 -15 -5
9 -15 -4
9 -15 -3
9 -15 3
9 -15 4
9 -15 5
9 -15 6
9 -14 -8
9 -14 -7
9 -14 7
9 -14 8
9 -13 -9
9 -13 9
9 -12 -10
9 -12 10
9 -11 -11
9 -11 11
9 -10 -12
9 -10 12
9 -9 -13
9 -9 13
9 -8 -14
9 -8 14
9 -7 -14
9 -7 14
9 -6 -15
9 -6 15
9 -5 -15
9 -5 15
9 -4 -15
9 -4 15
9 -3 -15
9 -3 15
9 -2 -16
9 -2 16
9 -1 -16
9 -1 16
9 0 -16
9 0 16
9 1 -16
9 1 16
9 2 -16
9 2 16
9 3 -15
9 3 15
9 4 -15
9 4 15
9 5 -15
9 5 15
9 6 -15
9 6 15
9 7 -14
9 7 14
9 8 -14
9 8 14
9 9 -13
9 9 13
9 10 -12
9 10 12
9 11 -11
9 11 11
9 12 -10
9 12 10
9 13 -9
9 13 9
9 14 -8
9 14 -7
9 14 7
9 14 8
9 15 -6
9 15 -5
9 15 -4
9 15 -3
9 15 3
9 15 4
9 15 5
9 15 6
9 16 -2
9 16 -1
9 16 0
9 16 1
9 16 2
10 -15 -4
10 -15 -3
10 -15 -2
10 -15 -1
10 -15 0
10 -15 1
10 -15 2
10 -15 3
10 -15 4
10 -14 -6
10 -14 -5
10 -14 5
10 -14 6
10 -13 -8
10 -13 -7
10 -13 7
10 -13 8
10 -12 -9
10 -12 9
10 -11 -11
10 -11 -10
10 -11 10
10 -11 11
10 -10 -11
10 -10 11
10 -9 -12
10 -9 12
10 -8 -13
10 -8 13
10 -7 -13
10 -7 13
10 -6 -14
10 -6 14
10 -5 -14
10 -5 14
10 -4 -15
10 -4 15
10 -3 -15
10 -3 15
10 -2 -15
10 -2 15
10 -1 -15
10 -1 15
10 0 -15
10 0 15
10 1 -15
10 1 15
10 2 -15
10 2 15
10 3 -15
10 3 15
10 4 -15
10 4 15
10 5 -14
10 5 14
10 6 -14
10 6 14
10 7 -13
10 7 13
10 8 -13
10 8 13
10 9 -12
10 9 12
10 10 -11
10 10 11
10 11 -11
10 11 -10
10 11 10
10 11 11
10 12 -9
10 12 9
10 13 -8
10 13 -7
10 13 7
10 13 8
10 14 -6
10 14 -5
10 14 5
10 14 6
10 15 -4
10 15 -3
10 15 -2
10 15 -1
10 15 0
10 15 1
10 15 2
10 15 3
10 15 4
11 -14 -5
11 -14 -4
11 -14 -3
11 -14 -2
11 -14 -1
11 -14 0
11 -14 1
11 -14 2
11 -14 3
11 -14 4
11 -14 5
11 -13 -7
11 -13 -6
11 -13 6
11 -13 7
11 -12 -8
11 -12 8
11 -11 -10
11 -11 -9
11 -11 9
11 -11 10
11 -10 -11
11 -10 -10
11 -10 10
11 -10 11
11 -9 -11
11 -9 11
11 -8 -12
11 -8 12
11 -7 -13
11 -7 13
11 -6 -13
11 -6 13
11 -5 -14
11 -5 14
11 -4 -14
11 -4 14
11 -3 -14
11 -3 14
11 -2 -14
11 -2 14
11 -1 -14
11 -1 14
11 0 -14
11 0 14
11 1 -14
11 1 14
11 2 -14
11 2 14
11 3 -14
11 3 14
11 4 -14
11 4 14
11 5 -14
11 5 14
11 6 -13
11 6 13
11 7 -13
11 7 13
11 8 -12
11 8 12
11 9 -11
11 9 11
11 10 -11
11 10 -10
11 10 10
11 10 11
11 11 -10
11 11 -9
11 11 9
11 11 10
11 12 -8
11 12 8
11 13 -7
11 13 -6
11 13 6
11 13 7
11 14 -5
11 14 -4
11 14 -3
11 14 -2
11 14 -1
11 14 0
11 14 1
11 14 2
11 14 3
11 14 4
11 14 5
12 -14 -1
12 -14 0
12 -14 1
12 -13 -5
12 -13 -4
12 -13 -3
12 -13 -2
12 -13 2
12 -13 3
12 -13 4
12 -13 5
12 -12 -7
12 -12 -6
12 -12 6
12 -12 7
12 -11 -8
12 -11 8
12 -10 -9
12 -10 9
12 -9 -10
12 -9 10
12 -8 -11
12 -8 11
12 -7 -12
12 -7 12
12 -6 -12
12 -6 12
12 -5 -13
12 -5 13
12 -4 -13
12 -4 13
12 -3 -13
12 -3 13
12 -2 -13
12 -2 13
12 -1 -14
12 -1 14
12 0 -14
12 0 14
12 1 -14
12 1 14
12 2 -13
12 2 13
12 3 -13
12 3 13
12 4 -13
12 4 13
12 5 -13
12 5 13
12 6 -12
12 6 12
12 7 -12
12 7 12
12 8 -11
12 8 11
12 9 -10
12 9 10
12 10 -9
12 10 9
12 11 -8
12 11 8
12 12 -7
12 12 -6
12 12 6
12 12 7
12 13 -5
12 13 -4
12 13 -3
12 13 -2
12 13 2
12 13 3
12 13 4
12 13 5
12 14 -1
12 14 0
12 14 1
13 -13 -2
13 -13 -1
13 -13 0
13 -13 1
13 -13 2
13 -12 -5
13 -12 -4
13 -12 -3
13 -12 -2
13 -12 2
13 -12 3
13 -12 4
13 -12 5
13 -11 -7
13 -11 -6
13 -11 6
13 -11 7
13 -10 -8
13 -10 -7
13 -10 7
13 -10 8
13 -9 -9
13 -9 9
13 -8 -10
13 -8 10
13 -7 -11
13 -7 -10
13 -7 10
13 -7 11
13 -6 -11
13 -6 11
13 -5 -12
13 -5 12
13 -4 -12
13 -4 12
13 -3 -12
13 -3 12
13 -2 -13
13 -2 -12
13 -2 12
13 -2 13
13 -1 -13
13 -1 13
13 0 -13
13 0 13
13 1 -13
13 1 13
13 2 -13
13 2 -12
13 2 12
13 2 13
13 3 -12
13 3 12
13 4 -12
13 4 12
13 5 -12
13 5 12
13 6 -11
13 6 11
13 7 -11
13 7 -10
13 7 10
13 7 11
13 8 -10
13 8 10
13 9 -9
13 9 9
13 10 -8
13 10 -7
13 10 7
13 10 8
13 11 -7
13 11 -6
13 11 6
13 11 7
13 12 -5
13 12 -4
13 12 -3
13 12 -2
13 12 2
13 12 3
13 12 4
13 12 5
13 13 -2
13 13 -1
13 13 0
13 13 1
13 13 2
14 -12 -1
14 -12 0
14 -12 1
14 -11 -5
14 -11 -4
14 -11 -3
14 -11 -2
14 -11 -1
14 -11 0
14 -11 1
14 -11 2
14 -11 3
14 -11 4
14 -11 5
14 -10 -6
14 -10 -5
14 -10 5
14 -10 6
14 -9 -8
14 -9 -7
14 -9 7
14 -9 8
14 -8 -9
14 -8 -8
14 -8 8
14 -8 9
14 -7 -9
14 -7 9
14 -6 -10
14 -6 10
14 -5 -11
14 -5 -10
14 -5 10
14 -5 11
14 -4 -11
14 -4 11
14 -3 -11
14 -3 11
14 -2 -11
14 -2 11
14 -1 -12
14 -1 -11
14 -1 11
14 -1 12
14 0 -12
14 0 -11
14 0 11
14 0 12
14 1 -12
14 1 -11
14 1 11
14 1 12
14 2 -11
14 2 11
14 3 -11
14 3 11
14 4 -11
14 4 11
14 5 -11
14 5 -10
14 5 10
14 5 11
14 6 -10
14 6 10
14 7 -9
14 7 9
14 8 -9
14 8 -8
14 8 8
14 8 9
14 9 -8
14 9 -7
14 9 7
14 9 8
14 10 -6
14 10 -5
14 10 5
14 10 6
14 11 -5
14 11 -4
14 11 -3
14 11 -2
14 11 -1
14 11 0
14 11 1
14 11 2
14 11 3
14 11 4
14 11 5
14 12 -1
14 12 0
14 12 1
15 -10 -4
15 -10 -3
15 -10 -2
15 -10 -1
15 -10 0
15 -10 1
15 -10 2
15 -10 3
15 -10 4
15 -9 -6
15 -9 -5
15 -9 -4
15 -9 -3
15 -9 3
15 -9 4
15 -9 5
15 -9 6
15 -8 -7
15 -8 -6
15 -8 -5
15 -8 5
15 -8 6
15 -8 7
15 -7 -8
15 -7 -7
15 -7 7
15 -7 8
15 -6 -9
15 -6 -8
15 -6 8
15 -6 9
15 -5 -9
15 -5 -8
15 -5 8
15 -5 9
15 -4 -10
15 -4 -9
15 -4 9
15 -4 10
15 -3 -10
15 -3 -9
15 -3 9
15 -3 10
15 -2 -10
15 -2 10
15 -1 -10
15 -1 10
15 0 -10
15 0 10
15 1 -10
15 1 10
15 2 -10
15 2 10
15 3 -10
15 3 -9
15 3 9
15 3 10
15 4 -10
15 4 -9
15 4 9
15 4 10
15 5 -9
15 5 -8
15 5 8
15 5 9
15 6 -9
15 6 -8
15 6 8
15 6 9
15 7 -8
15 7 -7
15 7 7
15 7 8
15 8 -7
15 8 -6
15 8 -5
15 8 5
15 8 6
15 8 7
15 9 -6
15 9 -5
15 9 -4
15 9 -3
15 9 3
15 9 4
15 9 5
15 9 6
15 10 -4
15 10 -3
15 10 -2
15 10 -1
15 10 0
15 10 1
15 10 2
15 10 3
15 10 4
16 -9 -2
16 -9 -1
16 -9 0
16 -9 1
16 -9 2
16 -8 -4
16 -8 -3
16 -8 -2
16 -8 -1
16 -8 0
16 -8 1
16 -8 2
16 -8 3
16 -8 4
16 -7 -6
16 -7 -5
16 -7 -4
16 -7 -3
16 -7 3
16 -7 4
16 -7 5
16 -7 6
16 -6 -7
16 -6 -6
16 -6 -5
16 -6 5
16 -6 6
16 -6 7
16 -5 -7
16 -5 -6
16 -5 6
16 -5 7
16 -4 -8
16 -4 -7
16 -4 7
16 -4 8
16 -3 -8
16 -3 -7
16 -3 7
16 -3 8
16 -2 -9
16 -2 -8
16 -2 8
16 -2 9
16 -1 -9
16 -1 -8
16 -1 8
16 -1 9
16 0 -9
16 0 -8
16 0 8
16 0 9
16 1 -9
16 1 -8
16 1 8
16 1 9
16 2 -9
16 2 -8
16 2 8
16 2 9
16 3 -8
16 3 -7
16 3 7
16 3 8
16 4 -8
16 4 -7
16 4 7
16 4 8
16 5 -7
16 5 -6
16 5 6
16 5 7
16 6 -7
16 6 -6
16 6 -5
16 6 5
16 6 6
16 6 7
16 7 -6
16 7 -5
16 7 -4
16 7 -3
16 7 3
16 7 4
16 7 5
16 7 6
16 8 -4
16 8 -3
16 8 -2
16 8 -1
16 8 0
16 8 1
16 8 2
16 8 3
16 8 4
16 9 -2
16 9 -1
16 9 0
16 9 1
16 9 2
17 -7 -2
17 -7 -1
17 -7 0
17 -7 1
17 -7 2
17 -6 -4
17 -6 -3
17 -6 -2
17 -6 -1
17 -6 0
17 -6 1
17 -6 2
17 -6 3
17 -6 4
17 -5 -5
17 -5 -4
17 -5 -3
17 -5 -2
17 -5 -1
17 -5 0
17 -5 1
17 -5 2
17 -5 3
17 -5 4
17 -5 5
17 -4 -6
17 -4 -5
17 -4 -4
17 -4 -3
17 -4 -2
17 -4 2
17 -4 3
17 -4 4
17 -4 5
17 -4 6
17 -3 -6
17 -3 -5
17 -3 -4
17 -3 4
17 -3 5
17 -3 6
17 -2 -7
17 -2 -6
17 -2 -5
17 -2 -4
17 -2 4
17 -2 5
17 -2 6
17 -2 7
17 -1 -7
17 -1 -6
17 -1 -5
17 -1 5
17 -1 6
17 -1 7
17 0 -7
17 0 -6
17 0 -5
17 0 5
17 0 6
17 0 7
17 1 -7
17 1 -6
17 1 -5
17 1 5
17 1 6
17 1 7
17 2 -7
17 2 -6
17 2 -5
17 2 -4
17 2 4
17 2 5
17 2 6
17 2 7
17 3 -6
17 3 -5
17 3 -4
17 3 4
17 3 5
17 3 6
17 4 -6
17 4 -5
17 4 -4
17 4 -3
17 4 -2
17 4 2
17 4 3
17 4 4
17 4 5
17 4 6
17 5 -5
17 5 -4
17 5 -3
17 5 -2
17 5 -1
17 5 0
17 5 1
17 5 2
17 5 3
17 5 4
17 5 5
17 6 -4
17 6 -3
17 6 -2
17 6 -1
17 6 0
17 6 1
17 6 2
17 6 3
17 6 4
17 7 -2
17 7 -1
17 7 0
17 7 1
17 7 2
18 -4 -1
18 -4 0
18 -4 1
18 -3 -3
18 -3 -2
18 -3 -1
18 -3 0
18 -3 1
18 -3 2
18 -3 3
18 -2 -3
18 -2 -2
18 -2 -1
18 -2 0
18 -2 1
18 -2 2
18 -2 3
18 -1 -4
18 -1 -3
18 -1 -2
18 -1 -1
18 -1 0
18 -1 1
18 -1 2
18 -1 3
18 -1 4
18 0 -4
18 0 -3
18 0 -2
18 0 -1
18 0 0
18 0 1
18 0 2
18 0 3
18 0 4
18 1 -4
18 1 -3
18 1 -2
18 1 -1
18 1 0
18 1 1
18 1 2
18 1 3
18 1 4
18 2 -3
18 2 -2
18 2 -1
18 2 0
18 2 1
18 2 2
18 2 3
18 3 -3
18 3 -2
18 3 -1
18 3 0
18 3 1
18 3 2
18 3 3
18 4 -1
18 4 0
18 4 1
